NUMBER_OF_POINTS=10000
DIMENSION=1
TYPE=Scalar
0
0.00245963
0.0105221
0.0262471
0.0525213
0.0920328
0.146014
0.213158
0.289209
0.367577
0.440907
0.503066
0.550796
0.584401
0.607275
0.62461
0.641849
0.663466
0.692285
0.729305
0.773814
0.823649
0.875571
0.925799
0.970675
1.00738
1.03457
1.05263
1.06358
1.07056
1.07699
1.08575
1.09857
1.11563
1.13564
1.15609
1.17381
1.18552
1.18843
1.18066
1.16144
1.13112
1.09089
1.04251
0.987877
0.928794
0.866763
0.802965
0.73832
0.673588
0.609471
0.546755
0.486504
0.430291
0.380288
0.338988
0.308517
0.289946
0.283203
0.28742
0.300795
0.320039
0.340497
0.357311
0.366819
0.367353
0.35925
0.344283
0.324879
0.303469
0.282137
0.262547
0.246036
0.233677
0.226163
0.22356
0.225152
0.229633
0.235572
0.241844
0.247799
0.253199
0.258073
0.262597
0.26695
0.271062
0.274318
0.275376
0.272277
0.262889
0.245577
0.219864
0.186799
0.148894
0.109634
0.0727619
0.0415695
0.0184139
0.00451234
0
0
0.00245645
0.0104722
0.0259991
0.0517619
0.0902826
0.142705
0.207791
0.281536
0.357742
0.429468
0.490887
0.538852
0.573569
0.59819
0.617615
0.63704
0.660787
0.691641
0.730649
0.777208
0.829285
0.883763
0.936946
0.985231
1.02583
1.05742
1.08042
1.09686
1.10985
1.12269
1.13802
1.15715
1.17968
1.20363
1.22583
1.24258
1.25035
1.24651
1.22971
1.20006
1.15889
1.10837
1.051
0.989177
0.924843
0.859347
0.793432
0.727338
0.661001
0.594328
0.527546
0.46159
0.39842
0.341048
0.293028
0.257304
0.235043
0.225659
0.228071
0.241139
0.262516
0.287927
0.312163
0.330716
0.340851
0.341827
0.334541
0.320931
0.303404
0.284443
0.266394
0.251339
0.240922
0.236048
0.236579
0.241356
0.248645
0.256763
0.264504
0.271232
0.276749
0.2811
0.284428
0.286831
0.28819
0.287977
0.285136
0.278164
0.265423
0.245654
0.21852
0.184965
0.14722
0.108437
0.0720761
0.0412677
0.018325
0.00450164
0
0
0.0024538
0.010423
0.0257432
0.0509637
0.0884244
0.139163
0.201985
0.273115
0.346714
0.416229
0.476136
0.52342
0.558237
0.583566
0.604088
0.624825
0.650001
0.682396
0.723119
0.771661
0.826069
0.883252
0.939457
0.990938
1.03472
1.06928
1.09488
1.11348
1.12815
1.14216
1.15811
1.17717
1.19875
1.2206
1.23927
1.25091
1.25204
1.24031
1.21493
1.17674
1.12788
1.07122
1.00972
0.945911
0.88154
0.817475
0.753768
0.689878
0.624995
0.558472
0.490317
0.421651
0.355002
0.294211
0.243694
0.206877
0.184489
0.174731
0.175855
0.187495
0.208694
0.235972
0.264119
0.28816
0.304663
0.312131
0.310817
0.302303
0.289016
0.273812
0.259639
0.249222
0.244621
0.246681
0.254681
0.266593
0.279877
0.292304
0.302423
0.309622
0.31393
0.315717
0.315437
0.313433
0.309793
0.304238
0.296076
0.284259
0.267597
0.245125
0.216555
0.18263
0.145215
0.107061
0.0713167
0.0409461
0.0182343
0.0044913
0
0
0.00245174
0.0103753
0.0254836
0.0501393
0.0864876
0.135447
0.195853
0.264137
0.334801
0.401661
0.459482
0.50538
0.539477
0.564609
0.585284
0.60639
0.632089
0.665159
0.706752
0.756398
0.812146
0.870841
0.928578
0.981374
1.02597
1.06058
1.08523
1.10177
1.11323
1.12296
1.1337
1.14679
1.16187
1.1769
1.18871
1.19365
1.1885
1.17116
1.14111
1.09949
1.04876
0.992047
0.932449
0.872387
0.813249
0.755305
0.697887
0.63976
0.579616
0.516632
0.451001
0.38432
0.319685
0.261357
0.213795
0.179996
0.159963
0.151441
0.152811
0.164066
0.184413
0.210461
0.237247
0.260125
0.275897
0.283158
0.282177
0.274571
0.262889
0.250224
0.2399
0.235117
0.238289
0.25009
0.26892
0.291444
0.31385
0.332968
0.346863
0.354905
0.357474
0.355508
0.350076
0.342066
0.332024
0.320083
0.305971
0.289057
0.268499
0.24352
0.213783
0.179758
0.142898
0.105535
0.070502
0.0406126
0.018144
0.00448153
0
0
0.00245033
0.0103301
0.0252248
0.0493023
0.0845051
0.131626
0.189528
0.254847
0.322422
0.386438
0.441938
0.486159
0.519176
0.543667
0.563964
0.584825
0.610355
0.643339
0.684956
0.734755
0.790774
0.849783
0.907725
0.960385
1.00421
1.0371
1.05882
1.07105
1.07678
1.07952
1.08229
1.08691
1.0936
1.10095
1.10639
1.10676
1.09913
1.08144
1.05304
1.01476
0.968737
0.91778
0.864708
0.81168
0.759771
0.708888
0.657993
0.605588
0.55033
0.491653
0.430244
0.368244
0.309052
0.256688
0.214737
0.185189
0.168013
0.162161
0.166748
0.180579
0.20092
0.223604
0.244271
0.259503
0.26738
0.26758
0.26116
0.250159
0.237152
0.224948
0.216609
0.215546
0.224862
0.245573
0.275336
0.30926
0.341877
0.368739
0.387208
0.396537
0.397469
0.391598
0.380743
0.366496
0.349998
0.33188
0.312285
0.290928
0.267199
0.240394
0.210054
0.176345
0.140314
0.1039
0.0696569
0.0402769
0.0180562
0.00447256
0
0
0.00244958
0.0102882
0.0249713
0.0484671
0.0825131
0.127778
0.183163
0.245524
0.31006
0.371344
0.424712
0.46751
0.49973
0.523841
0.543937
0.564591
0.589828
0.622437
0.663661
0.71314
0.769
0.828074
0.8863
0.939354
0.98345
1.01613
1.03677
1.04669
1.04872
1.04642
1.04315
1.04134
1.04193
1.04433
1.04665
1.04624
1.04041
1.02704
1.00511
0.974861
0.937666
0.895582
0.850751
0.804822
0.758561
0.711773
0.663531
0.612667
0.558393
0.50086
0.441503
0.38302
0.32895
0.282887
0.247589
0.224401
0.213353
0.213564
0.22321
0.239177
0.257283
0.273194
0.283434
0.286054
0.280868
0.269291
0.253853
0.237439
0.222488
0.210663
0.203521
0.203799
0.21541
0.240666
0.277357
0.319412
0.35978
0.392712
0.414798
0.425081
0.424557
0.415365
0.399989
0.380665
0.359083
0.33631
0.312819
0.288549
0.263008
0.235474
0.205329
0.172453
0.137543
0.102216
0.0688118
0.0399503
0.0179736
0.00446459
0
0
0.00244952
0.0102503
0.0247274
0.047649
0.0805502
0.123987
0.176917
0.236451
0.298191
0.357143
0.408969
0.451126
0.483483
0.508214
0.529063
0.550318
0.575849
0.608444
0.649473
0.698802
0.75485
0.81476
0.87473
0.930558
0.978354
1.01528
1.04015
1.05358
1.05782
1.05617
1.05208
1.04843
1.04682
1.04731
1.04859
1.04843
1.04441
1.03455
1.01776
0.994013
0.964169
0.929596
0.891649
0.851236
0.808582
0.763254
0.714467
0.661561
0.604535
0.544456
0.483624
0.425367
0.373481
0.331405
0.301443
0.284382
0.279622
0.285373
0.298616
0.315166
0.330264
0.339541
0.339951
0.330375
0.311815
0.287199
0.260765
0.236954
0.218941
0.207689
0.202884
0.205407
0.218419
0.244704
0.282788
0.326712
0.368973
0.403236
0.425668
0.435162
0.432819
0.421067
0.402757
0.380487
0.356248
0.331329
0.306344
0.281303
0.255714
0.228783
0.199736
0.168227
0.1347
0.100554
0.0680016
0.039645
0.0178987
0.00445778
0
0
0.00245013
0.010217
0.0244975
0.0468633
0.0786553
0.120333
0.170938
0.227876
0.287205
0.344424
0.395563
0.438207
0.472066
0.498935
0.522085
0.545391
0.57247
0.606064
0.647696
0.697556
0.754513
0.816242
0.879455
0.940321
0.995037
1.04047
1.07475
1.09756
1.1102
1.11517
1.11552
1.11405
1.11253
1.11134
1.10951
1.10525
1.0967
1.08253
1.06239
1.0368
1.00695
0.974107
0.939154
0.90227
0.86288
0.819912
0.772242
0.719219
0.661126
0.599465
0.536993
0.477433
0.424865
0.38288
0.353749
0.338008
0.33462
0.34135
0.354916
0.37109
0.385144
0.392667
0.390443
0.377104
0.353434
0.322312
0.288311
0.256859
0.232825
0.218896
0.215236
0.221268
0.23739
0.264044
0.299339
0.33842
0.375087
0.403895
0.421495
0.426996
0.421569
0.407634
0.387992
0.365169
0.341066
0.316864
0.29306
0.26955
0.245736
0.220717
0.193601
0.163905
0.131939
0.0989991
0.0672638
0.0393732
0.0178339
0.00445226
0
0
0.00245137
0.0101888
0.024286
0.0461251
0.076866
0.116891
0.165351
0.219985
0.27735
0.333486
0.384842
0.42915
0.465959
0.496636
0.523906
0.551125
0.581545
0.617736
0.661261
0.712539
0.770855
0.834445
0.900657
0.966238
1.02774
1.08202
1.12677
1.16087
1.18452
1.19909
1.20654
1.20878
1.20697
1.2012
1.19068
1.17428
1.15124
1.12173
1.08701
1.04915
1.01047
0.972878
0.937271
0.9033
0.869504
0.833788
0.794054
0.748811
0.697638
0.641449
0.582528
0.524326
0.470949
0.426355
0.393406
0.373187
0.365001
0.36692
0.376293
0.389882
0.40393
0.414524
0.418239
0.412807
0.397613
0.373918
0.344783
0.314663
0.2886
0.270999
0.264425
0.269216
0.284091
0.306757
0.333964
0.361597
0.385344
0.401695
0.408712
0.40626
0.395699
0.37924
0.359255
0.337756
0.316133
0.2951
0.274763
0.254717
0.234156
0.212057
0.187451
0.159816
0.129442
0.0976407
0.0666352
0.0391463
0.0177811
0.00444811
0
0
0.0024532
0.0101662
0.0240964
0.0454483
0.0752157
0.113722
0.160247
0.212881
0.268701
0.324314
0.376616
0.423537
0.464507
0.500514
0.533748
0.566998
0.602993
0.643875
0.690906
0.744392
0.803744
0.867591
0.933917
1.00024
1.06386
1.12218
1.17304
1.21499
1.24739
1.27031
1.28416
1.28921
1.28532
1.27185
1.24805
1.21364
1.16945
1.1177
1.06187
1.00612
0.954417
0.909689
0.87317
0.844204
0.820523
0.79887
0.775772
0.748217
0.714168
0.672912
0.625255
0.573539
0.521393
0.473131
0.432807
0.403166
0.384991
0.377333
0.378358
0.386045
0.398273
0.412566
0.426042
0.435762
0.439348
0.43562
0.425
0.409564
0.392649
0.378045
0.368943
0.366968
0.371751
0.381185
0.392147
0.401328
0.405977
0.404426
0.396318
0.382502
0.364634
0.34466
0.324327
0.304868
0.286873
0.270325
0.254721
0.239195
0.222649
0.203907
0.181968
0.156346
0.12741
0.0965693
0.0661502
0.0389739
0.0177418
0.00444533
0
0
0.00245554
0.0101492
0.0239319
0.0448446
0.0737321
0.110872
0.155682
0.206592
0.261188
0.316638
0.370309
0.420399
0.466355
0.50894
0.549922
0.591496
0.635643
0.683661
0.735984
0.792271
0.851625
0.912817
0.974444
1.03504
1.09312
1.14729
1.19624
1.23882
1.27397
1.30066
1.31776
1.32391
1.31763
1.2975
1.26275
1.2138
1.15275
1.08352
1.01139
0.942267
0.881514
0.832973
0.798289
0.776768
0.765725
0.761145
0.758421
0.753029
0.741092
0.719865
0.688145
0.646557
0.597612
0.545444
0.495155
0.451759
0.418937
0.39813
0.388672
0.388912
0.397338
0.412744
0.433564
0.457272
0.480515
0.499936
0.513136
0.51927
0.519078
0.514384
0.5073
0.499429
0.491352
0.482575
0.471899
0.458026
0.440138
0.418245
0.393229
0.366618
0.340196
0.315592
0.293958
0.275783
0.260872
0.248447
0.237324
0.226095
0.213299
0.197582
0.177918
0.153902
0.126036
0.0958656
0.0658368
0.0388632
0.0177171
0.0044439
0
0
0.00245832
0.0101381
0.023795
0.0443233
0.0724355
0.108373
0.151677
0.201091
0.254661
0.310081
0.36521
0.418626
0.469996
0.520105
0.570464
0.622641
0.67759
0.735286
0.794777
0.854547
0.912972
0.968719
1.02098
1.06952
1.11452
1.1563
1.19495
1.23008
1.26067
1.28514
1.30152
1.30766
1.30151
1.28144
1.24671
1.19792
1.13737
1.06904
0.998219
0.930748
0.872001
0.826005
0.794838
0.778431
0.774732
0.780123
0.789982
0.799288
0.803221
0.797725
0.780011
0.748974
0.705461
0.652338
0.594293
0.537285
0.487545
0.45013
0.427504
0.419239
0.423303
0.437747
0.461144
0.491768
0.526745
0.562171
0.594031
0.619173
0.635788
0.643318
0.642018
0.632471
0.615304
0.591159
0.560845
0.525509
0.48669
0.446225
0.406053
0.367995
0.333584
0.30394
0.279675
0.260809
0.24672
0.236177
0.227506
0.218832
0.208323
0.194415
0.176037
0.152853
0.125483
0.0955917
0.0657139
0.0388181
0.0177068
0.00444368
0
0
0.00246144
0.0101326
0.0236872
0.0438907
0.0713392
0.106239
0.148234
0.196328
0.24896
0.3043
0.360718
0.417293
0.474142
0.532322
0.593245
0.657814
0.725728
0.795308
0.863868
0.928394
0.986262
1.03581
1.07671
1.10996
1.13755
1.16174
1.18423
1.20559
1.2252
1.2416
1.25305
1.25788
1.25471
1.24252
1.22078
1.18969
1.15029
1.10463
1.05562
1.00675
0.961644
0.923524
0.894708
0.876198
0.867496
0.866705
0.870881
0.876482
0.879809
0.877363
0.866162
0.844054
0.810054
0.7647
0.710348
0.651286
0.593473
0.543617
0.507493
0.488048
0.48473
0.494827
0.515484
0.544497
0.579738
0.618397
0.656897
0.691451
0.718693
0.736038
0.741736
0.734833
0.715206
0.683682
0.642142
0.593425
0.540955
0.48816
0.437909
0.392182
0.352081
0.318069
0.290225
0.268335
0.251799
0.239483
0.229711
0.220451
0.20964
0.195516
0.176907
0.153467
0.125858
0.095782
0.0657888
0.0388386
0.0177104
0.00444449
0
0
0.0024648
0.0101326
0.0236088
0.0435497
0.0704491
0.104475
0.145346
0.192262
0.243986
0.299105
0.356498
0.415837
0.477846
0.544023
0.615773
0.693343
0.775152
0.857874
0.937131
1.00845
1.06815
1.1141
1.14612
1.16607
1.17732
1.18368
1.18825
1.19256
1.19664
1.1998
1.20137
1.20119
1.19946
1.19637
1.19178
1.18516
1.17566
1.16246
1.14501
1.12334
1.09808
1.07041
1.04173
1.01343
0.986622
0.962121
0.940426
0.921732
0.905839
0.89199
0.878733
0.863943
0.845099
0.819868
0.786895
0.746615
0.701754
0.657209
0.618982
0.592266
0.579538
0.580032
0.591069
0.609912
0.634654
0.663851
0.695719
0.727657
0.756343
0.778189
0.789872
0.788816
0.773621
0.744405
0.702956
0.652544
0.597331
0.541498
0.488396
0.440065
0.397297
0.360098
0.328208
0.30137
0.279279
0.261324
0.246358
0.23269
0.218347
0.20149
0.180813
0.155857
0.127192
0.0964368
0.066056
0.0389206
0.0177262
0.0044461
0
0
0.00246829
0.0101374
0.0235593
0.0433002
0.0697652
0.10308
0.143003
0.188883
0.23973
0.294492
0.352522
0.414078
0.480503
0.55374
0.635214
0.724623
0.819367
0.914876
1.00555
1.08584
1.15128
1.19921
1.22927
1.24342
1.24539
1.23953
1.22948
1.21742
1.2042
1.19024
1.17639
1.16429
1.15588
1.15277
1.15559
1.16373
1.17535
1.18765
1.19719
1.20032
1.19375
1.17514
1.14365
1.10016
1.04725
0.988896
0.929932
0.875415
0.829862
0.796484
0.776533
0.768926
0.77035
0.775893
0.780186
0.77878
0.769387
0.752531
0.731313
0.71021
0.693314
0.682872
0.67899
0.68059
0.68673
0.697223
0.71224
0.731338
0.752691
0.773051
0.788371
0.794734
0.789242
0.770657
0.739706
0.698914
0.651962
0.602715
0.554277
0.508467
0.465913
0.426566
0.390262
0.357024
0.327038
0.300402
0.276792
0.255258
0.234301
0.212231
0.187662
0.159943
0.129425
0.0975194
0.0664961
0.0390561
0.017752
0.00444821
0
0
0.00247181
0.0101466
0.0235372
0.0431395
0.0692825
0.102046
0.141205
0.186211
0.236271
0.290629
0.349026
0.41218
0.481877
0.560338
0.648968
0.747133
0.851713
0.957589
1.05868
1.14908
1.22398
1.28037
1.31745
1.33659
1.34076
1.33347
1.31778
1.29571
1.26861
1.23786
1.20564
1.17495
1.14914
1.13123
1.12329
1.12601
1.13844
1.15769
1.17882
1.19517
1.19956
1.18585
1.15051
1.09347
1.01817
0.930991
0.840199
0.754796
0.683329
0.632764
0.607458
0.608273
0.632117
0.672305
0.719909
0.7657
0.802093
0.82454
0.832055
0.826761
0.812658
0.79406
0.774363
0.755662
0.739276
0.7266
0.719457
0.719531
0.727223
0.740792
0.756507
0.769674
0.775973
0.772517
0.758415
0.734705
0.703737
0.668197
0.630226
0.591018
0.551003
0.510341
0.46936
0.428722
0.389338
0.352122
0.317661
0.285914
0.256097
0.226899
0.196965
0.16545
0.132413
0.0989582
0.0670777
0.0392336
0.0177847
0.00445047
0
0
0.00247525
0.0101593
0.0235403
0.0430624
0.0689922
0.101364
0.139954
0.184291
0.233743
0.287783
0.346418
0.410591
0.482209
0.563472
0.655673
0.758092
0.867673
0.979533
1.08796
1.1874
1.27332
1.34267
1.39419
1.42826
1.44639
1.45044
1.44199
1.42215
1.39198
1.35306
1.3079
1.25999
1.21344
1.17249
1.14101
1.12196
1.11672
1.12418
1.13991
1.15626
1.1638
1.15379
1.12044
1.06219
0.981898
0.886021
0.783472
0.684453
0.59957
0.539119
0.511764
0.5217
0.565903
0.634831
0.715841
0.796267
0.865405
0.915823
0.94403
0.950387
0.938272
0.912733
0.879043
0.841673
0.804038
0.769005
0.739571
0.718946
0.709648
0.712113
0.72394
0.740492
0.756446
0.767376
0.770688
0.765733
0.753195
0.73415
0.709313
0.678875
0.642861
0.601628
0.556128
0.507852
0.458596
0.410167
0.364067
0.321157
0.281435
0.244089
0.207921
0.171949
0.135939
0.100653
0.0677588
0.0394386
0.0178208
0.00445253
0
0
0.00247853
0.0101749
0.0235657
0.0430619
0.0688825
0.101021
0.139252
0.18317
0.232282
0.286237
0.34516
0.409961
0.482301
0.564022
0.656158
0.75808
0.86725
0.979664
1.09065
1.19566
1.29089
1.37358
1.44218
1.49611
1.53543
1.56037
1.57101
1.56734
1.54954
1.51846
1.47587
1.42467
1.36888
1.31349
1.26392
1.22527
1.20135
1.19339
1.19893
1.21156
1.22213
1.22122
1.20157
1.15961
1.09574
1.01386
0.920634
0.824992
0.738072
0.672913
0.642263
0.653154
0.702064
0.776727
0.862137
0.944723
1.01395
1.06285
1.08822
1.09031
1.07214
1.0384
0.99421
0.944172
0.891987
0.840807
0.793944
0.755284
0.728786
0.717029
0.71971
0.733345
0.752543
0.77193
0.787568
0.79732
0.800299
0.795945
0.783413
0.761673
0.730094
0.688997
0.639796
0.584734
0.526461
0.467639
0.410603
0.357026
0.307627
0.262124
0.219561
0.178921
0.139744
0.102483
0.0684904
0.0396542
0.0178563
0.00445399
0
0
0.00248156
0.0101924
0.02361
0.0431299
0.068939
0.101
0.139092
0.182875
0.231983
0.286191
0.345634
0.410984
0.483396
0.564089
0.653695
0.751685
0.856221
0.96445
1.07304
1.17872
1.27861
1.37046
1.45266
1.52411
1.58409
1.63195
1.66705
1.68865
1.69613
1.68913
1.66795
1.63404
1.59043
1.54193
1.49463
1.45499
1.42843
1.41785
1.42253
1.43782
1.45614
1.46897
1.46885
1.4509
1.4133
1.35737
1.28739
1.21054
1.13666
1.07715
1.04233
1.03749
1.06025
1.10167
1.15004
1.19457
1.22738
1.24402
1.2432
1.22614
1.19564
1.1551
1.10765
1.05565
1.00078
0.944712
0.889881
0.839946
0.799438
0.772485
0.761086
0.764008
0.77722
0.795586
0.814579
0.831035
0.8428
0.847905
0.844089
0.8291
0.801479
0.76121
0.709819
0.649983
0.584947
0.518021
0.452193
0.389775
0.332089
0.279348
0.230904
0.185826
0.143553
0.104323
0.0692203
0.0398631
0.0178872
0.00445449
0
0
0.00248428
0.010211
0.0236699
0.0432572
0.0691448
0.101279
0.139453
0.183394
0.232853
0.287694
0.348006
0.414155
0.486728
0.566278
0.65297
0.746278
0.844902
0.946924
1.05009
1.15212
1.25091
1.34467
1.43204
1.51208
1.58427
1.64827
1.70379
1.75027
1.78681
1.81218
1.82527
1.82577
1.81499
1.79623
1.77455
1.75581
1.74526
1.74603
1.75823
1.77879
1.8024
1.82295
1.83495
1.83459
1.82008
1.79177
1.75202
1.70493
1.65581
1.6102
1.57235
1.54387
1.52324
1.50652
1.489
1.4668
1.43789
1.40229
1.36171
1.31873
1.27583
1.23443
1.19436
1.15402
1.11124
1.06454
1.01424
0.962823
0.914598
0.874537
0.846646
0.832502
0.830772
0.83805
0.850362
0.864193
0.876541
0.884373
0.884319
0.873096
0.8484
0.809636
0.758052
0.696312
0.627844
0.556254
0.484887
0.416463
0.352746
0.294389
0.241104
0.192181
0.147113
0.10605
0.0698968
0.0400475
0.0179095
0.00445368
0
0
0.00248664
0.0102303
0.0237421
0.0434347
0.0694816
0.101828
0.140291
0.184663
0.23479
0.2906
0.352123
0.419492
0.49288
0.572382
0.657831
0.748626
0.843643
0.941267
1.03953
1.13635
1.22976
1.31823
1.40087
1.47757
1.5489
1.61591
1.67959
1.74049
1.79833
1.85203
1.90002
1.94093
1.97425
2.00071
2.0222
2.04112
2.0596
2.07866
2.09791
2.11583
2.13031
2.13947
2.14214
2.13802
2.12753
2.11153
2.09098
2.06662
2.03869
2.00673
1.96949
1.92521
1.87216
1.80935
1.73717
1.65763
1.57432
1.49198
1.41586
1.35078
1.29993
1.2637
1.2391
1.22048
1.20118
1.17567
1.14108
1.09782
1.04924
1.0006
0.957435
0.923976
0.902073
0.891096
0.888749
0.892036
0.897671
0.90198
0.900867
0.89033
0.867354
0.830668
0.780932
0.720376
0.652163
0.579781
0.506586
0.435431
0.368344
0.306347
0.249559
0.197613
0.15021
0.107555
0.0704723
0.040191
0.0179194
0.00445125
0
0
0.00248864
0.0102494
0.0238236
0.0436533
0.0699293
0.102609
0.141539
0.186565
0.237591
0.294568
0.357487
0.426369
0.501267
0.582188
0.668935
0.760882
0.856764
0.954582
1.05172
1.14532
1.23277
1.31236
1.38362
1.44753
1.50621
1.56244
1.61897
1.67801
1.74085
1.80782
1.87841
1.95143
2.02513
2.09721
2.1648
2.22455
2.27293
2.30685
2.32427
2.32486
2.31021
2.2836
2.24939
2.21223
2.17615
2.14394
2.11668
2.09365
2.07239
2.04916
2.01966
1.97991
1.92713
1.86038
1.78083
1.69166
1.59768
1.50499
1.42037
1.3505
1.30052
1.27221
1.26274
1.2649
1.26917
1.26652
1.25077
1.21974
1.17532
1.12246
1.06757
1.01684
0.974761
0.94349
0.92293
0.911307
0.905688
0.902254
0.896599
0.884343
0.861981
0.827605
0.781157
0.724168
0.659207
0.58931
0.517531
0.446597
0.378616
0.314894
0.255963
0.201885
0.152689
0.10875
0.0709059
0.040279
0.0179137
0.00444693
0
0
0.00249027
0.0102683
0.0239119
0.0439051
0.0704682
0.103581
0.143113
0.18894
0.24097
0.299117
0.363317
0.433595
0.51014
0.593238
0.683005
0.77896
0.879591
0.982154
1.08286
1.17749
1.26227
1.33482
1.39473
1.44367
1.48489
1.52249
1.56071
1.60344
1.65406
1.71528
1.78879
1.87465
1.97055
2.07138
2.16944
2.25539
2.31993
2.35571
2.3589
2.33008
2.27395
2.19833
2.11247
2.02548
1.94488
1.87586
1.8209
1.78001
1.75113
1.73079
1.71481
1.69887
1.67907
1.65232
1.61672
1.57197
1.51968
1.46346
1.40868
1.36173
1.3286
1.31294
1.31423
1.32718
1.34298
1.35193
1.34626
1.32199
1.27957
1.22325
1.15951
1.09537
1.03683
0.987913
0.950351
0.923754
0.905953
0.893419
0.881782
0.866537
0.843871
0.811359
0.768282
0.71548
0.654886
0.588982
0.520368
0.45146
0.384273
0.320262
0.26031
0.204907
0.154458
0.109573
0.0711656
0.0402996
0.0178897
0.00444054
0
0
0.00249157
0.0102866
0.0240057
0.0441837
0.0710799
0.104698
0.144919
0.191607
0.244603
0.303701
0.36872
0.439708
0.517119
0.601752
0.694306
0.794672
0.901258
1.01069
1.11811
1.21801
1.30542
1.37705
1.432
1.47178
1.49972
1.52021
1.53811
1.55858
1.58705
1.62879
1.68787
1.76574
1.8598
1.96295
2.06425
2.15065
2.20958
2.23154
2.21206
2.15258
2.05986
1.94438
1.81814
1.69259
1.57697
1.47752
1.39738
1.33729
1.29659
1.27419
1.26876
1.27818
1.29872
1.32491
1.35064
1.37081
1.38277
1.38684
1.38595
1.38446
1.38674
1.39568
1.41144
1.43083
1.44778
1.455
1.44609
1.41751
1.36955
1.30611
1.23346
1.15863
1.08796
1.02617
0.975906
0.937681
0.910044
0.889892
0.87299
0.854726
0.830974
0.798878
0.757285
0.706679
0.648714
0.585592
0.519571
0.452708
0.386752
0.323107
0.262827
0.206709
0.155482
0.109987
0.0712291
0.0402442
0.0178455
0.00443197
0
0
0.0024926
0.0103046
0.0241041
0.0444849
0.0717503
0.105921
0.146867
0.194386
0.248177
0.307811
0.372888
0.443387
0.520003
0.604108
0.697155
0.79968
0.910389
1.02578
1.14049
1.24831
1.34342
1.42163
1.48107
1.52219
1.54722
1.55964
1.56396
1.56592
1.57249
1.59104
1.62747
1.684
1.75768
1.84035
1.92012
1.98369
2.01894
2.01734
1.97565
1.89637
1.78699
1.65828
1.52216
1.38981
1.27016
1.16898
1.08877
1.0294
0.989697
0.96902
0.967813
0.986381
1.0229
1.07254
1.1287
1.18532
1.23866
1.28771
1.33348
1.37765
1.42138
1.46445
1.50484
1.53879
1.56129
1.5671
1.55213
1.51483
1.4569
1.38317
1.30048
1.2162
1.13679
1.06695
1.00937
0.964703
0.931738
0.907524
0.887729
0.867357
0.841759
0.807656
0.763774
0.710826
0.650896
0.586548
0.520113
0.453401
0.387765
0.324277
0.263866
0.2074
0.155772
0.109975
0.0710838
0.0401074
0.0177799
0.00442118
0
0
0.00249344
0.0103227
0.0242078
0.044808
0.0724716
0.107224
0.148885
0.197131
0.251443
0.311072
0.375274
0.44381
0.517465
0.598108
0.688016
0.788651
0.899493
1.01755
1.13773
1.25381
1.35969
1.45046
1.52302
1.57615
1.61012
1.62657
1.62877
1.62209
1.61408
1.6133
1.62682
1.65751
1.7025
1.75379
1.8005
1.83156
1.83807
1.81492
1.76156
1.68173
1.58236
1.47199
1.35929
1.25204
1.15652
1.07723
1.01665
0.975175
0.95154
0.943658
0.949393
0.966761
0.993627
1.02752
1.06604
1.10764
1.1522
1.20094
1.25559
1.31714
1.38477
1.45521
1.52294
1.58097
1.62202
1.63979
1.63031
1.59294
1.53086
1.45065
1.36092
1.2705
1.18669
1.11428
1.05557
1.01072
0.978129
0.954488
0.934951
0.913795
0.885651
0.846854
0.796322
0.735572
0.667856
0.59686
0.525589
0.455901
0.388719
0.324525
0.26378
0.207114
0.155364
0.109542
0.070726
0.0398874
0.0176929
0.00440824
0
0
0.00249419
0.0103415
0.0243183
0.0451551
0.0732446
0.108597
0.150937
0.199762
0.254265
0.313312
0.375715
0.440866
0.509439
0.583629
0.666524
0.760719
0.866898
0.98315
1.10525
1.22756
1.34416
1.4497
1.53998
1.61198
1.66385
1.69506
1.70701
1.70367
1.69172
1.67942
1.67426
1.68016
1.69588
1.71558
1.73111
1.73483
1.7218
1.69079
1.64417
1.58672
1.52399
1.46071
1.40009
1.34383
1.29287
1.24805
1.21044
1.18109
1.16054
1.14833
1.14293
1.14203
1.14312
1.14416
1.14411
1.14346
1.14464
1.15218
1.1721
1.21004
1.26842
1.34432
1.4294
1.51192
1.57952
1.62176
1.63194
1.60832
1.55443
1.47834
1.39081
1.30276
1.22288
1.15629
1.10472
1.06741
1.04188
1.024
1.00813
0.987725
0.956786
0.911491
0.851254
0.778739
0.698781
0.616685
0.536641
0.460943
0.390222
0.324262
0.262803
0.205965
0.154304
0.108702
0.0701605
0.0395859
0.017585
0.00439328
0
0
0.00249499
0.0103618
0.0244383
0.0455325
0.0740804
0.110054
0.15304
0.202289
0.256661
0.314608
0.374469
0.435178
0.497129
0.562642
0.635497
0.719507
0.816828
0.926959
1.04684
1.17168
1.29593
1.41407
1.5211
1.61269
1.68537
1.73683
1.76654
1.77645
1.77112
1.75707
1.74105
1.728
1.71951
1.71372
1.70679
1.695
1.67667
1.65295
1.62735
1.60421
1.58683
1.5761
1.57027
1.56575
1.55843
1.54493
1.52334
1.49345
1.45651
1.41463
1.37024
1.32556
1.28216
1.24069
1.20084
1.1618
1.12362
1.08908
1.06527
1.06277
1.09131
1.15332
1.24089
1.33844
1.42823
1.49496
1.52855
1.52542
1.48878
1.42757
1.35406
1.28071
1.21702
1.16795
1.13422
1.11376
1.10288
1.09644
1.08797
1.07033
1.03733
0.985437
0.91488
0.829612
0.73608
0.641251
0.550671
0.46735
0.391872
0.323428
0.260987
0.204014
0.152636
0.107478
0.0693987
0.0392075
0.0174578
0.00437653
0
0
0.00249594
0.0103846
0.0245711
0.0459494
0.0750003
0.11164
0.155268
0.204835
0.258834
0.315318
0.372204
0.427995
0.482741
0.538716
0.600207
0.672176
0.758317
0.859635
0.974223
1.09798
1.2256
1.35139
1.46981
1.57585
1.66524
1.73472
1.78253
1.80876
1.81566
1.80733
1.78896
1.76567
1.74141
1.71832
1.69702
1.6774
1.65981
1.64561
1.63705
1.63635
1.6445
1.6603
1.68021
1.6989
1.71034
1.70896
1.69067
1.65347
1.59767
1.52584
1.44244
1.35337
1.26498
1.18281
1.11006
1.0468
0.991013
0.941503
0.901457
0.880043
0.889316
0.936183
1.01568
1.11231
1.20689
1.28259
1.32825
1.33977
1.3203
1.27903
1.22859
1.18143
1.14634
1.12679
1.12167
1.12722
1.13833
1.14882
1.15154
1.13922
1.10601
1.04922
0.970182
0.874177
0.769034
0.663074
0.562993
0.472531
0.392435
0.321541
0.2582
0.201264
0.150392
0.105902
0.0684578
0.0387598
0.0173135
0.00435828
0
0
0.00249719
0.010411
0.0247209
0.0464178
0.0760352
0.113424
0.157759
0.207645
0.261185
0.316081
0.36995
0.421015
0.469061
0.516253
0.567193
0.627789
0.703169
0.795774
0.90466
1.02605
1.1544
1.28341
1.40686
1.5192
1.61595
1.69389
1.75113
1.78718
1.80294
1.80068
1.78385
1.7567
1.72372
1.68914
1.65639
1.62795
1.60547
1.58999
1.58212
1.58188
1.58836
1.59942
1.61163
1.62056
1.62141
1.6097
1.58186
1.53567
1.47057
1.38791
1.29112
1.18577
1.07915
0.97926
0.893002
0.824153
0.772564
0.735856
0.712919
0.706492
0.722103
0.763206
0.826445
0.901472
0.974754
1.03387
1.07046
1.08191
1.07174
1.04874
1.02449
1.00967
1.01063
1.02803
1.05824
1.09549
1.13318
1.16411
1.18072
1.176
1.145
1.08622
1.00236
0.89987
0.787599
0.674702
0.568568
0.473443
0.390301
0.31788
0.254193
0.197673
0.147601
0.104006
0.0673599
0.0382528
0.0171552
0.00433892
0
0
0.00249885
0.0104421
0.0248919
0.0469512
0.0772218
0.115493
0.160702
0.21107
0.264301
0.317801
0.369045
0.416208
0.459035
0.499665
0.542886
0.595264
0.663086
0.750024
0.85589
0.976864
1.1066
1.23749
1.36192
1.47331
1.56691
1.64008
1.69214
1.72384
1.73681
1.73313
1.71514
1.68552
1.64737
1.60424
1.55991
1.518
1.48154
1.45255
1.43182
1.41865
1.41077
1.40461
1.39593
1.38082
1.35649
1.32172
1.27655
1.22168
1.15784
1.08582
1.00688
0.923445
0.839604
0.761025
0.694119
0.644482
0.615085
0.605359
0.611989
0.630759
0.657901
0.690269
0.724787
0.757918
0.785677
0.804319
0.811502
0.807589
0.79655
0.785844
0.784648
0.800559
0.836446
0.889731
0.954196
1.02217
1.08561
1.13639
1.16678
1.17038
1.14344
1.08591
1.00172
0.898224
0.784746
0.670649
0.56344
0.467511
0.383996
0.311731
0.248701
0.193194
0.144291
0.10183
0.066131
0.0376984
0.0169862
0.00431884
0
0
0.00250105
0.0104788
0.0250882
0.0475625
0.0785982
0.117946
0.164312
0.215531
0.268897
0.321566
0.371016
0.415623
0.455384
0.492612
0.532238
0.581147
0.646282
0.732142
0.839055
0.962996
1.09654
1.23032
1.35463
1.4611
1.54414
1.60164
1.63487
1.64745
1.6439
1.62824
1.60316
1.56997
1.52921
1.4816
1.42875
1.37352
1.31971
1.2714
1.23185
1.2023
1.18104
1.16349
1.14353
1.11558
1.07648
1.02653
0.969082
0.90912
0.851368
0.798831
0.752445
0.711852
0.676675
0.647537
0.626379
0.615919
0.618286
0.633304
0.657491
0.684643
0.707669
0.720619
0.720104
0.705835
0.680336
0.648046
0.614202
0.584041
0.562767
0.555967
0.569295
0.606479
0.666995
0.745728
0.83464
0.924577
1.00628
1.07099
1.1111
1.12112
1.09864
1.04489
0.964739
0.865872
0.757434
0.648316
0.545542
0.453245
0.372585
0.302611
0.241543
0.187807
0.140505
0.0994194
0.0648009
0.0371099
0.0168105
0.00429852
0
0
0.00250388
0.0105219
0.0253129
0.048263
0.0801979
0.120873
0.1688
0.221445
0.2757
0.328489
0.377365
0.421087
0.460153
0.497263
0.537479
0.587632
0.654656
0.743234
0.853896
0.982438
1.12057
1.25729
1.38084
1.48092
1.55073
1.58836
1.59689
1.58316
1.55562
1.52175
1.48618
1.44991
1.41116
1.36713
1.3158
1.25727
1.19412
1.131
1.07343
1.02602
0.990507
0.964654
0.942903
0.918674
0.887024
0.846373
0.7988
0.749069
0.70292
0.665264
0.638909
0.624335
0.62047
0.625929
0.639896
0.662151
0.69216
0.727748
0.764287
0.795061
0.812733
0.811212
0.787253
0.741401
0.678174
0.605506
0.533514
0.472699
0.431969
0.417302
0.431575
0.47474
0.54346
0.631047
0.728444
0.825599
0.912625
0.9807
1.02287
1.03479
1.0153
0.966608
0.893899
0.804513
0.706688
0.608165
0.514937
0.430504
0.355894
0.290416
0.232708
0.181562
0.136309
0.0968289
0.0634022
0.036502
0.0166325
0.00427844
0
0
0.00250739
0.010572
0.0255682
0.0490598
0.082044
0.124338
0.174322
0.229138
0.285289
0.339441
0.389205
0.433743
0.474146
0.513603
0.557277
0.611635
0.683017
0.775653
0.889902
1.02143
1.16151
1.29822
1.41854
1.51091
1.56779
1.58743
1.57423
1.53754
1.48906
1.43959
1.39618
1.36058
1.3299
1.29873
1.26182
1.21609
1.16145
1.10063
1.03838
0.980203
0.930785
0.892508
0.864639
0.843814
0.825595
0.806152
0.783276
0.756616
0.727478
0.698496
0.673217
0.655505
0.64878
0.655306
0.675773
0.709136
0.752506
0.801046
0.848124
0.885994
0.906999
0.904997
0.876663
0.822362
0.746468
0.657077
0.565109
0.482816
0.421763
0.390496
0.392664
0.426813
0.487646
0.567243
0.656026
0.743868
0.82125
0.880218
0.915089
0.922909
0.903626
0.859918
0.796671
0.720159
0.637049
0.553367
0.473641
0.400447
0.334538
0.275471
0.222388
0.174593
0.131798
0.0941212
0.0619697
0.0358898
0.0164564
0.00425907
0
0
0.00251162
0.0106292
0.0258546
0.0499543
0.0841434
0.128367
0.180946
0.23876
0.297926
0.354787
0.406871
0.45358
0.496474
0.539164
0.58687
0.645592
0.72084
0.816043
0.931084
1.06146
1.19836
1.32977
1.44253
1.52502
1.56989
1.57597
1.5487
1.49885
1.43981
1.38416
1.34038
1.31102
1.29302
1.27988
1.26463
1.24204
1.20966
1.16789
1.11932
1.06794
1.0183
0.974559
0.939543
0.913967
0.896229
0.882896
0.869751
0.853056
0.830676
0.802793
0.772025
0.742902
0.720862
0.710991
0.716795
0.739243
0.776311
0.823104
0.872466
0.915956
0.945092
0.952723
0.934324
0.888977
0.81984
0.734015
0.64177
0.555135
0.485947
0.443506
0.432336
0.451305
0.494812
0.554729
0.621861
0.687083
0.742371
0.78159
0.800947
0.799084
0.776905
0.73717
0.683928
0.621862
0.555602
0.489102
0.425168
0.36528
0.309808
0.258495
0.210979
0.16712
0.127099
0.0913675
0.0605401
0.0352888
0.0162867
0.00424091
0
0
0.00251657
0.0106933
0.0261704
0.0509415
0.0864835
0.132934
0.188629
0.250231
0.31346
0.374216
0.429711
0.479272
0.524617
0.569581
0.619422
0.679802
0.755558
0.849358
0.960522
1.08433
1.21212
1.33241
1.43289
1.50301
1.53658
1.53344
1.49982
1.44698
1.3885
1.33701
1.30103
1.28323
1.28055
1.28621
1.2924
1.29251
1.28245
1.26082
1.22861
1.18856
1.1444
1.1002
1.05957
1.02489
0.996649
0.973296
0.951778
0.928634
0.901275
0.868943
0.833024
0.796713
0.764315
0.740461
0.729364
0.733978
0.755031
0.79021
0.834021
0.878519
0.914714
0.934285
0.93122
0.903063
0.851543
0.782454
0.704816
0.629384
0.56668
0.52479
0.507535
0.513878
0.538874
0.575344
0.615424
0.65182
0.678766
0.692588
0.691788
0.676768
0.649328
0.612115
0.568101
0.520159
0.47074
0.42164
0.373901
0.327867
0.283453
0.240493
0.199031
0.159436
0.122364
0.0886451
0.0591506
0.0347144
0.0161276
0.00422441
0
0
0.0025222
0.0107636
0.0265119
0.0520086
0.0890306
0.137963
0.197211
0.263244
0.331339
0.396792
0.456217
0.508489
0.555105
0.599875
0.648089
0.705332
0.776169
0.862877
0.964426
1.076
1.18928
1.29369
1.37836
1.43453
1.45766
1.44881
1.41465
1.3661
1.31591
1.27564
1.253
1.25024
1.26412
1.28748
1.31161
1.32854
1.33262
1.32121
1.29458
1.25536
1.20766
1.15618
1.10537
1.05864
1.01771
0.98241
0.950967
0.920794
0.889556
0.856033
0.820484
0.784527
0.750762
0.722426
0.703102
0.696254
0.704286
0.727245
0.761859
0.801658
0.838288
0.863454
0.870844
0.857515
0.824463
0.776358
0.72055
0.665587
0.619468
0.587941
0.573316
0.574212
0.586274
0.603462
0.619476
0.629045
0.628832
0.617757
0.596723
0.567945
0.534159
0.497948
0.461306
0.425453
0.390852
0.357352
0.324395
0.291273
0.257413
0.222618
0.187185
0.151873
0.117759
0.0860339
0.057838
0.034181
0.0159833
0.00420996
0
0
0.0025284
0.0108389
0.0268733
0.0531354
0.0917307
0.14333
0.206436
0.277319
0.350726
0.421179
0.48442
0.538544
0.584501
0.625859
0.667929
0.716475
0.776263
0.849724
0.935971
1.03046
1.12548
1.21158
1.27949
1.32233
1.33726
1.3263
1.29609
1.25657
1.2189
1.193
1.18539
1.19769
1.2264
1.26398
1.30085
1.32774
1.33767
1.32705
1.29602
1.24783
1.18793
1.1227
1.05826
0.99951
0.949343
0.908421
0.875416
0.847757
0.822607
0.797735
0.772009
0.745499
0.719352
0.695609
0.676993
0.666501
0.666595
0.678071
0.699092
0.725084
0.749735
0.766719
0.771409
0.762014
0.739851
0.708822
0.674379
0.642288
0.617415
0.602721
0.598637
0.602981
0.61148
0.618777
0.619735
0.610711
0.590408
0.56
0.522553
0.481996
0.442054
0.405462
0.373596
0.346482
0.323093
0.30178
0.280724
0.258335
0.233549
0.206008
0.176085
0.144772
0.11345
0.0836122
0.0566373
0.0337025
0.0158572
0.00419793
0
0
0.00253507
0.0109176
0.0272463
0.0542947
0.0945118
0.148872
0.215982
0.291872
0.370663
0.445938
0.512365
0.567051
0.61022
0.645086
0.676989
0.712041
0.755591
0.810785
0.877521
0.952104
1.02783
1.09645
1.15018
1.18365
1.19521
1.18733
1.16602
1.13957
1.11692
1.10587
1.11144
1.13467
1.17215
1.21654
1.25825
1.28763
1.29711
1.28277
1.24481
1.18723
1.11663
1.04086
0.967469
0.902541
0.849873
0.810692
0.783899
0.766742
0.755698
0.74732
0.738868
0.728654
0.716155
0.701984
0.68769
0.675338
0.66681
0.662973
0.663077
0.66474
0.664687
0.659949
0.648986
0.632241
0.611966
0.591491
0.574312
0.563315
0.560238
0.565307
0.577031
0.592183
0.606145
0.613713
0.610304
0.59321
0.562441
0.520756
0.472869
0.424131
0.379217
0.341224
0.311343
0.289011
0.272378
0.258905
0.245958
0.231297
0.213401
0.191642
0.166304
0.138438
0.10959
0.0814521
0.0555805
0.0332908
0.0157526
0.00418857
0
0
0.00254204
0.0109977
0.0276209
0.0554532
0.0972877
0.154402
0.225491
0.306296
0.390219
0.469783
0.538478
0.59236
0.630936
0.657112
0.67632
0.695116
0.719633
0.754128
0.799872
0.854661
0.913244
0.968702
1.0144
1.04586
1.06185
1.06445
1.05825
1.04918
1.04335
1.04598
1.06054
1.08775
1.12498
1.16624
1.20319
1.22705
1.23076
1.21071
1.16751
1.10564
1.0323
0.955699
0.88351
0.821639
0.773637
0.740683
0.721917
0.714926
0.716256
0.721965
0.728213
0.731798
0.730579
0.723682
0.711437
0.695003
0.675768
0.65471
0.632042
0.607351
0.580207
0.550927
0.521062
0.493301
0.470832
0.456484
0.452058
0.458046
0.473681
0.497064
0.525197
0.553966
0.578331
0.592954
0.593313
0.576963
0.54442
0.499222
0.447039
0.394188
0.346105
0.306326
0.276168
0.254994
0.240772
0.230707
0.221844
0.211576
0.19802
0.180231
0.158278
0.133117
0.106308
0.0796164
0.0546956
0.0329562
0.0156716
0.00418206
0
0
0.00254911
0.0110768
0.0279856
0.0565731
0.0999625
0.159718
0.234598
0.320013
0.408585
0.491729
0.561743
0.613712
0.64658
0.663144
0.66909
0.671502
0.677323
0.692028
0.718574
0.756727
0.803111
0.852253
0.898374
0.937202
0.966984
0.988374
1.00357
1.01539
1.02674
1.04038
1.0585
1.08208
1.10997
1.13846
1.1616
1.17263
1.16585
1.13847
1.09153
1.02971
0.960038
0.890115
0.826469
0.773537
0.733484
0.706625
0.691981
0.687647
0.690936
0.698525
0.706794
0.712349
0.712559
0.705906
0.69203
0.671448
0.645073
0.613747
0.578054
0.53855
0.496314
0.453471
0.413313
0.379823
0.35675
0.346655
0.350387
0.367124
0.394779
0.43039
0.470255
0.509873
0.544008
0.56719
0.574736
0.564014
0.535398
0.492422
0.440948
0.387652
0.338401
0.297106
0.265367
0.242781
0.227561
0.217151
0.208733
0.19967
0.187886
0.172159
0.152274
0.128977
0.103698
0.0781548
0.0540049
0.0327064
0.015616
0.0041785
0
0
0.00255608
0.0111524
0.0283277
0.0576139
0.102435
0.164614
0.242946
0.332497
0.425108
0.511109
0.581694
0.63113
0.658035
0.665367
0.659302
0.647566
0.637866
0.636741
0.648738
0.675684
0.716291
0.766633
0.821582
0.876478
0.928059
0.974406
1.0144
1.04743
1.07355
1.09372
1.10956
1.12266
1.13363
1.14142
1.1432
1.13511
1.11369
1.0774
1.02759
0.968446
0.905833
0.845637
0.792309
0.748237
0.713959
0.688824
0.671583
0.660695
0.654375
0.650595
0.647201
0.642167
0.633904
0.621472
0.604579
0.583382
0.558182
0.529183
0.496483
0.460369
0.421807
0.382868
0.34677
0.317388
0.298362
0.292178
0.299644
0.319946
0.351076
0.390222
0.433881
0.477773
0.516855
0.545748
0.559674
0.555664
0.533547
0.496224
0.449006
0.398248
0.349772
0.30768
0.273903
0.248447
0.230006
0.216553
0.205739
0.195209
0.182919
0.167476
0.148386
0.126103
0.101822
0.0771025
0.0535241
0.032546
0.0155863
0.00417785
0
0
0.00256272
0.0112218
0.0286344
0.0585344
0.104605
0.168887
0.250199
0.343282
0.439266
0.527507
0.598249
0.645138
0.666685
0.666238
0.650667
0.628466
0.608065
0.596808
0.600404
0.622363
0.663298
0.720775
0.790146
0.865852
0.942322
1.01431
1.07711
1.12714
1.16252
1.18339
1.19146
1.18916
1.17866
1.16129
1.13731
1.10623
1.06754
1.02151
0.969865
0.915692
0.862569
0.813453
0.769942
0.732282
0.699843
0.671622
0.646517
0.623449
0.601462
0.579849
0.558269
0.536766
0.515684
0.495483
0.476504
0.45877
0.441884
0.425079
0.407417
0.388159
0.367196
0.345404
0.324707
0.307753
0.297288
0.295488
0.303546
0.321582
0.348765
0.383414
0.422977
0.463938
0.501869
0.531831
0.549205
0.550774
0.535662
0.505721
0.465119
0.419259
0.373408
0.331571
0.295951
0.267063
0.244236
0.226126
0.211043
0.197128
0.182573
0.165953
0.146549
0.124503
0.100706
0.0764782
0.053261
0.0324766
0.0155823
0.00418
0
0
0.0025688
0.0112822
0.0288932
0.0592953
0.106376
0.172349
0.256049
0.351955
0.450619
0.54062
0.611468
0.65638
0.673904
0.667876
0.645925
0.617344
0.591237
0.5755
0.576477
0.598643
0.64389
0.710889
0.795216
0.890156
0.987647
1.07927
1.1574
1.21645
1.2537
1.2694
1.26597
1.24688
1.21566
1.17534
1.12847
1.07728
1.02393
0.970578
0.919345
0.871948
0.829215
0.790829
0.755619
0.722179
0.689366
0.656395
0.622689
0.587776
0.551427
0.513946
0.476406
0.44059
0.408601
0.382281
0.362694
0.349894
0.343024
0.340621
0.340965
0.342372
0.34345
0.343338
0.341893
0.339776
0.338365
0.339484
0.345014
0.356474
0.374667
0.399424
0.42945
0.46227
0.494356
0.521514
0.539556
0.54519
0.536842
0.515126
0.48272
0.443642
0.402194
0.361979
0.325332
0.293282
0.265868
0.242522
0.222289
0.203918
0.185982
0.167155
0.146582
0.124121
0.10034
0.0762826
0.0532146
0.0324955
0.0156024
0.0041847
0
0
0.0025741
0.0113312
0.0290926
0.0598613
0.107664
0.174835
0.260226
0.358146
0.458764
0.550144
0.621315
0.665243
0.680575
0.671573
0.646499
0.615305
0.587627
0.571676
0.573952
0.599119
0.649465
0.724086
0.818483
0.924919
1.03347
1.1336
1.21606
1.27449
1.30636
1.31273
1.29721
1.26448
1.2192
1.1655
1.107
1.04712
0.989121
0.935821
0.889038
0.849083
0.814661
0.783405
0.752803
0.720977
0.686938
0.650341
0.6111
0.569198
0.524852
0.4789
0.433115
0.390139
0.352954
0.324108
0.305078
0.296094
0.296376
0.30447
0.318424
0.335853
0.35407
0.370434
0.382872
0.390416
0.393509
0.393902
0.394169
0.396997
0.404512
0.41779
0.436645
0.459621
0.484172
0.506992
0.524505
0.533498
0.531805
0.518834
0.495697
0.464866
0.429452
0.392427
0.356088
0.321889
0.290565
0.26233
0.236982
0.213906
0.192127
0.170529
0.14822
0.124847
0.100682
0.0764973
0.053374
0.0325966
0.0156444
0.00419164
0
0
0.00257842
0.0113668
0.0292231
0.0602036
0.108401
0.176212
0.262508
0.361539
0.463319
0.555692
0.627491
0.671597
0.686742
0.677437
0.652294
0.621625
0.595328
0.581672
0.586932
0.615343
0.66876
0.745962
0.842091
0.948823
1.0555
1.15105
1.22617
1.2751
1.29632
1.29213
1.26736
1.22777
1.17876
1.12482
1.06948
1.01565
0.965732
0.921398
0.883126
0.849949
0.819749
0.790043
0.758839
0.725093
0.68862
0.649682
0.608578
0.565512
0.520785
0.475207
0.430423
0.388886
0.353381
0.326314
0.309163
0.302343
0.305402
0.317181
0.3358
0.358617
0.382383
0.403708
0.419735
0.428839
0.431062
0.428076
0.422686
0.41804
0.416855
0.420867
0.430608
0.445429
0.463681
0.482944
0.500309
0.512771
0.517759
0.513681
0.500266
0.478521
0.450335
0.417936
0.383428
0.348549
0.314622
0.282562
0.25286
0.225506
0.199993
0.175484
0.151155
0.126531
0.101661
0.0770849
0.0537184
0.0327697
0.015705
0.00420041
0
0
0.00258158
0.011387
0.0292776
0.0603023
0.108542
0.17639
0.262739
0.361891
0.463936
0.556808
0.629423
0.67473
0.691506
0.684281
0.661669
0.633958
0.610978
0.600786
0.609183
0.639606
0.692938
0.767063
0.856534
0.952874
1.04583
1.12534
1.18366
1.21677
1.22484
1.2115
1.18248
1.14399
1.10148
1.05891
1.01867
0.981846
0.948596
0.918317
0.889722
0.861057
0.830565
0.797056
0.760277
0.720869
0.679965
0.638687
0.597784
0.557578
0.518191
0.47993
0.443615
0.410639
0.382702
0.361361
0.347653
0.341968
0.344077
0.353173
0.367803
0.385811
0.404448
0.420747
0.432139
0.4371
0.435581
0.42902
0.419929
0.411208
0.405454
0.404481
0.40911
0.41921
0.433826
0.451298
0.469357
0.485312
0.496441
0.500506
0.496203
0.483343
0.462726
0.435819
0.40442
0.370378
0.335419
0.300996
0.268158
0.237413
0.208689
0.181463
0.15506
0.128992
0.103177
0.0779896
0.054218
0.0330014
0.0157801
0.00421057
0
0
0.00258344
0.0113908
0.029252
0.0601474
0.108066
0.175331
0.260847
0.359064
0.460361
0.553044
0.626376
0.673519
0.693252
0.689912
0.671782
0.64878
0.630364
0.624179
0.635435
0.666682
0.717645
0.785049
0.862694
0.94216
1.01428
1.07102
1.10724
1.12155
1.11622
1.09617
1.06756
1.03635
1.00718
0.98268
0.963288
0.94762
0.933096
0.916673
0.895556
0.867806
0.832784
0.791291
0.745339
0.697604
0.650737
0.606796
0.56694
0.531444
0.499991
0.472077
0.447385
0.425952
0.408126
0.394369
0.38505
0.380324
0.380078
0.383882
0.390909
0.399857
0.408985
0.416345
0.420206
0.41954
0.414365
0.405792
0.395749
0.386496
0.380117
0.378141
0.38138
0.389933
0.403272
0.420268
0.439186
0.457734
0.473321
0.483485
0.486345
0.480895
0.467077
0.445674
0.418089
0.386097
0.351591
0.316336
0.281745
0.24871
0.217525
0.187982
0.159619
0.132031
0.105107
0.0791399
0.0548349
0.0332756
0.0158651
0.00422162
0
0
0.00258389
0.0113775
0.0291454
0.0597403
0.106983
0.173056
0.256858
0.353058
0.452498
0.544091
0.617676
0.666761
0.690119
0.691736
0.679327
0.662188
0.64921
0.647528
0.661785
0.693767
0.74218
0.802653
0.868215
0.930466
0.981339
1.01497
1.02899
1.02486
1.0071
0.981919
0.955699
0.933738
0.919342
0.913311
0.913885
0.917215
0.918294
0.912148
0.895012
0.865205
0.82347
0.772705
0.717178
0.661504
0.609668
0.56436
0.526732
0.496578
0.472835
0.45414
0.439274
0.427353
0.417824
0.410355
0.404736
0.400838
0.398582
0.397864
0.39843
0.399746
0.400973
0.401088
0.39915
0.394615
0.387578
0.378839
0.369766
0.361994
0.357082
0.356224
0.360089
0.368798
0.381963
0.398711
0.417665
0.436957
0.454364
0.4676
0.474664
0.474149
0.465435
0.448739
0.425027
0.395819
0.362927
0.328171
0.293117
0.25888
0.226031
0.194653
0.164536
0.135438
0.107314
0.0804527
0.0555259
0.0335745
0.0159553
0.00423305
0
0
0.00258289
0.0113473
0.0289606
0.0590939
0.10533
0.169646
0.250908
0.344044
0.440478
0.529914
0.60295
0.653563
0.680553
0.68749
0.681395
0.67081
0.663971
0.667492
0.685562
0.71943
0.76711
0.823455
0.880896
0.930964
0.966305
0.982566
0.979464
0.960671
0.932606
0.902676
0.877574
0.862027
0.858084
0.864863
0.878763
0.894149
0.904502
0.903838
0.888078
0.855995
0.80945
0.75286
0.69208
0.633039
0.580478
0.537124
0.503525
0.478556
0.460323
0.44695
0.436986
0.429413
0.423487
0.418581
0.414177
0.409949
0.40584
0.402001
0.398598
0.395603
0.392705
0.389371
0.385045
0.379379
0.372429
0.364747
0.357322
0.3514
0.348217
0.34874
0.353489
0.362483
0.375275
0.391031
0.40858
0.426442
0.442894
0.456087
0.464254
0.465949
0.46028
0.447051
0.426791
0.400628
0.370083
0.3368
0.302296
0.267759
0.233943
0.201187
0.169548
0.139004
0.109651
0.081839
0.0562454
0.0338798
0.0160459
0.00424438
0
0
0.00258043
0.0113009
0.0287032
0.058232
0.103174
0.165244
0.243242
0.332371
0.424707
0.510861
0.582325
0.633667
0.663784
0.67585
0.676174
0.672503
0.672386
0.681933
0.704968
0.742424
0.791969
0.848088
0.90294
0.948033
0.97636
0.984276
0.972474
0.945688
0.911304
0.877415
0.850965
0.836431
0.835177
0.845423
0.862707
0.880783
0.892849
0.892963
0.877341
0.845189
0.798841
0.743158
0.68436
0.628576
0.58043
0.542107
0.513306
0.492119
0.476245
0.463859
0.453834
0.44552
0.438404
0.431931
0.425562
0.418982
0.412256
0.405774
0.399988
0.395125
0.39104
0.387286
0.383301
0.378648
0.373222
0.367356
0.361814
0.357629
0.355858
0.357316
0.362384
0.370948
0.382458
0.396066
0.410756
0.425405
0.438794
0.449607
0.456489
0.458189
0.453767
0.442773
0.425334
0.402126
0.374237
0.342973
0.309654
0.275425
0.241146
0.207372
0.174425
0.142531
0.111973
0.0832096
0.0569484
0.0341741
0.0161325
0.00425517
0
0
0.00257654
0.0112394
0.0283822
0.057188
0.100604
0.160043
0.234206
0.318564
0.405873
0.48771
0.556552
0.607661
0.640129
0.656818
0.663366
0.666728
0.673737
0.68996
0.718855
0.761136
0.814356
0.872989
0.929291
0.974966
1.00325
1.01071
0.998171
0.970353
0.934561
0.898766
0.869786
0.851968
0.846589
0.851913
0.863763
0.876461
0.884007
0.881307
0.865232
0.835245
0.793458
0.744102
0.692544
0.643996
0.602226
0.568731
0.54283
0.522593
0.505988
0.491584
0.478641
0.466825
0.455867
0.445413
0.435129
0.424934
0.415145
0.406372
0.399202
0.393884
0.390211
0.387611
0.385383
0.38294
0.380014
0.37677
0.373784
0.371886
0.371921
0.374503
0.37985
0.387731
0.397544
0.408482
0.419695
0.430389
0.439802
0.447128
0.451471
0.451891
0.447544
0.437849
0.422604
0.40203
0.376734
0.347616
0.315717
0.282077
0.24761
0.21305
0.178966
0.145835
0.114146
0.084482
0.0575939
0.0344419
0.016211
0.00426504
0
0
0.00257131
0.0111648
0.0280088
0.0560028
0.0977311
0.154278
0.224226
0.303299
0.384926
0.461666
0.527026
0.57704
0.611101
0.631856
0.644328
0.654673
0.668933
0.692014
0.726895
0.77402
0.830914
0.892275
0.950798
0.998717
1.0297
1.04045
1.03153
1.00706
0.973526
0.938133
0.90716
0.884772
0.872461
0.869097
0.87146
0.875086
0.875265
0.868021
0.850895
0.823364
0.786858
0.74438
0.699799
0.656916
0.618529
0.585876
0.558718
0.535951
0.516326
0.49887
0.48296
0.468184
0.454203
0.44073
0.427645
0.415142
0.403747
0.394133
0.386808
0.381885
0.379047
0.377703
0.377195
0.377003
0.376883
0.376933
0.377539
0.379232
0.382496
0.387607
0.394529
0.402888
0.412048
0.421263
0.429846
0.437279
0.443182
0.4472
0.448888
0.447665
0.442874
0.433898
0.420287
0.401867
0.378799
0.351583
0.320984
0.287918
0.253327
0.218091
0.182998
0.148758
0.116052
0.0855858
0.0581478
0.0346707
0.0162787
0.00427367
0
0
0.00256487
0.0110794
0.0275959
0.0547223
0.0946757
0.148211
0.213787
0.287362
0.363018
0.434282
0.495697
0.544118
0.579315
0.603783
0.621958
0.639144
0.660468
0.690007
0.730098
0.780796
0.839581
0.901503
0.959975
1.00814
1.04045
1.05401
1.04918
1.0293
0.999765
0.966652
0.935427
0.909936
0.891888
0.880843
0.874603
0.86989
0.863151
0.851319
0.832374
0.80563
0.771743
0.732478
0.690299
0.647832
0.607349
0.570442
0.537967
0.510177
0.486886
0.467566
0.451427
0.437526
0.424953
0.413028
0.401458
0.390371
0.380201
0.371457
0.364501
0.359434
0.356136
0.354373
0.353909
0.354602
0.356453
0.359598
0.364241
0.370537
0.378493
0.387904
0.398349
0.409202
0.419723
0.429182
0.437019
0.442921
0.446801
0.448663
0.448451
0.445934
0.440679
0.432107
0.419619
0.402749
0.381311
0.355482
0.325799
0.293072
0.258264
0.222377
0.186378
0.151172
0.117601
0.0864681
0.0585857
0.0348519
0.0163334
0.00428087
0
0
0.00255737
0.0109855
0.0271576
0.0533948
0.0915637
0.142112
0.203389
0.271586
0.341411
0.40732
0.464876
0.511757
0.548127
0.576346
0.600219
0.624105
0.652087
0.687277
0.731249
0.783585
0.841687
0.901018
0.955877
1.00059
1.03077
1.0443
1.04161
1.02548
1.00024
0.970805
0.941673
0.916194
0.896088
0.881336
0.870416
0.860817
0.8497
0.834528
0.813509
0.785797
0.751489
0.711494
0.667362
0.621102
0.574994
0.531391
0.492464
0.459893
0.434567
0.416375
0.40422
0.396299
0.390593
0.385361
0.379476
0.372483
0.364484
0.355915
0.347366
0.339456
0.332766
0.327803
0.32497
0.324581
0.326872
0.331995
0.339964
0.350573
0.363362
0.377624
0.392471
0.406937
0.420104
0.431239
0.439895
0.445931
0.449453
0.450677
0.44978
0.446756
0.441345
0.433044
0.421204
0.405213
0.384679
0.359575
0.330284
0.29755
0.262358
0.225805
0.188999
0.152989
0.118733
0.0870972
0.0588942
0.0349814
0.0163743
0.00428653
0
0
0.002549
0.0108859
0.0267078
0.0520675
0.0885167
0.136241
0.193518
0.256782
0.321346
0.382548
0.436912
0.482892
0.521001
0.553396
0.583175
0.613671
0.647866
0.687887
0.734545
0.786955
0.842439
0.89686
0.945422
0.983711
1.00866
1.01914
1.01602
1.00183
0.980131
0.954826
0.929508
0.90692
0.888558
0.874484
0.86343
0.853198
0.841247
0.825277
0.803627
0.775408
0.740456
0.699248
0.652897
0.603232
0.552837
0.50485
0.462487
0.428414
0.40419
0.389898
0.384042
0.383845
0.385981
0.387423
0.386054
0.380871
0.371891
0.359914
0.346252
0.332455
0.320046
0.310304
0.304121
0.301999
0.304117
0.310418
0.320628
0.334219
0.350368
0.36798
0.38581
0.402656
0.417554
0.429896
0.439445
0.446241
0.450479
0.452376
0.452065
0.449511
0.444467
0.436468
0.424908
0.409177
0.38884
0.363798
0.33437
0.301274
0.265526
0.2283
0.1908
0.154167
0.119427
0.0874646
0.0590719
0.0350596
0.0164015
0.00429066
0
0
0.00253997
0.0107834
0.0262602
0.0507843
0.0856448
0.13083
0.184604
0.243669
0.303917
0.3615
0.413804
0.459939
0.500648
0.537777
0.573661
0.610632
0.65067
0.695066
0.744001
0.79621
0.84894
0.898373
0.940454
0.971841
0.990637
0.996693
0.991432
0.977391
0.957663
0.935426
0.913547
0.894245
0.878766
0.867152
0.858242
0.849983
0.839978
0.826055
0.806636
0.780826
0.748324
0.709359
0.664814
0.616478
0.567167
0.52045
0.479947
0.44851
0.427613
0.417026
0.41477
0.417485
0.421266
0.422652
0.419309
0.410277
0.395885
0.377488
0.357122
0.337107
0.319622
0.306357
0.298317
0.295828
0.298707
0.306457
0.318385
0.333593
0.350938
0.369087
0.386695
0.402673
0.416382
0.427666
0.436707
0.443787
0.449077
0.452535
0.453918
0.452839
0.448829
0.441377
0.429953
0.414072
0.393401
0.367893
0.337895
0.304151
0.267725
0.229847
0.191784
0.154721
0.119699
0.0875865
0.0591297
0.0350916
0.0164165
0.00429337
0
0
0.0025305
0.0106806
0.025827
0.0495829
0.0830396
0.126069
0.17699
0.232801
0.289938
0.345262
0.396852
0.444281
0.488337
0.530465
0.572275
0.615282
0.66075
0.709422
0.7611
0.814282
0.866159
0.913101
0.951506
0.978706
0.993566
0.996579
0.989526
0.974915
0.955475
0.933842
0.912396
0.893099
0.877229
0.865096
0.855924
0.848045
0.839371
0.827914
0.812144
0.79106
0.764119
0.731233
0.692988
0.650971
0.607875
0.567093
0.531886
0.504522
0.485786
0.474891
0.469676
0.467081
0.46388
0.457425
0.446145
0.429694
0.40887
0.385387
0.36154
0.339767
0.322187
0.31023
0.304479
0.304743
0.310308
0.320218
0.333434
0.348815
0.365062
0.38081
0.394893
0.406664
0.41616
0.423982
0.430936
0.437599
0.444021
0.449689
0.453703
0.455057
0.452859
0.446433
0.435311
0.419184
0.397917
0.371621
0.340762
0.306175
0.268997
0.230516
0.192028
0.154722
0.119608
0.0875024
0.0590898
0.0350867
0.0164216
0.00429483
0
0
0.00252082
0.0105799
0.0254187
0.0484931
0.0807689
0.122088
0.1709
0.224523
0.279875
0.334364
0.386527
0.436135
0.483832
0.530615
0.577524
0.625564
0.675653
0.728349
0.783367
0.839176
0.892996
0.941304
0.98069
1.00873
1.02449
1.02854
1.02247
1.00838
0.988395
0.964592
0.939052
0.913837
0.890737
0.87087
0.854384
0.84046
0.827646
0.814296
0.798915
0.780284
0.757474
0.729954
0.697884
0.66244
0.62582
0.590728
0.559516
0.533468
0.51258
0.495796
0.481419
0.46756
0.452571
0.435382
0.415671
0.393877
0.371136
0.349145
0.329905
0.31532
0.306747
0.304667
0.308586
0.317244
0.32905
0.342546
0.356622
0.370411
0.383082
0.393801
0.401989
0.407672
0.411638
0.415236
0.41984
0.426247
0.434296
0.442898
0.450395
0.455059
0.455478
0.450726
0.440329
0.424135
0.402239
0.374995
0.343081
0.307505
0.26952
0.230479
0.191687
0.154296
0.119248
0.0872731
0.0589846
0.0350579
0.01642
0.00429535
0
0
0.00251114
0.0104835
0.0250433
0.0475356
0.0788735
0.118957
0.166435
0.218954
0.273829
0.328814
0.38262
0.434938
0.486092
0.536648
0.587263
0.638728
0.691938
0.747561
0.805489
0.864401
0.921728
0.974139
1.01834
1.05186
1.07352
1.08333
1.08208
1.07086
1.05086
1.02345
0.990492
0.954386
0.917768
0.882922
0.851262
0.823115
0.797886
0.774413
0.751317
0.72721
0.700845
0.671357
0.638613
0.603492
0.567753
0.53339
0.501776
0.473162
0.44684
0.421743
0.397012
0.372296
0.347781
0.324065
0.301986
0.282492
0.26665
0.25568
0.250863
0.253182
0.262841
0.2789
0.299307
0.321371
0.342484
0.36076
0.375298
0.385986
0.3931
0.397027
0.398304
0.397862
0.397158
0.397966
0.40184
0.409487
0.420391
0.43289
0.444663
0.453353
0.457062
0.454578
0.445339
0.429294
0.406767
0.378419
0.345238
0.308493
0.269608
0.230008
0.190987
0.153622
0.118745
0.0869779
0.0588548
0.0350209
0.0164156
0.00429524
0
0
0.0025017
0.0103933
0.024707
0.0467213
0.0773662
0.116679
0.163566
0.216001
0.271594
0.328244
0.384574
0.439951
0.49425
0.547614
0.60044
0.653462
0.707693
0.764037
0.822717
0.882822
0.942262
0.998162
1.04752
1.08786
1.11754
1.13571
1.14198
1.13616
1.11829
1.08898
1.04986
1.00357
0.9534
0.902504
0.853224
0.806745
0.763174
0.721863
0.681764
0.641697
0.600604
0.557895
0.513869
0.469932
0.42825
0.390732
0.35787
0.328363
0.299936
0.270723
0.240255
0.209715
0.18168
0.15951
0.146204
0.14287
0.148222
0.160099
0.177179
0.199199
0.226033
0.256672
0.288883
0.319652
0.346069
0.366122
0.379087
0.385426
0.386392
0.383616
0.378897
0.374157
0.371395
0.372444
0.378543
0.389888
0.405404
0.422902
0.439585
0.452676
0.459929
0.459877
0.451847
0.435845
0.412433
0.382633
0.347833
0.309636
0.269678
0.229457
0.190219
0.152924
0.118256
0.0867111
0.0587474
0.0349934
0.0164125
0.00429489
0
0
0.00249267
0.0103108
0.0244131
0.046052
0.0762332
0.115196
0.162148
0.215383
0.272722
0.332059
0.391739
0.450653
0.508129
0.563859
0.61796
0.671063
0.724211
0.778465
0.834366
0.891549
0.948682
1.00374
1.05444
1.09861
1.1344
1.16026
1.17474
1.17657
1.16483
1.13951
1.10184
1.05427
0.999927
0.941795
0.882058
0.821848
0.761403
0.700433
0.638478
0.57519
0.510645
0.445815
0.383136
0.326779
0.281744
0.251023
0.232279
0.218263
0.201279
0.176781
0.143966
0.104913
0.0643482
0.0365741
0.0523395
0.0874773
0.122508
0.154424
0.183473
0.210969
0.238309
0.266091
0.293605
0.319003
0.340036
0.354899
0.362801
0.364124
0.360261
0.353314
0.345786
0.340273
0.339118
0.343992
0.355532
0.373126
0.394965
0.418336
0.440126
0.457365
0.467657
0.469416
0.461923
0.445278
0.42031
0.388447
0.351519
0.311496
0.270229
0.229258
0.189742
0.152474
0.117966
0.0865805
0.0587138
0.0349941
0.0164152
0.00429472
0
0
0.00248425
0.0102372
0.0241632
0.0455213
0.0754376
0.114398
0.161942
0.216674
0.276584
0.33949
0.403391
0.466642
0.527978
0.586555
0.64206
0.694797
0.745574
0.79537
0.844922
0.894447
0.943616
0.991656
1.03749
1.0798
1.11706
1.14752
1.16927
1.18045
1.17968
1.1665
1.14156
1.10644
1.06305
1.01293
0.956904
0.895085
0.827191
0.752959
0.672486
0.58654
0.496992
0.407563
0.32496
0.259792
0.223679
0.217435
0.225126
0.228566
0.217927
0.191161
0.151063
0.103102
0.0557896
0.0379281
0.0714603
0.112795
0.150743
0.18386
0.212304
0.236697
0.257781
0.276196
0.29226
0.305816
0.316291
0.322971
0.325401
0.323724
0.31887
0.312569
0.307207
0.305463
0.309745
0.321521
0.340836
0.366258
0.395206
0.424466
0.450721
0.470999
0.482976
0.485148
0.476896
0.458498
0.431081
0.396472
0.356915
0.314711
0.271884
0.229977
0.190019
0.152613
0.118092
0.0867056
0.0588081
0.0350418
0.0164281
0.00429512
0
0
0.0024766
0.0101734
0.0239569
0.0451164
0.0749253
0.114139
0.162637
0.219337
0.282399
0.349579
0.41857
0.487227
0.553679
0.61644
0.674553
0.72769
0.776113
0.82047
0.861565
0.900216
0.93723
0.973344
1.00904
1.0443
1.07838
1.10991
1.13702
1.15785
1.17092
1.17549
1.17153
1.1594
1.1393
1.11083
1.07291
1.02405
0.962761
0.888051
0.79979
0.699083
0.588697
0.473699
0.362436
0.267838
0.206822
0.18723
0.189866
0.188246
0.170473
0.13838
0.105341
0.0968507
0.123054
0.162068
0.197593
0.223718
0.239462
0.246444
0.247723
0.246766
0.246405
0.248112
0.251962
0.257159
0.262636
0.267427
0.270852
0.272667
0.273234
0.27365
0.275755
0.281886
0.294283
0.314257
0.341532
0.37418
0.409121
0.442819
0.471883
0.493462
0.505446
0.506549
0.496359
0.475367
0.444962
0.407272
0.36485
0.320241
0.275592
0.232436
0.19168
0.153767
0.118889
0.0872153
0.0590847
0.0351545
0.0164551
0.00429648
0
0
0.00246985
0.0101199
0.0237925
0.0448206
0.0746321
0.11425
0.163885
0.222772
0.289272
0.361159
0.435931
0.511037
0.584021
0.652656
0.71513
0.770225
0.817436
0.856978
0.889734
0.917213
0.941449
0.964731
0.989117
1.01588
1.04517
1.07605
1.10691
1.13603
1.16204
1.18414
1.20199
1.21522
1.22297
1.22343
1.21385
1.1909
1.15121
1.09214
1.01237
0.91235
0.794639
0.664135
0.528225
0.396523
0.27984
0.187942
0.125689
0.0899577
0.0785098
0.0996425
0.147508
0.205676
0.261799
0.307647
0.338171
0.350962
0.345844
0.324659
0.291215
0.251218
0.212042
0.181932
0.167468
0.169292
0.181804
0.1984
0.214914
0.22963
0.242444
0.254269
0.266726
0.281891
0.301846
0.327941
0.360073
0.396467
0.434099
0.469445
0.499163
0.520516
0.531553
0.531146
0.519001
0.495698
0.462704
0.422261
0.377078
0.329872
0.282936
0.237874
0.19559
0.156469
0.120643
0.0882429
0.0595953
0.0353483
0.0164999
0.00429917
0
0
0.0024641
0.0100771
0.0236676
0.0446154
0.0744912
0.114559
0.165334
0.226362
0.296252
0.372903
0.453756
0.535971
0.616546
0.692448
0.760874
0.819588
0.867286
0.903849
0.930465
0.949567
0.964542
0.979152
0.996715
1.01933
1.04746
1.08016
1.11564
1.15207
1.18814
1.22326
1.25732
1.29019
1.32095
1.34735
1.36574
1.3714
1.35946
1.32582
1.26788
1.18504
1.07883
0.953116
0.814156
0.670628
0.533213
0.413827
0.324482
0.274275
0.262421
0.27596
0.299731
0.323661
0.342381
0.353385
0.355697
0.348836
0.332159
0.304895
0.266753
0.218656
0.163272
0.105913
0.0609091
0.066938
0.110102
0.155436
0.194881
0.22718
0.253218
0.274864
0.294389
0.31416
0.336401
0.362786
0.39384
0.428538
0.464464
0.498429
0.527196
0.548001
0.558785
0.558245
0.54585
0.521901
0.487618
0.445115
0.397155
0.346684
0.296321
0.247989
0.202822
0.161324
0.123653
0.0899147
0.0603847
0.0356361
0.0165652
0.00430347
0
0
0.00245943
0.010045
0.0235795
0.0444834
0.0744416
0.11491
0.166663
0.229536
0.302427
0.383458
0.470145
0.559478
0.647964
0.731767
0.807079
0.870701
0.920702
0.956939
0.981285
0.997443
1.01031
1.02497
1.04546
1.07384
1.10992
1.15173
1.19648
1.24157
1.28526
1.32696
1.36699
1.40588
1.44351
1.47845
1.50776
1.52745
1.53329
1.52155
1.48941
1.4351
1.35779
1.25785
1.13746
1.00158
0.858692
0.720956
0.60297
0.517571
0.467998
0.442957
0.423484
0.394406
0.349435
0.290959
0.228873
0.179703
0.159856
0.165439
0.173635
0.167172
0.140082
0.0951906
0.0508475
0.07286
0.136272
0.199298
0.252906
0.294683
0.325415
0.347753
0.365056
0.380563
0.397033
0.416588
0.440441
0.4685
0.499239
0.53002
0.557723
0.579319
0.592205
0.59434
0.584359
0.561763
0.527175
0.482455
0.430517
0.374811
0.318652
0.264652
0.214471
0.168902
0.128177
0.092331
0.0614853
0.0360263
0.0166529
0.00430964
0
0
0.00245588
0.0100237
0.0235256
0.0444103
0.0744348
0.115183
0.167618
0.23183
0.307024
0.391619
0.48331
0.579024
0.674863
0.766273
0.848577
0.91784
0.971855
1.01089
1.03795
1.0583
1.07837
1.10418
1.1397
1.18591
1.2409
1.30075
1.36081
1.41685
1.46591
1.50674
1.53972
1.56624
1.58781
1.60534
1.61892
1.6281
1.63234
1.63099
1.62272
1.6047
1.57223
1.51945
1.44106
1.33468
1.20295
1.05452
0.903255
0.765258
0.653016
0.568616
0.50171
0.436332
0.360461
0.270718
0.172524
0.0827745
0.0667309
0.119807
0.15751
0.165268
0.146204
0.119973
0.129626
0.188852
0.26579
0.338378
0.396488
0.436782
0.460564
0.472041
0.476518
0.478902
0.482924
0.491099
0.504909
0.52477
0.549842
0.578008
0.606199
0.630864
0.648373
0.655352
0.649041
0.627783
0.591512
0.542012
0.482708
0.417991
0.35229
0.289252
0.231283
0.179562
0.134366
0.0955428
0.0629106
0.036522
0.0167637
0.00431783
0
0
0.00245348
0.0100128
0.023504
0.0443865
0.0744407
0.115302
0.16804
0.232946
0.309518
0.396511
0.491874
0.592562
0.694393
0.792257
0.880847
0.955827
1.01511
1.05978
1.09423
1.12532
1.16068
1.20654
1.26592
1.33805
1.41885
1.5022
1.58132
1.64986
1.70299
1.73809
1.75513
1.75635
1.74544
1.72672
1.70467
1.68407
1.66998
1.66684
1.67637
1.69542
1.71515
1.72271
1.70456
1.65029
1.55553
1.42338
1.26386
1.0915
0.921576
0.765882
0.629816
0.512258
0.408699
0.315803
0.234859
0.172656
0.137149
0.125001
0.121944
0.126597
0.157649
0.224827
0.315824
0.413528
0.503488
0.575272
0.623255
0.646851
0.649896
0.639173
0.622418
0.606392
0.595737
0.592938
0.59897
0.613831
0.636587
0.665157
0.696242
0.725528
0.748103
0.759018
0.754029
0.730433
0.687802
0.628284
0.556277
0.477502
0.397787
0.321975
0.253294
0.193286
0.142192
0.0995293
0.0646496
0.0371197
0.0168974
0.00432811
0
0
0.00245219
0.0100122
0.0235131
0.0444081
0.0744503
0.115247
0.167888
0.23279
0.309708
0.397734
0.495113
0.598911
0.704795
0.807303
0.900766
0.980742
1.04553
1.09713
1.14122
1.18585
1.23914
1.30682
1.39066
1.48825
1.59395
1.70017
1.79851
1.88081
1.94026
1.97256
1.97673
1.95535
1.91386
1.85957
1.8007
1.7461
1.70522
1.68704
1.69724
1.7347
1.78984
1.84647
1.88621
1.89315
1.85727
1.77605
1.65428
1.50219
1.3326
1.15813
0.989225
0.83348
0.696028
0.580335
0.488979
0.424181
0.387951
0.381726
0.405558
0.457165
0.531241
0.619387
0.710926
0.794512
0.860121
0.900884
0.914319
0.902654
0.872173
0.831684
0.790429
0.756022
0.733168
0.723664
0.727349
0.743057
0.768918
0.80211
0.838553
0.872899
0.898928
0.910322
0.901734
0.869935
0.81469
0.739027
0.648706
0.551013
0.453261
0.36148
0.27965
0.209595
0.151415
0.104185
0.0666636
0.0378084
0.0170521
0.00434046
0
0
0.00245198
0.0100213
0.0235523
0.0444768
0.0744764
0.115057
0.167244
0.231496
0.307765
0.395452
0.493112
0.59799
0.705739
0.810735
0.907145
0.990567
1.05966
1.11711
1.16934
1.22484
1.29153
1.37442
1.47435
1.58827
1.71028
1.83268
1.94676
2.04361
2.11517
2.15562
2.16267
2.13818
2.08786
2.01995
1.94379
1.86885
1.80462
1.76047
1.74445
1.76035
1.80476
1.8666
1.92984
1.97802
1.9982
1.98329
1.93256
1.85062
1.74546
1.62648
1.503
1.38351
1.27537
1.1845
1.1151
1.06938
1.04752
1.04797
1.06773
1.10247
1.14646
1.19263
1.233
1.25979
1.26676
1.25065
1.21197
1.15512
1.0876
1.01853
0.956775
0.909182
0.879529
0.868651
0.875356
0.897326
0.931423
0.973483
1.01803
1.05827
1.08662
1.09562
1.0793
1.03448
0.961702
0.865325
0.75276
0.632965
0.514707
0.405087
0.30871
0.22758
0.16159
0.109323
0.0688865
0.0385706
0.0172251
0.00435478
0
0
0.00245278
0.0100397
0.0236213
0.0445994
0.0745512
0.114825
0.166305
0.229416
0.304232
0.390412
0.486814
0.590915
0.698472
0.803838
0.901128
0.985941
1.05705
1.11731
1.17314
1.23274
1.30341
1.38955
1.49182
1.60771
1.73251
1.86002
1.98289
2.09303
2.18244
2.24451
2.27553
2.27564
2.24882
2.20174
2.14198
2.07649
2.01101
1.95049
1.89982
1.86398
1.84683
1.84928
1.86795
1.89568
1.92374
1.94448
1.95325
1.9488
1.93269
1.90807
1.87859
1.8478
1.8188
1.79409
1.77533
1.76307
1.75662
1.75412
1.75289
1.74982
1.74157
1.72474
1.69604
1.65277
1.59352
1.5189
1.43193
1.33799
1.24414
1.15801
1.0865
1.03468
1.00524
0.998527
1.01302
1.04576
1.09247
1.1474
1.20329
1.25157
1.28309
1.28937
1.26412
1.20463
1.11262
0.994097
0.85829
0.715827
0.576816
0.449282
0.338321
0.246043
0.172126
0.11469
0.0712293
0.0393825
0.0174125
0.00437089
0
0
0.00245449
0.0100667
0.0237203
0.0447859
0.074721
0.114682
0.165361
0.227082
0.299966
0.383869
0.477927
0.579885
0.685689
0.789782
0.886262
0.970633
1.04146
1.10121
1.15568
1.21216
1.27716
1.35465
1.44577
1.54944
1.66323
1.78372
1.9064
2.02552
2.1345
2.22692
2.29785
2.34493
2.36875
2.37215
2.35882
2.33188
2.29289
2.24192
2.17851
2.10301
2.01798
1.92882
1.84354
1.7712
1.71963
1.69336
1.69282
1.71515
1.75568
1.80917
1.87038
1.9342
1.99581
2.05099
2.09624
2.12885
2.14679
2.14859
2.13342
2.10114
2.05229
1.988
1.90976
1.81941
1.71928
1.61249
1.50308
1.39603
1.29686
1.21116
1.14388
1.09876
1.07801
1.08205
1.10954
1.15731
1.22027
1.29135
1.36158
1.42059
1.45766
1.4633
1.43099
1.35868
1.24941
1.11092
0.954205
0.791428
0.633859
0.49027
0.366138
0.263659
0.182354
0.119995
0.0735879
0.0402158
0.0176094
0.0043885
0
0
0.00245699
0.0101015
0.0238492
0.0450478
0.0750382
0.11478
0.164753
0.225133
0.296026
0.377416
0.468672
0.567825
0.671082
0.77307
0.867942
0.951068
1.02062
1.0783
1.12884
1.1783
1.23221
1.29429
1.3664
1.44927
1.54314
1.64787
1.76241
1.88416
2.00875
2.13049
2.24337
2.34208
2.42261
2.48244
2.52005
2.53443
2.52443
2.4885
2.42465
2.33106
2.20724
2.05563
1.88316
1.70205
1.52934
1.38496
1.28779
1.24986
1.2715
1.34205
1.44547
1.56558
1.68833
1.80231
1.89883
1.97192
2.0182
2.03667
2.02833
1.99583
1.94286
1.87357
1.79194
1.70145
1.60516
1.50603
1.4074
1.3134
1.22887
1.15898
1.10849
1.08096
1.07827
1.10057
1.14632
1.21231
1.29333
1.3818
1.46771
1.5393
1.58445
1.59272
1.55735
1.47684
1.35544
1.20239
1.03015
0.852123
0.680456
0.524466
0.389927
0.279143
0.19161
0.124941
0.075853
0.04104
0.0178105
0.0044073
0
0
0.00246015
0.0101433
0.0240077
0.0453952
0.0755535
0.115269
0.164818
0.224214
0.293493
0.372691
0.461352
0.557776
0.6585
0.758461
0.852028
0.934563
1.00385
1.06076
1.10871
1.15235
1.19614
1.2435
1.29702
1.35908
1.43231
1.51934
1.62203
1.7404
1.87194
2.0116
2.15227
2.2857
2.40335
2.49723
2.56059
2.5886
2.57877
2.53088
2.44632
2.32714
2.17543
1.99381
1.78669
1.56172
1.3305
1.10851
0.915091
0.773578
0.707215
0.724198
0.807144
0.927214
1.06012
1.18895
1.30238
1.39333
1.45847
1.49768
1.51339
1.50968
1.49109
1.46139
1.42284
1.3761
1.32108
1.25832
1.19022
1.12175
1.06009
1.01311
0.987303
0.986029
1.00941
1.05559
1.12214
1.2062
1.30354
1.40729
1.50743
1.59142
1.64611
1.66019
1.62658
1.54411
1.4178
1.2579
1.07783
0.891723
0.712207
0.548907
0.407807
0.291393
0.19931
0.129258
0.077921
0.0418251
0.0180103
0.00442689
0
0
0.00246384
0.0101911
0.0241947
0.0458354
0.0763071
0.11627
0.165835
0.224857
0.293256
0.371032
0.457811
0.552125
0.650893
0.749545
0.84293
0.926678
0.998411
1.05822
1.10824
1.15162
1.1916
1.2312
1.27348
1.32205
1.38113
1.45504
1.54706
1.65832
1.78698
1.92796
2.07329
2.21282
2.3351
2.42852
2.48256
2.48943
2.44546
2.35199
2.21507
2.04386
1.8483
1.63723
1.41777
1.1961
0.978412
0.771324
0.581569
0.416319
0.287493
0.223547
0.251341
0.337081
0.439764
0.541137
0.632827
0.710808
0.774282
0.825223
0.867451
0.904979
0.940018
0.971568
0.995512
1.00626
0.999179
0.972929
0.930994
0.882048
0.838575
0.813359
0.81466
0.843402
0.895126
0.964554
1.04847
1.14539
1.25322
1.36686
1.47703
1.57104
1.63506
1.65711
1.62979
1.55191
1.42876
1.2709
1.09197
0.906179
0.72616
0.561547
0.418442
0.299593
0.205002
0.132725
0.0797025
0.0425434
0.0182031
0.00444687
0
0
0.00246789
0.0102439
0.0244084
0.046371
0.0773223
0.117859
0.167978
0.227381
0.295822
0.373154
0.458957
0.551923
0.649408
0.74754
0.841968
0.928956
1.00627
1.07347
1.13152
1.18211
1.22721
1.26915
1.31098
1.35679
1.41148
1.47979
1.56511
1.66831
1.78704
1.91573
2.04601
2.16735
2.26789
2.33537
2.35845
2.32833
2.2406
2.09665
1.90405
1.67553
1.42668
1.17311
0.928139
0.701697
0.500453
0.328572
0.188522
0.0828066
0.0366808
0.0736529
0.110082
0.139029
0.165911
0.194412
0.225598
0.25964
0.297832
0.343274
0.399359
0.466835
0.541799
0.616148
0.679792
0.723339
0.740519
0.730177
0.697685
0.655411
0.621107
0.612179
0.636806
0.690522
0.76303
0.846518
0.938381
1.03934
1.1498
1.26652
1.38119
1.48132
1.55292
1.58373
1.56611
1.49868
1.38642
1.23944
1.07077
0.893967
0.721087
0.561447
0.421157
0.303291
0.208407
0.135192
0.0811305
0.043172
0.0183841
0.00446682
0
0
0.00247216
0.0103003
0.0246458
0.046999
0.0786023
0.120054
0.171285
0.231841
0.301227
0.379006
0.464557
0.556639
0.653086
0.750919
0.846904
0.938291
1.02334
1.10137
1.17246
1.23706
1.29591
1.35037
1.40286
1.45699
1.51713
1.58736
1.67027
1.76586
1.8711
1.98007
2.08459
2.17496
2.24074
2.27152
2.25804
2.19352
2.0752
1.90556
1.69273
1.44976
1.19287
0.939278
0.705426
0.50682
0.359954
0.282179
0.272348
0.296685
0.323288
0.338191
0.337519
0.32175
0.293887
0.259158
0.224792
0.199148
0.190068
0.202966
0.239345
0.296136
0.365977
0.438506
0.502308
0.547121
0.565973
0.55709
0.52547
0.483932
0.452273
0.450467
0.485678
0.54877
0.626272
0.710241
0.799466
0.896392
1.00292
1.11691
1.23078
1.33262
1.40892
1.44784
1.44187
1.38934
1.29446
1.16614
1.01599
0.856147
0.69755
0.548835
0.415977
0.302418
0.209438
0.13659
0.0821645
0.0436944
0.018549
0.00448631
0
0
0.00247649
0.0103593
0.0249028
0.0477105
0.0801296
0.122818
0.175668
0.238036
0.309066
0.387857
0.473414
0.564458
0.659326
0.756086
0.852863
0.948173
1.04105
1.13092
1.21731
1.2997
1.37776
1.45172
1.5228
1.59323
1.66576
1.74283
1.82555
1.91297
2.00182
2.08667
2.16045
2.21516
2.2425
2.23467
2.18533
2.09078
1.95119
1.77147
1.5615
1.33556
1.1112
0.907943
0.745458
0.639253
0.592009
0.58872
0.606353
0.626438
0.638082
0.63554
0.615946
0.578589
0.525271
0.460862
0.393224
0.332085
0.286958
0.264719
0.267849
0.294013
0.336633
0.386081
0.43149
0.4629
0.473265
0.460093
0.426722
0.383332
0.347068
0.33744
0.363323
0.416554
0.483974
0.558175
0.638377
0.727107
0.826132
0.93334
1.04173
1.14056
1.2178
1.2629
1.26896
1.23406
1.16122
1.05755
0.932485
0.79613
0.657767
0.525027
0.403599
0.297284
0.208194
0.136931
0.0827928
0.0441011
0.0186945
0.00450495
0
0
0.00248075
0.0104195
0.0251745
0.0484916
0.0818683
0.126064
0.180937
0.245586
0.318647
0.398572
0.483815
0.572964
0.664853
0.758684
0.854074
0.950963
1.04935
1.14897
1.24903
1.3483
1.44541
1.53934
1.62976
1.71703
1.80181
1.88446
1.96447
2.04014
2.10854
2.16574
2.20707
2.22743
2.22164
2.18484
2.11317
2.00462
1.85989
1.68309
1.48206
1.26867
1.05898
0.873555
0.736151
0.665776
0.661341
0.699262
0.751902
0.800386
0.83431
0.848106
0.838891
0.806043
0.751717
0.681408
0.603813
0.529567
0.468898
0.428798
0.411041
0.412397
0.426496
0.44553
0.461404
0.466915
0.457059
0.430098
0.388242
0.338089
0.29096
0.261898
0.262907
0.293016
0.342078
0.402357
0.471687
0.550786
0.639827
0.73617
0.833776
0.924061
0.997557
1.04578
1.06287
1.04656
0.998394
0.923126
0.82754
0.719179
0.605298
0.492251
0.385285
0.288523
0.204945
0.136299
0.0830307
0.0443899
0.0188184
0.0045224
0
0
0.00248478
0.0104795
0.0254554
0.0493242
0.0837687
0.129674
0.186839
0.254014
0.329171
0.40993
0.494043
0.57987
0.666719
0.754931
0.845636
0.940221
1.03969
1.14415
1.25257
1.36298
1.47289
1.57985
1.68188
1.77753
1.86572
1.94536
2.01503
2.07297
2.1173
2.1464
2.15915
2.15495
2.13337
2.09368
2.03444
1.95325
1.84697
1.71266
1.54925
1.35991
1.15437
0.950663
0.775985
0.663224
0.633286
0.671792
0.741909
0.813579
0.870151
0.903554
0.910404
0.890524
0.846797
0.785306
0.714962
0.646177
0.58854
0.548101
0.525607
0.516965
0.515488
0.514163
0.507024
0.489913
0.460923
0.420526
0.371396
0.318087
0.266864
0.225773
0.203855
0.206959
0.233177
0.276333
0.331748
0.39697
0.470101
0.548416
0.627782
0.702731
0.767038
0.814646
0.840697
0.842412
0.819516
0.774085
0.709925
0.631768
0.544614
0.453368
0.362713
0.277013
0.200088
0.134844
0.0829177
0.0445656
0.0189197
0.00453834
0
0
0.00248846
0.0105382
0.0257393
0.0501869
0.0857719
0.133509
0.1931
0.262841
0.339893
0.420887
0.502755
0.583556
0.66302
0.742578
0.8248
0.912446
1.00747
1.1103
1.21961
1.33255
1.44532
1.55384
1.65449
1.74449
1.82208
1.8862
1.93614
1.9714
1.99199
1.99902
1.99524
1.98482
1.97221
1.96004
1.94687
1.92582
1.88544
1.81272
1.69769
1.53767
1.3401
1.12292
0.913381
0.745518
0.651699
0.640493
0.684637
0.746657
0.801283
0.835869
0.84549
0.830011
0.792935
0.740814
0.682365
0.626897
0.58209
0.551801
0.535084
0.527194
0.521809
0.513074
0.496822
0.471137
0.436401
0.394897
0.35005
0.305606
0.265106
0.231864
0.2092
0.200179
0.206276
0.226283
0.257213
0.296082
0.340743
0.389693
0.441432
0.493807
0.543658
0.586957
0.619429
0.637407
0.638548
0.622136
0.588941
0.540858
0.480596
0.411556
0.337779
0.263776
0.194107
0.132756
0.0825115
0.0446385
0.0189984
0.00455254
0
0
0.00249169
0.0105941
0.0260195
0.0510569
0.0878147
0.137429
0.199454
0.27164
0.350216
0.43072
0.509185
0.583322
0.653234
0.721351
0.791563
0.86789
0.953159
1.04811
1.15109
1.25832
1.36452
1.46387
1.55118
1.62286
1.67752
1.71585
1.73983
1.75194
1.75502
1.75283
1.75068
1.75502
1.77116
1.79983
1.83441
1.86096
1.86149
1.81929
1.7241
1.57578
1.38536
1.17346
0.967048
0.795391
0.683725
0.640861
0.650363
0.682917
0.714447
0.731161
0.727368
0.703113
0.662691
0.613363
0.563691
0.521433
0.491441
0.474427
0.467321
0.464947
0.461924
0.453994
0.438746
0.415872
0.386995
0.355077
0.323521
0.295287
0.272391
0.255867
0.24591
0.241894
0.242349
0.245298
0.249087
0.253276
0.259061
0.268895
0.285371
0.309881
0.341726
0.378053
0.41449
0.446145
0.468568
0.478377
0.473505
0.453198
0.418031
0.369972
0.3124
0.249868
0.187518
0.13025
0.0818816
0.0446236
0.0190556
0.00456482
0
0
0.00249437
0.0106462
0.0262896
0.0519104
0.0898338
0.141298
0.205665
0.280067
0.359734
0.439061
0.513166
0.579399
0.63819
0.692873
0.748532
0.810337
0.881973
0.96458
1.05636
1.15279
1.2473
1.33244
1.40152
1.45028
1.47815
1.48838
1.48695
1.48076
1.4763
1.47937
1.49529
1.528
1.57761
1.63779
1.69527
1.73245
1.73202
1.68197
1.57933
1.43163
1.25567
1.07394
0.909761
0.782224
0.70115
0.663622
0.655887
0.660557
0.662944
0.653527
0.628276
0.588346
0.539219
0.488945
0.445582
0.414559
0.397164
0.390932
0.391359
0.3936
0.393566
0.388533
0.377451
0.360965
0.34113
0.320827
0.303003
0.289946
0.282761
0.281094
0.283072
0.285531
0.284665
0.277061
0.260881
0.236797
0.208311
0.181283
0.162717
0.158728
0.171909
0.200243
0.238672
0.280953
0.320752
0.352395
0.371378
0.374707
0.361147
0.331435
0.288319
0.236272
0.180817
0.12754
0.0811025
0.0445383
0.0190929
0.00457505
0
0
0.00249641
0.0106932
0.0265431
0.0527243
0.0917684
0.144993
0.211531
0.287867
0.368219
0.44586
0.515035
0.572759
0.619765
0.660198
0.700205
0.746024
0.802229
0.870569
0.949485
1.03421
1.11743
1.19054
1.2456
1.27754
1.28605
1.27623
1.25749
1.24103
1.23697
1.25249
1.29087
1.35077
1.42531
1.50203
1.56468
1.59679
1.58599
1.52772
1.42712
1.29812
1.1595
1.0293
0.919704
0.83508
0.773639
0.730363
0.698892
0.672271
0.643723
0.60802
0.563109
0.511167
0.458166
0.411633
0.377391
0.357253
0.349229
0.349432
0.353601
0.357805
0.358966
0.355359
0.346844
0.334729
0.321349
0.309464
0.301573
0.29921
0.302383
0.30931
0.316539
0.319498
0.313435
0.294665
0.261876
0.217063
0.165637
0.115419
0.074543
0.0490594
0.0438548
0.0631365
0.101804
0.151393
0.203847
0.251684
0.288593
0.309954
0.313217
0.298158
0.266937
0.223812
0.174437
0.124824
0.0802464
0.0444012
0.0191126
0.00458318
0
0
0.00249777
0.010734
0.0267737
0.0534768
0.0935633
0.148406
0.216893
0.294866
0.375582
0.451286
0.515448
0.564813
0.600404
0.627082
0.651931
0.682157
0.723255
0.7778
0.84489
0.920116
0.996093
1.06371
1.11416
1.14144
1.14462
1.12887
1.10464
1.08516
1.08279
1.10583
1.15664
1.23125
1.32011
1.40968
1.48494
1.53243
1.54342
1.51608
1.45559
1.37176
1.27511
1.17368
1.07244
0.974942
0.884573
0.804049
0.733985
0.672409
0.615779
0.560795
0.506191
0.453754
0.407749
0.372601
0.350364
0.340117
0.339252
0.344508
0.352154
0.358409
0.360437
0.35714
0.349251
0.338849
0.328624
0.32114
0.318181
0.320252
0.326303
0.333707
0.338489
0.335863
0.321154
0.291056
0.244995
0.186169
0.122039
0.0654773
0.0420034
0.0531564
0.0556967
0.0386544
0.0245225
0.0668009
0.124634
0.181366
0.228954
0.261722
0.276244
0.271551
0.249206
0.213083
0.168715
0.122267
0.0793783
0.0442303
0.0191172
0.0045892
0
0
0.00249841
0.0107679
0.0269761
0.0541482
0.0951698
0.151448
0.221627
0.300954
0.381832
0.455626
0.515181
0.557064
0.582582
0.59722
0.608842
0.625497
0.653571
0.696594
0.754597
0.823912
0.897495
0.966055
1.02009
1.05252
1.06111
1.04972
1.02777
1.00803
1.00332
1.02332
1.07226
1.14832
1.24441
1.34988
1.45221
1.53883
1.59872
1.62394
1.61042
1.55803
1.4703
1.35408
1.21948
1.07897
0.944952
0.826306
0.726029
0.642036
0.570302
0.50768
0.45297
0.406687
0.370179
0.344568
0.330203
0.326705
0.332655
0.344844
0.358492
0.368872
0.37303
0.370469
0.36275
0.352532
0.342596
0.335121
0.331273
0.331028
0.33311
0.335002
0.333089
0.32308
0.300846
0.263621
0.211308
0.147559
0.0811152
0.0386077
0.0640961
0.0938072
0.102216
0.0875674
0.0573334
0.0458102
0.0878631
0.143216
0.193343
0.230626
0.250783
0.252131
0.235572
0.204426
0.163876
0.11999
0.0785506
0.0440416
0.0191092
0.00459315
0
0
0.0024983
0.0107941
0.0271453
0.0547216
0.0965477
0.154048
0.225642
0.306065
0.387017
0.459174
0.514933
0.550787
0.568329
0.573556
0.574952
0.581251
0.59965
0.634661
0.687375
0.754994
0.830852
0.905351
0.968001
1.01022
1.028
1.02339
1.00422
0.982091
0.969668
0.977919
1.01411
1.08076
1.17549
1.2914
1.41736
1.53864
1.63829
1.69987
1.71084
1.66554
1.56692
1.42655
1.2628
1.09702
0.947885
0.825379
0.728279
0.648182
0.576815
0.51036
0.449128
0.39528
0.351216
0.319282
0.301804
0.29997
0.311697
0.331182
0.351257
0.366226
0.373271
0.372364
0.365315
0.354654
0.342782
0.33156
0.32215
0.314916
0.309262
0.303478
0.294762
0.279579
0.254454
0.217085
0.167535
0.109288
0.0519194
0.0386677
0.0762651
0.104241
0.11205
0.0997451
0.0746974
0.0603377
0.0863241
0.132989
0.179007
0.215011
0.235977
0.239573
0.226004
0.19793
0.160024
0.118069
0.0778015
0.0438481
0.0190909
0.00459511
0
0
0.00249746
0.010812
0.0272774
0.0551836
0.0976654
0.156154
0.228877
0.310168
0.391197
0.46216
0.515192
0.546813
0.558885
0.55781
0.552524
0.552282
0.564985
0.596118
0.647901
0.718469
0.801482
0.886792
0.962473
1.01785
1.0466
1.04863
1.03014
1.00185
0.976412
0.965995
0.98056
1.02662
1.10605
1.21489
1.3425
1.47194
1.58221
1.65243
1.66684
1.61915
1.51489
1.37095
1.21231
1.06533
0.948283
0.863203
0.797253
0.733946
0.663387
0.584605
0.50252
0.424099
0.356186
0.30517
0.276519
0.271782
0.285586
0.308217
0.330823
0.347849
0.35696
0.358062
0.352244
0.341047
0.326186
0.309492
0.292775
0.277458
0.264094
0.251992
0.239168
0.222755
0.199829
0.168468
0.128794
0.084025
0.0439958
0.0405147
0.0668367
0.0867062
0.09219
0.0843965
0.0722573
0.0747874
0.101969
0.14133
0.180381
0.211518
0.229909
0.232892
0.220079
0.193469
0.157156
0.116532
0.0771528
0.043659
0.0190644
0.00459519
0
0
0.0024959
0.0108213
0.0273697
0.0555241
0.0985011
0.157731
0.231298
0.313249
0.394412
0.464709
0.516175
0.545431
0.554578
0.550298
0.541809
0.538707
0.549438
0.580363
0.634817
0.711941
0.80582
0.905795
0.998395
1.07057
1.11321
1.12362
1.10605
1.07024
1.0289
0.995294
0.981509
0.997009
1.04675
1.1289
1.23347
1.34319
1.43667
1.49327
1.49846
1.44817
1.35104
1.2275
1.10481
1.00723
0.943788
0.903467
0.865119
0.811798
0.737539
0.646204
0.547146
0.451117
0.367998
0.306178
0.271422
0.263335
0.273898
0.292621
0.311735
0.326998
0.336422
0.339035
0.334362
0.322569
0.304832
0.283403
0.261149
0.240705
0.223586
0.209616
0.196998
0.183038
0.165183
0.141991
0.11382
0.0832855
0.0560759
0.0423795
0.0467109
0.0561235
0.0622911
0.0667403
0.0765211
0.0970445
0.126684
0.160024
0.191483
0.216176
0.230139
0.230718
0.217113
0.190754
0.155182
0.115365
0.0766114
0.0434799
0.0190313
0.0045935
0
0
0.00249368
0.0108218
0.0274204
0.0557372
0.0990423
0.158761
0.232888
0.315307
0.39668
0.466835
0.517837
0.546439
0.554913
0.550083
0.541261
0.538158
0.549496
0.582205
0.640509
0.724531
0.829018
0.943247
1.0527
1.14234
1.20044
1.22156
1.20767
1.16709
1.1121
1.05649
1.01361
0.994828
1.0074
1.05168
1.11939
1.19477
1.25845
1.29238
1.28487
1.23435
1.15102
1.05536
0.971979
0.918182
0.893216
0.879595
0.856245
0.809951
0.738607
0.648883
0.55199
0.459762
0.382145
0.325921
0.293531
0.282004
0.284428
0.293805
0.305425
0.316522
0.324881
0.328095
0.323996
0.311696
0.292301
0.268779
0.245015
0.224456
0.208812
0.197459
0.187961
0.177392
0.163615
0.145986
0.12542
0.104026
0.0845846
0.0701101
0.0632031
0.0647571
0.0736091
0.0882544
0.107777
0.131285
0.157297
0.183597
0.20734
0.225286
0.234209
0.231569
0.216303
0.189401
0.153949
0.114525
0.0761704
0.0433123
0.0189927
0.00459017
0
0
0.00249087
0.0108138
0.027429
0.0558208
0.0992854
0.159244
0.233652
0.316351
0.397992
0.468461
0.519932
0.549278
0.558839
0.555417
0.548219
0.54681
0.55982
0.594274
0.654822
0.742367
0.852569
0.975328
1.09609
1.19888
1.27024
1.30252
1.29546
1.25553
1.19386
1.12367
1.05827
1.00954
0.986225
0.991374
1.02017
1.06037
1.09583
1.11141
1.09751
1.05322
0.987413
0.916947
0.860651
0.829587
0.819734
0.815265
0.799306
0.762125
0.703168
0.628986
0.549554
0.474672
0.411558
0.363921
0.332115
0.31393
0.30596
0.305106
0.309163
0.316131
0.323179
0.326648
0.323281
0.31171
0.293133
0.270853
0.248984
0.23087
0.217802
0.208705
0.201008
0.192149
0.180774
0.167163
0.152855
0.139749
0.129297
0.122341
0.119487
0.121283
0.127903
0.138914
0.153471
0.170586
0.189131
0.207627
0.224051
0.235796
0.239972
0.234071
0.216848
0.188995
0.153269
0.113941
0.0758123
0.0431545
0.0189491
0.00458536
0
0
0.00248754
0.0107976
0.0273963
0.0557764
0.0992348
0.159188
0.233606
0.316392
0.398321
0.469445
0.522095
0.55321
0.565072
0.564291
0.559769
0.56069
0.575248
0.610077
0.669705
0.755448
0.86395
0.986393
1.10931
1.21722
1.29627
1.3376
1.33919
1.30562
1.24623
1.17267
1.0969
1.02972
0.979831
0.952202
0.946273
0.955215
0.967778
0.972168
0.96017
0.93
0.887158
0.842706
0.808564
0.790942
0.786239
0.783423
0.770734
0.741145
0.694107
0.634303
0.568928
0.504995
0.447687
0.399986
0.363037
0.336669
0.319965
0.311811
0.310994
0.315554
0.322177
0.32667
0.325465
0.31703
0.302309
0.284066
0.265641
0.249685
0.23733
0.228053
0.220303
0.212577
0.204335
0.196231
0.189482
0.184886
0.182352
0.181317
0.181428
0.182781
0.185715
0.190544
0.197456
0.206433
0.217088
0.228431
0.238715
0.245461
0.245785
0.237106
0.218048
0.18914
0.152945
0.113534
0.0755119
0.0430022
0.0189008
0.00457921
0
0
0.00248381
0.0107737
0.027324
0.0556088
0.0989016
0.158616
0.232779
0.315444
0.397619
0.469608
0.523907
0.557462
0.572363
0.574868
0.573418
0.576643
0.592083
0.625653
0.681305
0.760315
0.860132
0.973539
1.08905
1.19292
1.2723
1.31833
1.328
1.30426
1.25451
1.1884
1.11582
1.04563
0.98502
0.938934
0.909261
0.894039
0.887726
0.883114
0.874192
0.858568
0.838336
0.818859
0.805654
0.80068
0.800466
0.797578
0.784248
0.755653
0.711318
0.654607
0.591054
0.526555
0.466133
0.413444
0.370726
0.338909
0.317892
0.306931
0.304741
0.309106
0.3166
0.323173
0.325442
0.321766
0.312471
0.29929
0.284493
0.270148
0.257641
0.247501
0.239556
0.23343
0.229053
0.226716
0.226573
0.228123
0.230285
0.231974
0.232603
0.232196
0.231237
0.230497
0.230875
0.233152
0.237608
0.243645
0.249617
0.252952
0.250613
0.2399
0.219367
0.189498
0.152794
0.113218
0.07524
0.0428492
0.0188476
0.00457187
0
0
0.00247978
0.010743
0.0272148
0.0553251
0.0983019
0.157554
0.2312
0.313515
0.395825
0.468742
0.524938
0.561301
0.579626
0.585696
0.58738
0.592673
0.608388
0.639598
0.689449
0.758799
0.845534
0.943927
1.0448
1.13692
1.20946
1.25457
1.26913
1.255
1.21788
1.16549
1.10576
1.04556
0.990287
0.943667
0.907726
0.882566
0.866355
0.855942
0.848143
0.841074
0.83475
0.830462
0.829199
0.829985
0.829252
0.821739
0.80241
0.768321
0.719605
0.659314
0.592424
0.524538
0.460828
0.40537
0.360814
0.328309
0.307688
0.297882
0.297169
0.303063
0.312234
0.321002
0.326293
0.326386
0.321079
0.311348
0.298832
0.285375
0.272657
0.261944
0.253985
0.249114
0.247408
0.248667
0.25221
0.256802
0.260973
0.263505
0.263769
0.261787
0.258152
0.253896
0.250315
0.248645
0.249559
0.252682
0.256368
0.257892
0.254048
0.242048
0.220457
0.189815
0.152656
0.112914
0.0749665
0.0426885
0.0187892
0.0045635
0
0
0.00247558
0.0107064
0.027072
0.0549347
0.0974552
0.156032
0.228902
0.31061
0.392859
0.466619
0.524746
0.564041
0.585935
0.595669
0.600487
0.60774
0.623544
0.652192
0.696014
0.755286
0.827966
0.909409
0.992508
1.06865
1.12947
1.16877
1.18399
1.17648
1.15074
1.11295
1.06941
1.02548
0.985089
0.95071
0.923556
0.903726
0.890377
0.882016
0.876974
0.873895
0.871917
0.870406
0.868362
0.86387
0.854025
0.835477
0.80542
0.762606
0.707931
0.644371
0.576347
0.508826
0.446492
0.393129
0.351234
0.321825
0.30453
0.297969
0.3001
0.308242
0.319088
0.329127
0.33542
0.33624
0.331282
0.32145
0.308417
0.294128
0.280396
0.268667
0.259936
0.254756
0.253258
0.255085
0.259313
0.264545
0.269244
0.272148
0.27255
0.270401
0.26628
0.261275
0.256794
0.254197
0.254276
0.25671
0.259811
0.260747
0.256228
0.243472
0.221147
0.189919
0.152408
0.112552
0.0746631
0.0425131
0.0187253
0.00455426
0
0
0.00247133
0.0106648
0.0268996
0.054448
0.0963826
0.154085
0.225916
0.306725
0.38863
0.462996
0.522884
0.565009
0.590434
0.60384
0.611854
0.62122
0.637459
0.664233
0.703214
0.754145
0.814868
0.881377
0.948092
1.00859
1.0568
1.08835
1.1016
1.09789
1.08099
1.05591
1.02775
1.00071
0.977621
0.959956
0.94797
0.941009
0.937794
0.936717
0.936126
0.934553
0.93078
0.923751
0.912372
0.895349
0.87121
0.838572
0.79661
0.745528
0.686825
0.6232
0.558157
0.495463
0.438667
0.390731
0.35371
0.328503
0.31479
0.311282
0.315974
0.326143
0.338357
0.348923
0.354721
0.353956
0.346474
0.333554
0.317329
0.30009
0.283757
0.269681
0.258701
0.251293
0.247623
0.247479
0.250154
0.254462
0.258977
0.262402
0.263893
0.263229
0.260825
0.257615
0.254849
0.253742
0.254982
0.25819
0.261655
0.262551
0.257656
0.244324
0.221401
0.189711
0.151959
0.112078
0.0743059
0.042317
0.0186557
0.00454434
0
0
0.00246718
0.0106195
0.0267017
0.0538759
0.0951063
0.151743
0.222273
0.301855
0.383046
0.457628
0.5189
0.56353
0.592248
0.609223
0.620511
0.632329
0.649725
0.675916
0.712148
0.757807
0.81063
0.866964
0.922197
0.97142
1.01031
1.03605
1.04797
1.04765
1.03844
1.02457
1.01019
0.998504
0.991443
0.989531
0.992098
0.997588
1.00393
1.0089
1.01043
1.00687
0.997054
0.980325
0.956376
0.925126
0.88664
0.84117
0.789319
0.732215
0.671586
0.609641
0.54883
0.491606
0.44028
0.39693
0.363234
0.340179
0.327852
0.325457
0.331375
0.343024
0.356804
0.368606
0.374833
0.373363
0.363997
0.348249
0.328633
0.307807
0.287913
0.270339
0.255854
0.244875
0.237647
0.234216
0.234253
0.236914
0.240951
0.245054
0.248233
0.250054
0.250672
0.250705
0.251049
0.252588
0.255763
0.26009
0.263896
0.264517
0.258963
0.244851
0.221254
0.189139
0.151246
0.111449
0.0738764
0.0420956
0.0185802
0.00453391
0
0
0.00246324
0.0105716
0.0264828
0.0532299
0.0936488
0.149041
0.218006
0.296006
0.376034
0.450304
0.512387
0.558959
0.590493
0.610722
0.625221
0.639772
0.659078
0.686091
0.72185
0.765607
0.815097
0.866902
0.91696
0.961235
0.996466
1.02085
1.03443
1.03906
1.03794
1.03478
1.03295
1.03484
1.04146
1.0524
1.06604
1.07998
1.09143
1.09772
1.09669
1.08689
1.06774
1.03941
1.00266
0.958565
0.908306
0.853089
0.794138
0.732773
0.670439
0.608665
0.548983
0.492914
0.442052
0.398146
0.362966
0.33792
0.323648
0.319898
0.325529
0.338265
0.354474
0.369638
0.379513
0.381318
0.374339
0.359775
0.340037
0.317855
0.295589
0.274922
0.256924
0.242294
0.231565
0.225094
0.222845
0.224188
0.227957
0.232817
0.237687
0.241976
0.245583
0.248773
0.252028
0.255835
0.260347
0.264984
0.268197
0.267621
0.26065
0.245254
0.220745
0.188178
0.150232
0.110639
0.0733631
0.0418464
0.0184994
0.00452317
0
0
0
0
0
0
0
0
0
0
0
0
0
0
0
0
0
0
0
0
0
0
0
4.8718e-07
0
0
4.61557e-07
0
0
0
0
0
4.66118e-07
0
0
3.88473e-07
2.58288e-07
0
0
0
4.14772e-07
3.68103e-07
0
0
0
2.80053e-07
8.79615e-08
0
0
0
1.08889e-07
2.21481e-07
1.11967e-07
7.99876e-08
5.62289e-08
1.1526e-07
0
7.84523e-08
0
0
0
0
0
1.41294e-07
7.98951e-08
0
0
1.39006e-07
0
0
0
0
0
0
0
1.03668e-07
0
0
0
0
0
0
0
0
0
0
0
0
0
0
0
0
0
0
0
0
0
0
0
0
0
