NUMBER_OF_POINTS=10000
DIMENSION=1
TYPE=Scalar
0
0.00444669
0.0182097
0.0417295
0.0750118
0.117434
0.167643
0.223592
0.282706
0.342172
0.399285
0.451808
0.498268
0.538129
0.571782
0.60033
0.6252
0.6477
0.668664
0.688297
0.706232
0.721697
0.733719
0.741322
0.743738
0.740636
0.73231
0.719755
0.704595
0.688868
0.674735
0.664178
0.658769
0.659489
0.666585
0.67937
0.696031
0.713638
0.728521
0.73703
0.736439
0.725668
0.705561
0.678608
0.648221
0.617847
0.590234
0.567077
0.54905
0.536076
0.527625
0.522865
0.520639
0.5194
0.517278
0.51239
0.503325
0.489578
0.471685
0.450968
0.428999
0.407039
0.385726
0.365097
0.344876
0.324833
0.305059
0.286133
0.269185
0.255763
0.247272
0.244066
0.244925
0.247713
0.250864
0.254479
0.260169
0.269625
0.282949
0.298098
0.311705
0.320264
0.320863
0.311508
0.291555
0.262408
0.228156
0.195514
0.172007
0.161389
0.159721
0.158451
0.150538
0.133034
0.106923
0.0760411
0.0456328
0.0207906
0.00512567
0
0
0.00444981
0.0182365
0.0418387
0.0753356
0.118217
0.169263
0.226545
0.287552
0.349451
0.409417
0.464994
0.514414
0.556803
0.592223
0.621527
0.646055
0.66725
0.686287
0.703841
0.720004
0.734348
0.746071
0.754199
0.757818
0.756326
0.749648
0.738349
0.723619
0.707142
0.690892
0.676936
0.667242
0.663459
0.666593
0.676594
0.692039
0.710155
0.727287
0.739711
0.744475
0.740041
0.726527
0.705519
0.679543
0.651392
0.623539
0.597788
0.57521
0.556273
0.541018
0.529161
0.520077
0.512753
0.505846
0.497918
0.487809
0.474979
0.459617
0.442461
0.424416
0.406164
0.387969
0.369735
0.351226
0.332315
0.313153
0.294286
0.276763
0.262116
0.251956
0.247106
0.246877
0.249372
0.252767
0.256481
0.261341
0.268651
0.27885
0.290778
0.301985
0.309544
0.310712
0.303349
0.286446
0.260893
0.23016
0.200239
0.177954
0.166925
0.164011
0.161558
0.152799
0.134687
0.108071
0.0767435
0.0459765
0.0209039
0.00514078
0
0
0.00445211
0.0182551
0.0419159
0.0755767
0.118833
0.170606
0.229108
0.291942
0.356315
0.419345
0.478401
0.531417
0.577115
0.615083
0.645707
0.669963
0.689132
0.704501
0.717125
0.727669
0.736363
0.743032
0.747214
0.748323
0.745848
0.739538
0.729546
0.716501
0.701521
0.686178
0.672428
0.662451
0.65831
0.661402
0.671847
0.688132
0.707288
0.725568
0.739323
0.745756
0.743374
0.732084
0.712979
0.687931
0.659113
0.628597
0.598125
0.569035
0.542307
0.518622
0.498366
0.481566
0.467834
0.45642
0.446387
0.436898
0.427426
0.417806
0.408077
0.398226
0.387996
0.37689
0.364342
0.349949
0.333629
0.315663
0.296715
0.27791
0.260923
0.247774
0.240072
0.238036
0.240249
0.244581
0.249464
0.254508
0.260197
0.267062
0.274908
0.282567
0.288137
0.289408
0.284326
0.271636
0.251722
0.227275
0.203192
0.184955
0.175282
0.171529
0.167361
0.15691
0.137418
0.109747
0.0776521
0.0463775
0.0210256
0.00515603
0
0
0.00445344
0.0182639
0.0419524
0.0757021
0.119188
0.171446
0.230822
0.295039
0.361377
0.426937
0.488954
0.545082
0.593617
0.633614
0.664883
0.687886
0.703564
0.713128
0.71787
0.719011
0.717595
0.714443
0.710133
0.705019
0.699259
0.692859
0.685758
0.677956
0.6697
0.661677
0.655146
0.65186
0.653673
0.661847
0.676321
0.695379
0.71595
0.734412
0.747492
0.752908
0.749643
0.737864
0.718609
0.693403
0.663914
0.63174
0.598329
0.564994
0.53295
0.503286
0.476881
0.454267
0.435548
0.42043
0.408368
0.398781
0.391184
0.385184
0.380348
0.376041
0.371371
0.365318
0.356971
0.345771
0.331611
0.314785
0.295924
0.276043
0.256713
0.240115
0.228574
0.223517
0.22454
0.229602
0.236213
0.242546
0.247848
0.252205
0.255994
0.259314
0.261659
0.261887
0.258509
0.250319
0.237246
0.221005
0.204968
0.192743
0.185741
0.181618
0.175474
0.162701
0.141168
0.111934
0.0787611
0.0468329
0.0211545
0.0051712
0
0
0.00445372
0.0182617
0.0419419
0.0756883
0.119212
0.171611
0.23132
0.296152
0.363456
0.430346
0.493959
0.551711
0.601503
0.641876
0.672083
0.692098
0.702541
0.704556
0.699655
0.689571
0.676133
0.661179
0.646485
0.633667
0.624014
0.618281
0.616545
0.618261
0.622556
0.628682
0.636405
0.646147
0.658729
0.674774
0.694023
0.714983
0.735129
0.751585
0.761915
0.764672
0.759557
0.747219
0.728848
0.705772
0.679191
0.650103
0.619393
0.587969
0.556833
0.527049
0.499582
0.475122
0.453965
0.436028
0.420982
0.408428
0.397999
0.389369
0.382152
0.375805
0.369586
0.362635
0.354156
0.343594
0.330707
0.315513
0.298224
0.279301
0.259698
0.241097
0.225855
0.216315
0.213618
0.216878
0.223585
0.230874
0.236639
0.239968
0.240997
0.240428
0.238965
0.236874
0.23383
0.229196
0.222674
0.21489
0.207381
0.201657
0.197771
0.193544
0.185338
0.169852
0.145783
0.114565
0.0800458
0.0473344
0.0212882
0.00518604
0
0
0.00445287
0.0182481
0.0418821
0.0755247
0.118868
0.171006
0.230384
0.294854
0.361813
0.428406
0.491737
0.549063
0.597982
0.636612
0.663758
0.679042
0.682942
0.676746
0.662391
0.642244
0.618879
0.594897
0.572853
0.555213
0.544207
0.54147
0.547567
0.561718
0.582003
0.605981
0.631413
0.656743
0.681191
0.704451
0.726184
0.745605
0.76142
0.772163
0.776732
0.774801
0.766915
0.754242
0.738138
0.719743
0.69976
0.678489
0.656033
0.632541
0.608358
0.584022
0.560125
0.537145
0.515335
0.494738
0.475278
0.456873
0.439482
0.4231
0.407713
0.393279
0.37972
0.366921
0.354726
0.342918
0.331181
0.319061
0.30601
0.291562
0.275637
0.25886
0.242711
0.229319
0.220763
0.218032
0.220314
0.225315
0.230374
0.233495
0.233812
0.231519
0.227535
0.22305
0.219052
0.216018
0.213962
0.212739
0.212214
0.211983
0.210842
0.206544
0.196304
0.17794
0.151035
0.117536
0.0814641
0.0478685
0.0214238
0.00520022
0
0
0.0044509
0.0182231
0.0417739
0.0752144
0.118162
0.169629
0.227993
0.291077
0.356309
0.420912
0.48207
0.537046
0.58331
0.618715
0.641748
0.651791
0.649317
0.635946
0.614306
0.587695
0.559618
0.533326
0.511568
0.496659
0.490666
0.495343
0.511573
0.538658
0.574124
0.614266
0.655116
0.693304
0.726551
0.753721
0.774507
0.788996
0.797331
0.799666
0.79636
0.788199
0.776433
0.762556
0.747932
0.73344
0.719322
0.705272
0.690697
0.675021
0.657884
0.639194
0.619054
0.597648
0.575169
0.551811
0.527805
0.503438
0.479021
0.454851
0.431201
0.4084
0.386935
0.367489
0.350811
0.337424
0.327303
0.319716
0.313362
0.306742
0.29861
0.288319
0.27601
0.262633
0.249788
0.239321
0.232656
0.230097
0.230579
0.232164
0.232897
0.231536
0.227903
0.222859
0.217941
0.214727
0.21418
0.216266
0.219955
0.223426
0.224281
0.219846
0.207705
0.186493
0.156647
0.120709
0.0829598
0.0484168
0.0215572
0.00521339
0
0
0.00444781
0.0181874
0.041622
0.0747751
0.11714
0.167581
0.224333
0.285135
0.34745
0.408681
0.466298
0.517862
0.561023
0.593622
0.613949
0.621124
0.615465
0.598727
0.574103
0.545894
0.518821
0.497102
0.483671
0.480046
0.486886
0.504589
0.533204
0.571733
0.617585
0.666783
0.714816
0.757654
0.792486
0.818017
0.834302
0.842285
0.843277
0.83861
0.829538
0.8173
0.803154
0.788274
0.77354
0.759349
0.745566
0.731659
0.716954
0.700871
0.683071
0.663454
0.642079
0.619075
0.5946
0.568855
0.542105
0.514674
0.486895
0.459066
0.431474
0.404503
0.378817
0.355483
0.335906
0.321459
0.312892
0.309841
0.310783
0.313496
0.315673
0.315381
0.311289
0.302785
0.290125
0.274612
0.258626
0.245136
0.236523
0.233221
0.23342
0.234258
0.233468
0.230363
0.225918
0.222181
0.221222
0.22396
0.229456
0.235071
0.237294
0.232721
0.218909
0.195043
0.162322
0.123929
0.0844663
0.0489577
0.0216838
0.00522516
0
0
0.00444368
0.0181424
0.0414345
0.0742368
0.115887
0.165052
0.219775
0.27768
0.336298
0.393363
0.446937
0.495317
0.536812
0.569629
0.592014
0.60266
0.601251
0.588956
0.568713
0.545169
0.524047
0.510894
0.509503
0.521006
0.544317
0.57738
0.618004
0.663845
0.712043
0.75916
0.801633
0.836487
0.861966
0.877804
0.885071
0.885662
0.881671
0.874855
0.866385
0.856836
0.84633
0.834662
0.821394
0.805949
0.787756
0.766451
0.742062
0.71508
0.686355
0.656866
0.627449
0.598627
0.570577
0.54322
0.516348
0.489719
0.463123
0.436437
0.409697
0.383187
0.357532
0.333767
0.313353
0.298041
0.289424
0.288224
0.29373
0.303841
0.315671
0.32618
0.332574
0.332563
0.324721
0.309051
0.287555
0.264401
0.245019
0.233718
0.230987
0.233363
0.236254
0.236708
0.234378
0.231112
0.22975
0.232378
0.238711
0.245779
0.249132
0.244554
0.229379
0.203158
0.16777
0.127034
0.0859121
0.0494674
0.0217986
0.00523513
0
0
0.0044386
0.0180897
0.0412214
0.0736384
0.114512
0.1623
0.21483
0.269606
0.324267
0.377032
0.42688
0.473331
0.515903
0.553589
0.58471
0.607282
0.619749
0.62182
0.615162
0.60372
0.593373
0.590633
0.600472
0.624416
0.660295
0.703712
0.749806
0.794267
0.833605
0.865192
0.887372
0.899666
0.902891
0.89907
0.891053
0.881926
0.874331
0.869897
0.868917
0.870371
0.872224
0.871877
0.866682
0.85443
0.833787
0.804605
0.768013
0.726233
0.682133
0.63862
0.598057
0.561874
0.530458
0.503305
0.479302
0.457059
0.435218
0.412758
0.389233
0.364883
0.340533
0.317333
0.296557
0.279614
0.26816
0.263879
0.267715
0.279051
0.295555
0.313718
0.329539
0.339092
0.339163
0.328078
0.306645
0.278781
0.251238
0.231517
0.223757
0.225805
0.231589
0.235891
0.236752
0.23541
0.235004
0.238436
0.246038
0.254709
0.259299
0.254923
0.238699
0.210475
0.172727
0.129869
0.0872253
0.0499216
0.0218964
0.00524291
0
0
0.00443271
0.0180312
0.0409944
0.0730239
0.113143
0.159618
0.210081
0.261921
0.312896
0.361755
0.408555
0.454333
0.500169
0.546086
0.590486
0.630488
0.662971
0.685831
0.699045
0.705272
0.709676
0.718675
0.737615
0.768358
0.808382
0.851955
0.892317
0.923526
0.941512
0.944493
0.933023
0.909757
0.878934
0.845669
0.815142
0.79186
0.779024
0.778031
0.788146
0.806505
0.828527
0.848694
0.861514
0.862503
0.84899
0.820614
0.779361
0.729122
0.674861
0.621617
0.57358
0.533448
0.502157
0.478969
0.461838
0.447942
0.434293
0.418387
0.398783
0.375464
0.349741
0.323681
0.299293
0.278041
0.261039
0.249631
0.245558
0.250169
0.263186
0.28209
0.302568
0.31948
0.327938
0.324462
0.30818
0.281748
0.251522
0.226216
0.213019
0.212656
0.219406
0.226631
0.230933
0.232747
0.235043
0.240932
0.250905
0.26168
0.267674
0.263629
0.246596
0.216714
0.176971
0.132295
0.088339
0.050297
0.0219723
0.00524814
0
0
0.00442616
0.017969
0.0407651
0.0724368
0.111903
0.157299
0.206114
0.25564
0.30369
0.3494
0.393694
0.438964
0.487786
0.541244
0.597953
0.654389
0.706236
0.749951
0.784008
0.809543
0.830227
0.851149
0.876749
0.908564
0.94406
0.977314
1.001
1.00856
0.995807
0.961811
0.909082
0.843148
0.771577
0.70264
0.643961
0.601531
0.579208
0.578477
0.598139
0.634073
0.679566
0.72634
0.765971
0.791324
0.797758
0.783873
0.75163
0.705801
0.652871
0.599703
0.552281
0.514791
0.489135
0.474854
0.469386
0.468642
0.467818
0.462402
0.449202
0.427139
0.397512
0.363525
0.329136
0.297717
0.271266
0.250679
0.236724
0.230693
0.233849
0.245924
0.264062
0.283197
0.297457
0.301801
0.293535
0.273464
0.246342
0.220111
0.20304
0.198787
0.203975
0.212226
0.219332
0.224882
0.231213
0.240934
0.254128
0.267228
0.274506
0.270682
0.25293
0.22168
0.180328
0.134196
0.0891949
0.0505725
0.0220218
0.00525049
0
0
0.0044191
0.0179049
0.0405439
0.0719157
0.110902
0.155601
0.203454
0.251697
0.298099
0.341845
0.384144
0.428037
0.477082
0.533403
0.596339
0.662611
0.727654
0.787216
0.838569
0.881116
0.916351
0.94707
0.9759
1.00358
1.02785
1.04365
1.04452
1.02449
0.97989
0.910442
0.819745
0.71493
0.605622
0.502386
0.415007
0.351062
0.315276
0.309667
0.333428
0.382099
0.447615
0.519709
0.587698
0.642117
0.676142
0.68661
0.674402
0.644054
0.602677
0.558417
0.518863
0.489737
0.474113
0.472185
0.481438
0.497112
0.513018
0.522735
0.521
0.50495
0.474838
0.433926
0.387544
0.34154
0.300676
0.267641
0.243199
0.227322
0.220256
0.222391
0.232878
0.248446
0.263807
0.273311
0.272835
0.26124
0.241085
0.218258
0.200099
0.191765
0.193089
0.199878
0.20823
0.217031
0.227554
0.24129
0.257501
0.272354
0.280264
0.276221
0.257656
0.225254
0.182676
0.135485
0.0897465
0.050731
0.0220412
0.00524972
0
0
0.00441171
0.0178409
0.0403395
0.0714897
0.110221
0.154715
0.202508
0.250877
0.297511
0.341333
0.383149
0.425671
0.472559
0.526706
0.588739
0.656686
0.726814
0.794896
0.857267
0.911474
0.956494
0.992491
1.02008
1.03932
1.04876
1.04531
1.02475
0.98303
0.917546
0.828324
0.718629
0.594953
0.46636
0.343328
0.236386
0.154848
0.105718
0.091947
0.111352
0.159617
0.230116
0.313154
0.39754
0.472466
0.52922
0.562569
0.571556
0.559506
0.533192
0.501269
0.472294
0.452899
0.446769
0.454662
0.47486
0.503383
0.534201
0.56008
0.574097
0.571299
0.549924
0.51179
0.461766
0.406499
0.352781
0.306025
0.26931
0.243389
0.227664
0.221342
0.223611
0.232691
0.245019
0.255763
0.260401
0.256374
0.244101
0.22702
0.210457
0.199368
0.195912
0.198958
0.206166
0.216237
0.229275
0.245403
0.262996
0.278083
0.285423
0.280418
0.260787
0.227377
0.183941
0.136104
0.0899612
0.0507597
0.0220277
0.00524563
0
0
0.00440415
0.0177783
0.0401575
0.0711749
0.1099
0.154741
0.203504
0.253702
0.303081
0.350289
0.395438
0.440263
0.487625
0.540388
0.600151
0.666485
0.736964
0.807791
0.874622
0.933374
0.980871
1.01521
1.03574
1.04261
1.03617
1.01641
0.982751
0.934144
0.869552
0.788616
0.692398
0.583982
0.46876
0.354325
0.249994
0.165968
0.111009
0.0848086
0.075932
0.0868104
0.130793
0.200851
0.28207
0.361361
0.428166
0.475224
0.499423
0.502118
0.488624
0.466786
0.444816
0.42912
0.423267
0.428633
0.445489
0.472864
0.507406
0.542987
0.571946
0.587207
0.584191
0.561866
0.522806
0.472364
0.417308
0.364297
0.318584
0.283223
0.259041
0.245355
0.240857
0.24385
0.251799
0.261113
0.267809
0.268784
0.262932
0.251561
0.2379
0.225825
0.218301
0.216457
0.219952
0.228068
0.240259
0.25561
0.271846
0.285005
0.290243
0.283376
0.262351
0.228037
0.184094
0.136025
0.0898213
0.0506513
0.0219796
0.00523815
0
0
0.00439659
0.0177183
0.0400002
0.0709732
0.109936
0.155663
0.206436
0.260263
0.315275
0.370202
0.424783
0.479902
0.537319
0.598976
0.66607
0.738252
0.813259
0.887104
0.954778
1.01122
1.05233
1.07571
1.08107
1.07012
1.04613
1.01312
0.974824
0.933508
0.889088
0.839132
0.779928
0.708305
0.623427
0.527894
0.427831
0.332044
0.250581
0.193055
0.166346
0.171448
0.203676
0.256371
0.321612
0.390085
0.452317
0.500358
0.529187
0.537539
0.527966
0.506018
0.478583
0.451872
0.430058
0.415552
0.410491
0.417437
0.437734
0.46894
0.504397
0.535488
0.554533
0.556781
0.541181
0.510145
0.468596
0.422637
0.378193
0.339925
0.310637
0.29127
0.281371
0.27959
0.283827
0.2912
0.298323
0.30206
0.300449
0.293308
0.282217
0.269882
0.259165
0.252225
0.250171
0.253219
0.260922
0.272007
0.28397
0.293
0.294645
0.285073
0.262358
0.227252
0.183145
0.135249
0.0893238
0.0504039
0.0218965
0.00522728
0
0
0.00438919
0.0176616
0.0398668
0.0708718
0.110278
0.157349
0.211023
0.270072
0.333377
0.400235
0.47056
0.544877
0.624005
0.708463
0.797736
0.889643
0.980114
1.06354
1.13368
1.18486
1.21319
1.21742
1.1993
1.16349
1.11699
1.06805
1.02445
0.99127
0.969009
0.953309
0.93681
0.912104
0.874338
0.822645
0.760277
0.693681
0.630766
0.578799
0.542635
0.524145
0.522936
0.53725
0.56398
0.598192
0.633252
0.661866
0.677572
0.676109
0.656333
0.620436
0.573372
0.521505
0.470913
0.426166
0.390484
0.367094
0.35988
0.371224
0.398618
0.434422
0.469121
0.494616
0.505956
0.501774
0.483898
0.456402
0.424405
0.392894
0.365847
0.345802
0.333817
0.329658
0.331976
0.338447
0.346058
0.351687
0.352868
0.348453
0.338881
0.325942
0.312155
0.300029
0.291479
0.287534
0.288231
0.292498
0.298003
0.301256
0.298216
0.285355
0.260794
0.22506
0.181137
0.133802
0.0884804
0.0500209
0.0217791
0.00521312
0
0
0.00438207
0.0176084
0.0397533
0.070845
0.110836
0.159555
0.216718
0.282033
0.355365
0.436852
0.526882
0.62585
0.733704
0.849329
0.969927
1.09064
1.20463
1.30387
1.38037
1.42778
1.44269
1.42554
1.38074
1.31628
1.24281
1.17231
1.11609
1.08233
1.07388
1.08755
1.1156
1.1483
1.17621
1.19168
1.18992
1.16949
1.13245
1.08366
1.02959
0.976929
0.931328
0.896536
0.873988
0.862631
0.858993
0.857606
0.851904
0.835524
0.803768
0.754839
0.690468
0.615656
0.537513
0.463507
0.399795
0.35049
0.318311
0.305503
0.312869
0.337336
0.371715
0.407318
0.436689
0.455081
0.460879
0.455276
0.441449
0.423507
0.40552
0.390817
0.381606
0.378817
0.382055
0.389667
0.399
0.406939
0.410649
0.408317
0.399606
0.385676
0.368759
0.351497
0.336276
0.324726
0.317432
0.313759
0.311794
0.308508
0.300311
0.283973
0.257631
0.221521
0.178139
0.131733
0.087315
0.0495109
0.0216295
0.00519587
0
0
0.00437535
0.0175586
0.0396535
0.0708572
0.111485
0.161952
0.222772
0.294605
0.378292
0.474779
0.584855
0.708714
0.845395
0.99218
1.14411
1.29382
1.43199
1.54838
1.63354
1.68055
1.68656
1.6535
1.58805
1.50086
1.40523
1.3156
1.24578
1.2068
1.2048
1.2395
1.30407
1.38652
1.47196
1.54515
1.59312
1.60752
1.5858
1.53134
1.45212
1.35873
1.2622
1.17206
1.09519
1.03516
0.992052
0.962708
0.94127
0.920211
0.891836
0.850047
0.791894
0.718409
0.634443
0.547534
0.466143
0.397734
0.34724
0.316494
0.30484
0.31003
0.328363
0.354582
0.382626
0.407032
0.424138
0.432615
0.433301
0.428569
0.421513
0.415203
0.412125
0.413798
0.420523
0.431263
0.443749
0.454918
0.46166
0.461656
0.454005
0.439416
0.419916
0.398232
0.377067
0.358506
0.343618
0.332254
0.322998
0.313349
0.300207
0.280653
0.252844
0.216716
0.174245
0.129109
0.0858627
0.0488869
0.0214507
0.00517581
0
0
0.00436912
0.0175121
0.0395598
0.0708676
0.112089
0.164175
0.22835
0.306082
0.398968
0.508476
0.635515
0.779887
0.939722
1.11096
1.28704
1.45893
1.61579
1.74634
1.84063
1.89192
1.89814
1.86247
1.79295
1.70144
1.60201
1.50936
1.43727
1.39712
1.39628
1.43646
1.51254
1.61259
1.7197
1.81498
1.88111
1.90549
1.88239
1.81342
1.70664
1.57447
1.43133
1.29126
1.16614
1.06425
0.989513
0.941415
0.91549
0.904252
0.898348
0.888097
0.865393
0.825483
0.767967
0.696717
0.618797
0.542794
0.476917
0.427116
0.395624
0.380761
0.378406
0.38399
0.393582
0.404059
0.413072
0.419173
0.421987
0.422198
0.421292
0.421131
0.423506
0.429725
0.440261
0.454445
0.470345
0.485001
0.495114
0.497954
0.492142
0.477988
0.457304
0.432816
0.407423
0.383527
0.362591
0.3449
0.329533
0.314522
0.297262
0.275167
0.246441
0.210752
0.169572
0.126013
0.0841673
0.0481654
0.0212466
0.00515331
0
0
0.00436348
0.0174682
0.0394641
0.070835
0.11251
0.165866
0.232663
0.314905
0.414599
0.533346
0.671831
0.829283
1.003
1.188
1.37688
1.5601
1.72678
1.86612
1.96918
2.03047
2.04916
2.02919
1.97861
1.90823
1.83013
1.75626
1.69749
1.66285
1.65873
1.6877
1.74714
1.8284
1.91734
1.99661
2.04904
2.06097
2.02488
1.94044
1.81415
1.65777
1.48624
1.31545
1.1602
1.03234
0.939028
0.882049
0.858433
0.861821
0.883286
0.911816
0.935637
0.944514
0.931989
0.896559
0.84152
0.77378
0.702105
0.635151
0.579458
0.537834
0.509021
0.489197
0.474325
0.46176
0.450473
0.440444
0.432021
0.425622
0.421722
0.42089
0.423752
0.430837
0.442323
0.457637
0.475102
0.491914
0.504686
0.510359
0.507098
0.49476
0.474814
0.449817
0.422671
0.395931
0.371316
0.349464
0.329887
0.311117
0.291035
0.267396
0.238488
0.203765
0.164253
0.122538
0.0822784
0.0473658
0.0210219
0.0051288
0
0
0.00435847
0.0174266
0.0393592
0.0707235
0.112631
0.166732
0.235083
0.319913
0.423253
0.54646
0.689706
0.851538
1.02857
1.21535
1.40449
1.58708
1.75369
1.89559
2.00625
2.08244
2.12469
2.13693
2.12535
2.09725
2.06
2.02062
1.98565
1.96113
1.9522
1.96211
1.99098
2.03457
2.0841
2.12731
2.15083
2.14295
2.09607
2.00816
1.88301
1.72937
1.55956
1.38785
1.22873
1.09506
0.995952
0.93518
0.911285
0.919234
0.951694
0.999006
1.04938
1.09059
1.11254
1.10938
1.08026
1.02878
0.96173
0.88733
0.813518
0.746291
0.688551
0.640048
0.59859
0.561813
0.528425
0.498412
0.472534
0.451673
0.436425
0.427011
0.423384
0.425388
0.432769
0.444888
0.460265
0.476332
0.489762
0.497297
0.496674
0.48721
0.469852
0.446749
0.420567
0.3938
0.368255
0.344798
0.323291
0.302705
0.281368
0.257375
0.229126
0.195926
0.158434
0.118785
0.0802494
0.0465088
0.0207817
0.00510273
0
0
0.00435412
0.0173868
0.0392397
0.0705064
0.112371
0.166577
0.235233
0.320485
0.42407
0.546822
0.68823
0.846154
1.01673
1.19448
1.3727
1.54407
1.7016
1.83971
1.95514
2.04725
2.1177
2.16943
2.20547
2.22826
2.23964
2.24134
2.23572
2.22606
2.21632
2.21035
2.21066
2.21737
2.22752
2.23532
2.23317
2.21336
2.16982
2.09947
2.00288
1.88418
1.75049
1.61107
1.47641
1.35699
1.26171
1.19599
1.16086
1.15332
1.16786
1.19734
1.23336
1.26667
1.28845
1.29195
1.27372
1.23384
1.17545
1.10375
1.02488
0.944804
0.868214
0.797807
0.734214
0.676702
0.624242
0.576353
0.53336
0.496145
0.465674
0.442586
0.427027
0.418757
0.417324
0.422014
0.431503
0.443534
0.455024
0.462714
0.464027
0.457723
0.444097
0.424699
0.401744
0.377453
0.353547
0.330968
0.309811
0.289393
0.268425
0.245308
0.218575
0.187437
0.152275
0.114857
0.0781347
0.045616
0.0205313
0.00507559
0
0
0.00435047
0.0173485
0.0391023
0.07017
0.11169
0.165325
0.233015
0.316585
0.417274
0.535265
0.669359
0.816848
0.973635
1.13457
1.29403
1.44667
1.58831
1.71668
1.83167
1.93495
2.02885
2.11504
2.19356
2.26278
2.32006
2.36288
2.38984
2.40125
2.39922
2.38717
2.36916
2.34893
2.32904
2.31029
2.29162
2.27048
2.24357
2.20774
2.16071
2.1015
2.0307
1.95043
1.86442
1.77772
1.69611
1.62484
1.56731
1.52414
1.49354
1.47226
1.45664
1.44297
1.42748
1.40651
1.37694
1.3367
1.28511
1.2229
1.1521
1.07569
0.997122
0.919534
0.845177
0.775117
0.709521
0.648289
0.591657
0.540419
0.495742
0.45874
0.43011
0.410001
0.398109
0.393734
0.395641
0.401835
0.409566
0.415758
0.41772
0.413813
0.403764
0.388536
0.369832
0.349495
0.329007
0.309226
0.290319
0.27181
0.252682
0.231574
0.207136
0.17853
0.145938
0.110856
0.0759872
0.0447084
0.0202761
0.00504788
0
0
0.00434751
0.0173119
0.0389469
0.0697149
0.110599
0.163028
0.228606
0.308703
0.403994
0.514062
0.637174
0.770296
0.909358
1.04974
1.18696
1.31746
1.43941
1.55309
1.6607
1.76551
1.87039
1.97645
2.08234
2.18439
2.27739
2.35579
2.41479
2.45126
2.46438
2.45589
2.42998
2.39272
2.35109
2.31176
2.28
2.25881
2.24866
2.24764
2.25193
2.25654
2.25601
2.2452
2.22019
2.17904
2.12227
2.05264
1.97426
1.89129
1.80706
1.72391
1.6437
1.56831
1.49941
1.43789
1.38318
1.33314
1.2846
1.23414
1.17902
1.11778
1.05053
0.978736
0.904595
0.83035
0.757776
0.688143
0.622487
0.561925
0.50773
0.461165
0.423228
0.394472
0.374917
0.363985
0.360404
0.362139
0.366496
0.370514
0.371576
0.368025
0.359479
0.346726
0.331239
0.314575
0.297908
0.281834
0.26637
0.251027
0.23488
0.216688
0.195168
0.16945
0.139585
0.106878
0.0738564
0.0438057
0.0200211
0.00502007
0
0
0.00434522
0.017277
0.0387763
0.0691562
0.109152
0.159846
0.222409
0.297725
0.385982
0.486358
0.596879
0.714503
0.835438
0.955647
1.07154
1.1807
1.28257
1.37872
1.4725
1.56808
1.66908
1.77726
1.89167
2.00854
2.1218
2.22401
2.30765
2.3664
2.39633
2.39676
2.37074
2.32485
2.26835
2.21172
2.16496
2.13591
2.12911
2.14526
2.18123
2.23054
2.28418
2.33186
2.36344
2.37052
2.3479
2.29434
2.21258
2.10835
1.98896
1.862
1.73465
1.61336
1.50359
1.40931
1.33218
1.27105
1.22212
1.17985
1.13826
1.09227
1.03866
0.976509
0.907001
0.832769
0.757004
0.682725
0.612394
0.547861
0.490479
0.441261
0.40101
0.370363
0.349626
0.338388
0.335143
0.33724
0.341303
0.34397
0.342679
0.336233
0.324951
0.310336
0.294374
0.278779
0.264514
0.251728
0.23997
0.22841
0.215944
0.201267
0.183073
0.160453
0.133371
0.103012
0.0717864
0.0429254
0.0197709
0.0049926
0
0
0.00434357
0.0172441
0.0385957
0.0685211
0.107443
0.156028
0.214985
0.284772
0.365271
0.455546
0.553743
0.657159
0.762484
0.866216
0.965228
1.05743
1.14239
1.22167
1.2987
1.378
1.464
1.55971
1.66552
1.77873
1.89373
2.00285
2.09765
2.1703
2.21489
2.22851
2.21202
2.17022
2.11151
2.04669
1.98733
1.94398
1.92462
1.93355
1.97066
2.03133
2.10681
2.18537
2.25389
2.29996
2.31383
2.29005
2.22833
2.13324
2.01306
1.87799
1.73843
1.60364
1.48089
1.37502
1.28819
1.21975
1.16648
1.12319
1.08366
1.04188
0.993186
0.935103
0.867709
0.79334
0.715816
0.639413
0.567923
0.504042
0.449233
0.40405
0.368723
0.343616
0.329108
0.324797
0.328613
0.336718
0.344399
0.347383
0.342956
0.330554
0.311744
0.289584
0.267551
0.248382
0.233308
0.222031
0.213281
0.205447
0.196876
0.185963
0.171258
0.151781
0.127434
0.0993322
0.0698141
0.0420824
0.0195293
0.00496585
0
0
0.00434251
0.0172139
0.0384125
0.0678463
0.10559
0.151873
0.206972
0.271034
0.343859
0.424717
0.512227
0.604325
0.698343
0.791239
0.879994
0.962195
1.03671
1.10421
1.16737
1.23032
1.29763
1.37298
1.45795
1.55157
1.65042
1.74928
1.84187
1.92164
1.98248
2.01956
2.0302
2.01472
1.97692
1.92395
1.86544
1.81211
1.77415
1.75955
1.77274
1.81358
1.87704
1.95381
2.03169
2.09752
2.13942
2.14869
2.12126
2.05823
1.96535
1.85164
1.72749
1.60285
1.48578
1.38169
1.29305
1.2196
1.15885
1.10664
1.05795
1.00778
0.952074
0.888507
0.816955
0.739507
0.659963
0.582931
0.512759
0.452608
0.403987
0.367002
0.341195
0.326372
0.322598
0.329093
0.342997
0.35929
0.372045
0.376129
0.368566
0.34921
0.320659
0.287482
0.254963
0.227609
0.207833
0.195434
0.188271
0.183542
0.178645
0.171407
0.160107
0.143653
0.121895
0.0959005
0.0679689
0.0412883
0.0192997
0.00494014
0
0
0.00434197
0.0171869
0.0382351
0.0671731
0.103725
0.147699
0.199008
0.257622
0.323472
0.396299
0.475462
0.559758
0.64729
0.735472
0.821275
0.901725
0.974629
1.03926
1.09673
1.14968
1.20149
1.25526
1.31326
1.37701
1.44754
1.52534
1.6097
1.69778
1.78409
1.86105
1.92051
1.95583
1.96377
1.94571
1.90764
1.85911
1.81133
1.77501
1.75839
1.76582
1.79706
1.84742
1.90858
1.96993
2.02027
2.04954
2.05039
2.01929
1.95702
1.86837
1.76123
1.64519
1.52988
1.42332
1.33049
1.2526
1.18719
1.12927
1.07299
1.0132
0.946609
0.872186
0.791183
0.706703
0.623051
0.54492
0.476525
0.420825
0.379032
0.35074
0.334749
0.330066
0.336068
0.351436
0.372822
0.394667
0.410448
0.414534
0.403729
0.378058
0.340671
0.297013
0.253546
0.216307
0.189367
0.173548
0.166393
0.163851
0.162084
0.158145
0.149947
0.136249
0.116843
0.0927612
0.066271
0.0405513
0.0190841
0.00491572
0
0
0.00434187
0.0171636
0.0380721
0.0665435
0.101976
0.14381
0.191671
0.245476
0.305433
0.37191
0.445156
0.52495
0.610267
0.699097
0.788507
0.875024
0.955283
1.02674
1.08817
1.13965
1.18229
1.21796
1.24959
1.28197
1.32218
1.37847
1.45731
1.55988
1.68026
1.80669
1.92485
2.02149
2.0874
2.11906
2.11888
2.0943
2.05575
2.01439
1.98003
1.95958
1.95635
1.9699
1.99649
2.02972
2.0614
2.08251
2.08442
2.06018
2.00587
1.92178
1.81285
1.68835
1.56036
1.44122
1.34033
1.26119
1.20048
1.1499
1.09978
1.0424
0.973845
0.894114
0.806369
0.715676
0.627751
0.547926
0.480413
0.427823
0.390898
0.368643
0.359061
0.360225
0.370711
0.388838
0.41135
0.432931
0.447173
0.448403
0.433373
0.402163
0.358095
0.306874
0.255327
0.21012
0.176463
0.156537
0.148389
0.14716
0.147817
0.146598
0.141025
0.129697
0.11234
0.0899412
0.0647319
0.0398762
0.0188842
0.00489274
0
0
0.00434212
0.0171444
0.037931
0.065995
0.100458
0.140462
0.185433
0.235308
0.290631
0.352426
0.421839
0.499645
0.585753
0.678845
0.776231
0.87402
0.967597
1.05232
1.12421
1.18052
1.2201
1.24399
1.25628
1.26521
1.2834
1.3257
1.40408
1.5219
1.67194
1.83932
2.00629
2.15635
2.27692
2.36075
2.40628
2.41712
2.40079
2.36701
2.32585
2.28602
2.25353
2.23099
2.21764
2.20998
2.20256
2.18864
2.1608
2.1119
2.03655
1.93294
1.8044
1.65999
1.51356
1.3809
1.27512
1.20147
1.15488
1.1227
1.09077
1.04854
0.991131
0.918981
0.836302
0.749242
0.664308
0.587279
0.522578
0.472911
0.439009
0.419635
0.412226
0.414038
0.422927
0.437024
0.453581
0.468201
0.475335
0.469871
0.448837
0.412381
0.36374
0.308397
0.25288
0.203655
0.166157
0.143426
0.134336
0.133871
0.136227
0.137029
0.133491
0.124071
0.108415
0.0874492
0.0633546
0.0392641
0.0187003
0.00487128
0
0
0.00434259
0.0171294
0.0378179
0.0655569
0.0992588
0.13785
0.180628
0.227583
0.279561
0.338143
0.405239
0.482505
0.570717
0.669221
0.77558
0.8855
0.993172
1.09203
1.17578
1.2395
1.28073
1.30049
1.30432
1.30308
1.31249
1.35008
1.42934
1.55401
1.71688
1.90319
2.09534
2.27621
2.43127
2.54996
2.62657
2.66069
2.65699
2.62428
2.5737
2.51645
2.46135
2.41304
2.37156
2.33334
2.29273
2.24345
2.17945
2.0955
1.98808
1.85681
1.70593
1.54504
1.38851
1.25277
1.15122
1.08828
1.05661
1.04107
1.02607
1.00082
0.960688
0.906166
0.840959
0.770233
0.699428
0.633637
0.577224
0.533317
0.503153
0.485726
0.4783
0.477662
0.481201
0.48698
0.492885
0.495765
0.491495
0.476143
0.447467
0.405873
0.354422
0.298058
0.242546
0.193565
0.156029
0.133033
0.123956
0.124071
0.127456
0.129538
0.127392
0.119379
0.105061
0.0852769
0.0621334
0.0387129
0.0185322
0.00485133
0
0
0.00434319
0.0171185
0.0377359
0.0652479
0.098433
0.136088
0.177439
0.222521
0.272372
0.328928
0.394606
0.47167
0.561501
0.663908
0.776585
0.894919
1.0123
1.12101
1.21354
1.28408
1.32993
1.35264
1.35886
1.36037
1.37282
1.41234
1.49061
1.61072
1.76667
1.94595
2.13274
2.31042
2.46353
2.57955
2.65056
2.67454
2.65586
2.60458
2.53451
2.46008
2.39281
2.33842
2.29596
2.25919
2.21924
2.16729
2.09621
2.00151
1.88187
1.73984
1.58231
1.42048
1.26859
1.14098
1.04764
0.989878
0.95974
0.944278
0.931369
0.91306
0.885884
0.849604
0.805747
0.756721
0.705601
0.656138
0.612412
0.577853
0.554026
0.54002
0.533032
0.529737
0.52746
0.524413
0.519091
0.509494
0.493
0.467129
0.430718
0.384705
0.332088
0.277223
0.224911
0.179724
0.145571
0.124891
0.117
0.117647
0.121435
0.124065
0.122674
0.115578
0.102242
0.0834003
0.0610556
0.0382179
0.0183788
0.00483283
0
0
0.00434378
0.0171111
0.0376855
0.0650738
0.097998
0.135205
0.175895
0.220105
0.268914
0.324342
0.388954
0.46521
0.554702
0.65738
0.770973
0.890793
1.01012
1.12122
1.21672
1.29122
1.34266
1.37324
1.38972
1.4029
1.42577
1.47057
1.54542
1.652
1.78526
1.93483
2.08692
2.2263
2.33838
2.41149
2.43893
2.42053
2.36309
2.27963
2.18704
2.1025
2.03911
2.00233
1.98887
1.9887
1.98876
1.97641
1.94172
1.87871
1.78601
1.66712
1.53018
1.38687
1.25018
1.13141
1.03722
0.968081
0.919297
0.883948
0.855706
0.830105
0.804357
0.776656
0.745836
0.711682
0.675481
0.640115
0.609251
0.585809
0.570592
0.561991
0.55694
0.552307
0.545825
0.536183
0.522472
0.50355
0.477911
0.444275
0.4025
0.354146
0.302325
0.250973
0.204033
0.164931
0.136325
0.119531
0.113422
0.114357
0.117919
0.120418
0.119199
0.112569
0.0998959
0.0817818
0.0601023
0.0377717
0.0182383
0.00481563
0
0
0.00434423
0.0171065
0.0376644
0.0650278
0.0979343
0.135151
0.175879
0.220105
0.268778
0.323716
0.387229
0.461521
0.547951
0.646321
0.754377
0.867736
0.980371
1.08562
1.17752
1.2521
1.30844
1.34909
1.37992
1.40914
1.4456
1.49675
1.56671
1.65514
1.75704
1.86346
1.96271
2.04217
2.0905
2.09985
2.0678
1.99834
1.9019
1.79405
1.69303
1.61599
1.57467
1.572
1.60172
1.6512
1.7053
1.7495
1.77188
1.76445
1.72395
1.65223
1.55571
1.44391
1.32726
1.21484
1.11282
1.02406
0.948915
0.886288
0.83442
0.791103
0.753693
0.719402
0.686042
0.652924
0.621281
0.593735
0.572864
0.559625
0.552712
0.549215
0.545924
0.540368
0.531153
0.517706
0.499678
0.476433
0.447028
0.410791
0.368129
0.320966
0.27249
0.226376
0.185946
0.153665
0.130955
0.117963
0.113211
0.113834
0.116524
0.118299
0.116758
0.110217
0.0979378
0.0803736
0.0592502
0.0373654
0.0181084
0.00479953
0
0
0.00434443
0.0171035
0.0376671
0.0650914
0.0981897
0.135804
0.177151
0.222112
0.271354
0.326233
0.388458
0.459574
0.540353
0.63025
0.727098
0.827211
0.925939
1.01858
1.10141
1.17252
1.23225
1.28311
1.32923
1.3754
1.42597
1.48373
1.5491
1.61965
1.69004
1.75252
1.79807
1.81805
1.80619
1.76033
1.6835
1.58409
1.47501
1.3718
1.28994
1.24154
1.23257
1.26166
1.32129
1.4001
1.48503
1.56307
1.62283
1.65592
1.65794
1.62877
1.57202
1.49387
1.40152
1.30195
1.20116
1.1039
1.01365
0.932475
0.860908
0.798036
0.742061
0.691251
0.644943
0.604057
0.570654
0.546574
0.531904
0.524476
0.52076
0.517324
0.511789
0.503005
0.490731
0.475105
0.456096
0.433158
0.405366
0.372045
0.33356
0.291697
0.249393
0.209951
0.176178
0.149836
0.131511
0.120719
0.116077
0.115546
0.116763
0.117338
0.115098
0.108358
0.0962694
0.0791212
0.0584727
0.0369888
0.0179868
0.00478429
0
0
0.00434425
0.0171008
0.0376864
0.0652369
0.0986866
0.136989
0.179384
0.225597
0.275905
0.331023
0.391826
0.458954
0.532393
0.611175
0.693325
0.776139
0.85678
0.932987
1.00366
1.06908
1.1307
1.1906
1.25077
1.31256
1.37625
1.44079
1.50366
1.56082
1.6069
1.63592
1.64238
1.62265
1.57628
1.50675
1.42147
1.3309
1.24686
1.18035
1.13948
1.12825
1.14649
1.19041
1.25339
1.32674
1.40082
1.46644
1.51619
1.54527
1.55166
1.53582
1.49984
1.44675
1.37997
1.30319
1.22027
1.13503
1.05079
0.969807
0.893075
0.820733
0.752857
0.690302
0.635057
0.589721
0.556085
0.533639
0.519288
0.508719
0.498274
0.485991
0.471522
0.455437
0.438497
0.421141
0.403169
0.383656
0.361253
0.334863
0.304371
0.270968
0.236892
0.204745
0.176767
0.154353
0.137952
0.127231
0.121293
0.118813
0.118085
0.117133
0.113944
0.106818
0.0947861
0.0779676
0.0577426
0.0366314
0.0178707
0.00476966
0
0
0.0043436
0.0170969
0.0377132
0.0654302
0.0993307
0.1385
0.182199
0.229971
0.281647
0.337228
0.396676
0.459666
0.525385
0.592483
0.659262
0.72412
0.786116
0.845441
0.903509
0.962547
1.02479
1.09161
1.16298
1.23735
1.31189
1.38274
1.44532
1.49469
1.52615
1.53614
1.52327
1.48911
1.43847
1.37888
1.31929
1.26834
1.23279
1.21651
1.22053
1.24338
1.28135
1.32842
1.37683
1.41838
1.44633
1.45695
1.45012
1.42876
1.39737
1.36017
1.31982
1.27704
1.23134
1.18215
1.12944
1.07371
1.01554
0.955235
0.893103
0.830026
0.767979
0.710028
0.659548
0.618785
0.587472
0.562645
0.540069
0.516306
0.490039
0.462072
0.434389
0.408992
0.3871
0.368848
0.353346
0.338926
0.323612
0.305758
0.284629
0.2606
0.234935
0.209347
0.185549
0.164927
0.148339
0.13606
0.127825
0.122868
0.119922
0.11728
0.113023
0.105422
0.093385
0.076857
0.0570332
0.0362828
0.0177573
0.00475538
0
0
0.0043424
0.0170904
0.0377381
0.0656346
0.100021
0.140119
0.185207
0.234643
0.287816
0.344042
0.402438
0.461825
0.520725
0.577539
0.630913
0.680268
0.726303
0.771215
0.818375
0.871407
0.932966
1.00376
1.0822
1.16472
1.24632
1.32121
1.38347
1.42781
1.45054
1.4506
1.43032
1.3955
1.35467
1.31739
1.29218
1.28475
1.29719
1.32825
1.37395
1.42799
1.48195
1.52599
1.55051
1.54833
1.5166
1.45783
1.37951
1.29239
1.20775
1.1344
1.07655
1.03375
1.00258
0.97885
0.958759
0.938967
0.916444
0.888843
0.85527
0.816789
0.776163
0.736756
0.700971
0.668982
0.638589
0.60644
0.569916
0.528559
0.484339
0.440805
0.401669
0.369546
0.345333
0.328309
0.316615
0.307801
0.299369
0.289285
0.27632
0.26012
0.241063
0.220106
0.198629
0.178191
0.160184
0.145536
0.134564
0.126951
0.121739
0.117402
0.112084
0.104012
0.0919729
0.0757391
0.0563205
0.0359336
0.0176442
0.00474118
0
0
0.00434059
0.01708
0.0377516
0.065814
0.100661
0.14164
0.188044
0.239065
0.293709
0.350719
0.408537
0.465344
0.51923
0.56852
0.612241
0.650634
0.685546
0.720427
0.759748
0.80783
0.867467
0.938938
1.01978
1.1052
1.18882
1.26355
1.32258
1.36053
1.37468
1.36589
1.33905
1.30256
1.26699
1.243
1.23902
1.25947
1.30416
1.36845
1.44392
1.51919
1.58119
1.61726
1.61758
1.57752
1.49886
1.38974
1.26307
1.13404
1.01693
0.922041
0.853856
0.811327
0.790123
0.784828
0.789688
0.798612
0.805764
0.806869
0.800301
0.787095
0.769752
0.750429
0.72946
0.705021
0.674149
0.634507
0.585932
0.531024
0.474542
0.421919
0.377593
0.343883
0.320837
0.306804
0.299208
0.295141
0.291843
0.287082
0.279347
0.267838
0.252413
0.233615
0.212683
0.191345
0.171383
0.154192
0.14052
0.130385
0.123068
0.117182
0.110916
0.102455
0.0904724
0.0745725
0.0555846
0.035576
0.0175293
0.00472684
0
0
0.00433813
0.0170646
0.0377456
0.0659367
0.101164
0.142882
0.190398
0.242771
0.298719
0.356575
0.414326
0.46977
0.520801
0.565827
0.60425
0.636891
0.666208
0.696119
0.731313
0.776108
0.833169
0.902575
0.981538
1.06474
1.14509
1.2148
1.26665
1.29546
1.29935
1.28049
1.24512
1.20266
1.1642
1.1405
1.13988
1.16652
1.2194
1.29218
1.37399
1.45092
1.50831
1.53343
1.51812
1.46067
1.36627
1.24592
1.1141
0.985788
0.873509
0.785201
0.723714
0.688052
0.675106
0.680275
0.697232
0.718449
0.737043
0.748743
0.752692
0.750624
0.744902
0.736505
0.724078
0.704525
0.674697
0.633201
0.58149
0.523794
0.465941
0.413578
0.370661
0.33887
0.317941
0.306268
0.30133
0.30008
0.299495
0.297108
0.291249
0.281004
0.266141
0.247153
0.225295
0.202389
0.180385
0.160897
0.144902
0.132633
0.123547
0.116377
0.109361
0.100656
0.0888277
0.0733272
0.0548112
0.0352041
0.0174108
0.00471218
0
0
0.00433504
0.0170434
0.0377139
0.0659776
0.101463
0.143707
0.192026
0.245395
0.302353
0.361
0.419091
0.474272
0.524436
0.568161
0.60516
0.63658
0.665055
0.694385
0.728846
0.772215
0.826734
0.892302
0.966133
1.04295
1.11566
1.17654
1.21867
1.23751
1.23208
1.2055
1.16453
1.11845
1.07728
1.05017
1.04383
1.0614
1.10161
1.1585
1.22209
1.28
1.3198
1.33156
1.31011
1.25611
1.17579
1.07937
0.978531
0.88389
0.803198
0.740841
0.698535
0.676238
0.672117
0.681816
0.698533
0.714763
0.724794
0.726414
0.720986
0.711919
0.702285
0.692827
0.681489
0.664636
0.63904
0.60354
0.559664
0.511106
0.462414
0.417635
0.379654
0.350285
0.330407
0.319625
0.315887
0.315879
0.316085
0.313731
0.307123
0.295527
0.278971
0.258175
0.234521
0.209855
0.186103
0.164869
0.147171
0.133335
0.122941
0.114837
0.107328
0.0985574
0.0870077
0.0719867
0.0539918
0.0348142
0.0172877
0.00469705
0
0
0.00433133
0.0170161
0.0376526
0.0659205
0.101516
0.144024
0.192774
0.246699
0.304267
0.363503
0.422127
0.477812
0.52856
0.573126
0.611401
0.644611
0.675237
0.706626
0.742336
0.785345
0.837273
0.89777
0.964208
1.03179
1.09413
1.1444
1.17669
1.1875
1.1768
1.14824
1.10847
1.06572
1.02813
1.00229
0.992361
0.999591
1.02212
1.05502
1.09088
1.12107
1.13752
1.13458
1.11037
1.06713
1.01042
0.947487
0.885433
0.82988
0.78457
0.751677
0.732137
0.725389
0.728696
0.736988
0.743946
0.744004
0.734235
0.715234
0.690616
0.665313
0.643295
0.625813
0.611144
0.595925
0.577041
0.552923
0.523767
0.490933
0.456221
0.421633
0.389638
0.363218
0.344986
0.335645
0.333201
0.333843
0.333665
0.329852
0.32096
0.30666
0.287412
0.264272
0.238773
0.212722
0.187887
0.165698
0.147076
0.132343
0.121166
0.112517
0.104792
0.0961497
0.0850075
0.0705484
0.0531247
0.0344053
0.0171595
0.00468138
0
0
0.00432709
0.0169829
0.0375604
0.0657589
0.101303
0.1438
0.192581
0.24658
0.304284
0.363774
0.422872
0.479397
0.531504
0.578062
0.618974
0.655302
0.689137
0.723205
0.760283
0.802561
0.851069
0.905256
0.962789
1.01967
1.07074
1.11063
1.13495
1.14148
1.13093
1.10694
1.07532
1.04272
1.0152
0.997206
0.990893
0.996017
1.01003
1.02848
1.04573
1.05603
1.05477
1.03957
1.01086
0.971676
0.92682
0.881579
0.840608
0.807285
0.783544
0.769887
0.765283
0.766981
0.770634
0.771078
0.763657
0.745614
0.716956
0.680463
0.640823
0.603152
0.571364
0.547029
0.529269
0.515714
0.503754
0.491263
0.476639
0.458685
0.436918
0.412294
0.387636
0.366949
0.353495
0.347789
0.347288
0.347972
0.346233
0.339825
0.327886
0.310586
0.288775
0.26376
0.237136
0.210579
0.18561
0.163399
0.144682
0.129733
0.118293
0.109475
0.101798
0.0934645
0.0828473
0.0690233
0.0522148
0.0339788
0.0170263
0.00466514
0
0
0.00432241
0.0169444
0.037439
0.0654966
0.100835
0.143053
0.19148
0.245081
0.302426
0.361742
0.421048
0.478361
0.53199
0.580837
0.624656
0.664152
0.700863
0.736827
0.774104
0.814272
0.857995
0.904736
0.952654
0.998752
1.03932
1.07069
1.09016
1.09684
1.09203
1.07913
1.06281
1.04799
1.03876
1.03757
1.04483
1.05893
1.07653
1.09313
1.10392
1.10461
1.09236
1.06642
1.02835
0.981741
0.931477
0.882734
0.840041
0.806535
0.783519
0.77029
0.76424
0.761282
0.756645
0.74595
0.726278
0.696897
0.659373
0.61705
0.574097
0.534461
0.501019
0.475147
0.456761
0.444705
0.437143
0.431759
0.425942
0.417359
0.404944
0.389739
0.37476
0.363514
0.357863
0.356855
0.357481
0.35643
0.351344
0.34113
0.325719
0.305711
0.282138
0.256324
0.229738
0.203814
0.179755
0.158431
0.140374
0.125801
0.114539
0.105866
0.098453
0.0905721
0.0805701
0.0674348
0.0512729
0.0335385
0.0168891
0.00464838
0
0
0.00431742
0.0169016
0.0372927
0.0651466
0.100144
0.141849
0.189589
0.242378
0.298911
0.357615
0.416747
0.47455
0.529463
0.580356
0.626734
0.668836
0.70757
0.74429
0.780447
0.817221
0.855187
0.894096
0.9328
0.969384
1.00154
1.02717
1.04508
1.05549
1.06026
1.06253
1.06603
1.07414
1.08904
1.11115
1.13896
1.16927
1.19772
1.2194
1.22966
1.22483
1.20298
1.16444
1.11187
1.04988
0.984162
0.920365
0.86316
0.815554
0.778601
0.751453
0.731675
0.715824
0.700208
0.681675
0.658227
0.629304
0.595718
0.559325
0.52256
0.487925
0.457552
0.432875
0.414465
0.401978
0.394171
0.389093
0.384598
0.379198
0.372827
0.366912
0.363373
0.363085
0.364996
0.36665
0.365501
0.35991
0.349373
0.334203
0.315105
0.292926
0.268605
0.243203
0.217857
0.193633
0.171378
0.151656
0.134812
0.121027
0.110239
0.10192
0.0949134
0.0875737
0.0782372
0.0658166
0.0503148
0.0330903
0.0167492
0.00463123
0
0
0.00431226
0.0168561
0.0371281
0.0647296
0.0992806
0.140298
0.187101
0.238766
0.294137
0.351862
0.410453
0.468378
0.524191
0.576701
0.625144
0.669283
0.709422
0.746292
0.780849
0.81403
0.846508
0.878491
0.909615
0.938988
0.965451
0.988036
1.00648
1.0216
1.03535
1.05048
1.06985
1.09564
1.12868
1.16805
1.21109
1.25376
1.29116
1.31811
1.32985
1.32278
1.29523
1.24799
1.18446
1.11006
1.03119
0.953903
0.882929
0.821146
0.769671
0.728238
0.695652
0.670171
0.64975
0.632142
0.614956
0.595889
0.573235
0.546492
0.516666
0.485971
0.457007
0.431819
0.411287
0.395091
0.382162
0.371411
0.362475
0.356129
0.353888
0.356716
0.363681
0.371837
0.377501
0.377804
0.371527
0.359046
0.341716
0.321123
0.29857
0.274931
0.250826
0.226847
0.20365
0.181859
0.161948
0.144207
0.128832
0.116007
0.105809
0.0979219
0.0913681
0.0845911
0.0759226
0.0642097
0.0493606
0.0326423
0.0166086
0.00461386
0
0
0.0043071
0.0168096
0.0369533
0.0642721
0.0983117
0.138534
0.184251
0.234614
0.288623
0.345152
0.402964
0.460737
0.517135
0.570923
0.621103
0.667048
0.708559
0.745861
0.779518
0.810294
0.838986
0.866233
0.892344
0.917228
0.940497
0.961759
0.981003
0.998908
1.01691
1.03695
1.06101
1.09051
1.12584
1.16604
1.2088
1.25065
1.28734
1.3142
1.32677
1.32147
1.29638
1.25185
1.19073
1.11793
1.03945
0.961151
0.887741
0.822354
0.76665
0.721234
0.686062
0.660581
0.643518
0.632501
0.623968
0.613792
0.598524
0.576627
0.54898
0.518331
0.487933
0.460086
0.43539
0.413101
0.392293
0.373141
0.357642
0.349094
0.349998
0.359563
0.373275
0.385077
0.390062
0.385903
0.372896
0.353146
0.329444
0.304277
0.27927
0.255153
0.232119
0.210236
0.189649
0.17055
0.153077
0.137299
0.123318
0.111366
0.101685
0.0941701
0.0880192
0.0817557
0.0737067
0.0626598
0.0484332
0.0322034
0.0164698
0.00459649
0
0
0.00430213
0.016764
0.0367778
0.0638038
0.0973096
0.136703
0.181298
0.230325
0.282946
0.338255
0.395248
0.452803
0.509692
0.564659
0.616548
0.664449
0.707804
0.746471
0.780712
0.811135
0.83857
0.86389
0.8878
0.910668
0.932489
0.953021
0.972069
0.98976
1.00669
1.02386
1.04242
1.06336
1.08717
1.11364
1.14176
1.1697
1.19489
1.2142
1.22428
1.22202
1.20524
1.1733
1.12744
1.07073
1.00751
0.942502
0.880008
0.823359
0.774772
0.735468
0.705859
0.68556
0.67317
0.666003
0.660219
0.651611
0.636872
0.614725
0.586263
0.554273
0.52181
0.490786
0.461416
0.432887
0.404839
0.378817
0.35872
0.349312
0.352756
0.365956
0.381801
0.392901
0.394426
0.384982
0.366088
0.340975
0.313234
0.285735
0.260102
0.236794
0.2156
0.196151
0.17819
0.161576
0.146204
0.132001
0.119047
0.107661
0.0982608
0.0909448
0.0850604
0.079196
0.0716703
0.0612139
0.047557
0.031784
0.0163355
0.0045794
0
0
0.00429752
0.0167214
0.0366109
0.0633546
0.0963467
0.134949
0.178489
0.226285
0.277659
0.331917
0.38828
0.445809
0.503384
0.559748
0.613635
0.663933
0.709834
0.750931
0.78726
0.819266
0.847706
0.873468
0.897355
0.919871
0.941103
0.960767
0.97841
0.993677
1.00654
1.01735
1.02683
1.03581
1.04503
1.055
1.06574
1.07681
1.08719
1.09537
1.09949
1.09748
1.08749
1.06824
1.03947
1.00217
0.958541
0.911652
0.864843
0.821184
0.783049
0.751909
0.728278
0.711703
0.700726
0.692892
0.685001
0.673766
0.656715
0.632967
0.603434
0.57028
0.535865
0.501743
0.468337
0.435543
0.403983
0.376157
0.356451
0.349053
0.354435
0.367815
0.381537
0.388762
0.385672
0.371856
0.34957
0.322452
0.294161
0.267374
0.243377
0.222281
0.203565
0.186605
0.170932
0.156237
0.142305
0.12903
0.116541
0.105278
0.0958323
0.08847
0.0826562
0.0770263
0.0698885
0.0599178
0.0467566
0.0313945
0.0162087
0.00456288
0
0
0.00429345
0.0166836
0.036462
0.0629529
0.0954889
0.133401
0.176039
0.222814
0.27321
0.326744
0.382856
0.440797
0.49955
0.557858
0.614349
0.667717
0.716917
0.761302
0.800691
0.835352
0.865899
0.893123
0.917768
0.940323
0.960875
0.979117
0.994497
1.00647
1.01476
1.01957
1.02157
1.02183
1.02157
1.02182
1.02316
1.02553
1.02825
1.0302
1.03005
1.02645
1.01813
1.00401
0.983368
0.956196
0.923362
0.886648
0.8485
0.811592
0.77833
0.750431
0.728646
0.712662
0.701145
0.691912
0.682252
0.669444
0.651384
0.627134
0.597125
0.562905
0.526517
0.489827
0.454192
0.420691
0.3908
0.366961
0.35219
0.348263
0.353637
0.363363
0.371266
0.372434
0.36456
0.348061
0.32537
0.299801
0.274406
0.251174
0.230818
0.213067
0.197205
0.182529
0.168556
0.154997
0.141684
0.12859
0.115957
0.104365
0.0945468
0.0868857
0.0809253
0.0753379
0.068426
0.0588139
0.0460559
0.0310456
0.0160923
0.00454727
0
0
0.00429009
0.0166525
0.0363391
0.0626226
0.0947903
0.132156
0.174103
0.220133
0.26989
0.323099
0.379439
0.438364
0.498979
0.560018
0.619965
0.677264
0.730561
0.778894
0.821796
0.859299
0.891834
0.92007
0.944708
0.966281
0.985019
1.00081
1.0133
1.02208
1.02689
1.02789
1.02578
1.02181
1.01757
1.01465
1.01414
1.01625
1.02012
1.0241
1.02613
1.02425
1.01679
1.00263
0.98117
0.952549
0.917686
0.878336
0.836944
0.79634
0.759298
0.728046
0.703814
0.686567
0.674988
0.66672
0.658779
0.648108
0.632199
0.609675
0.580633
0.54658
0.509946
0.473367
0.439108
0.408893
0.38411
0.365998
0.35534
0.351679
0.352759
0.354957
0.354524
0.348806
0.336892
0.319609
0.298993
0.277501
0.257193
0.239192
0.223567
0.209659
0.196601
0.183725
0.170698
0.157423
0.143922
0.130342
0.117072
0.104818
0.0943933
0.0862353
0.0799311
0.0741929
0.0673346
0.0579394
0.0454773
0.0307474
0.0159895
0.00453287
0
0
0.00428758
0.0166297
0.0362487
0.0623819
0.0942893
0.131281
0.172773
0.218348
0.267794
0.321044
0.378027
0.438435
0.50152
0.566011
0.630212
0.692253
0.750379
0.803215
0.849916
0.890188
0.924224
0.952551
0.97586
0.994845
1.01008
1.02197
1.03073
1.03643
1.0391
1.03888
1.03616
1.03175
1.02697
1.02344
1.02267
1.02549
1.03155
1.03918
1.04568
1.04795
1.04312
1.02908
1.00481
0.970561
0.927821
0.879116
0.827712
0.777236
0.731258
0.692803
0.663813
0.644696
0.634143
0.629356
0.626608
0.622008
0.612323
0.595718
0.572163
0.543313
0.511806
0.480318
0.450862
0.424652
0.402383
0.384454
0.370864
0.360937
0.353243
0.345916
0.337199
0.325927
0.311778
0.295319
0.277834
0.260916
0.245866
0.233124
0.222131
0.211747
0.200909
0.189053
0.176127
0.162358
0.148046
0.133547
0.119389
0.106343
0.0952305
0.0864729
0.07968
0.0736226
0.0666517
0.0573256
0.0450406
0.0305093
0.0159028
0.00452
0
0
0.00428605
0.0166162
0.0361955
0.0622424
0.094007
0.130804
0.172073
0.217452
0.266833
0.320333
0.378124
0.440153
0.50584
0.573925
0.642542
0.709499
0.772646
0.830195
0.88092
0.924205
0.959976
0.988574
1.01061
1.02684
1.03813
1.04537
1.04947
1.05126
1.05138
1.05016
1.0477
1.04407
1.03958
1.03503
1.03165
1.0307
1.03284
1.03756
1.04289
1.0457
1.04239
1.02975
1.0057
0.969797
0.923322
0.869073
0.810882
0.753076
0.69996
0.655332
0.621944
0.600953
0.591541
0.59099
0.595269
0.599952
0.601197
0.596535
0.585209
0.567933
0.546169
0.521387
0.494744
0.46726
0.44008
0.414462
0.391449
0.371528
0.354536
0.339783
0.326237
0.312757
0.298462
0.283204
0.267838
0.253878
0.242542
0.233811
0.226355
0.218391
0.208657
0.196795
0.183142
0.168303
0.152856
0.137327
0.122316
0.108573
0.0968423
0.0874853
0.0801305
0.0736312
0.0664019
0.0569981
0.0447629
0.0303391
0.0158348
0.00450897
0
0
0.00428557
0.0166128
0.0361818
0.0622086
0.0939473
0.13072
0.171969
0.217344
0.266776
0.320493
0.378856
0.44203
0.509599
0.580336
0.652264
0.722973
0.790062
0.85152
0.905944
0.952583
0.991241
1.02211
1.04562
1.06231
1.0728
1.07787
1.07851
1.07582
1.07096
1.0648
1.05778
1.04989
1.0409
1.03078
1.02004
1.00976
1.00128
0.995533
0.992351
0.990083
0.985764
0.975834
0.957131
0.927794
0.88779
0.838955
0.784608
0.728955
0.676449
0.63124
0.596675
0.574799
0.5659
0.568329
0.578761
0.592903
0.606371
0.615469
0.617633
0.611499
0.596717
0.573776
0.543976
0.509436
0.472914
0.437339
0.40524
0.378285
0.356999
0.340647
0.327348
0.314691
0.300809
0.285395
0.269954
0.256835
0.247458
0.24112
0.235494
0.228221
0.218072
0.205083
0.190033
0.173854
0.157302
0.140951
0.125359
0.111168
0.098992
0.08912
0.0812085
0.0742045
0.0666008
0.0569772
0.0446582
0.0302435
0.0157874
0.00450001
0
0
0.00428621
0.0166199
0.0362079
0.062278
0.0940987
0.130995
0.172388
0.217871
0.267328
0.320976
0.379239
0.4424
0.510153
0.581321
0.653911
0.725489
0.793679
0.856589
0.913024
0.962479
1.00497
1.04076
1.07014
1.09323
1.10992
1.12001
1.12337
1.12018
1.11099
1.09674
1.0785
1.05731
1.034
1.00932
0.984077
0.959456
0.937005
0.9184
0.904854
0.896394
0.891402
0.886767
0.878679
0.863757
0.840019
0.807394
0.767683
0.724102
0.680626
0.641331
0.60982
0.588756
0.57946
0.581603
0.593098
0.610328
0.62872
0.643526
0.650595
0.647001
0.631437
0.604386
0.568053
0.526003
0.482538
0.441903
0.407514
0.381275
0.363068
0.350661
0.340427
0.32885
0.31414
0.297112
0.280678
0.267901
0.259704
0.254204
0.248272
0.239553
0.22734
0.212254
0.195467
0.178057
0.160752
0.144004
0.128211
0.11386
0.101448
0.0912104
0.0828295
0.0753227
0.0672591
0.0572784
0.0447365
0.0302271
0.0157621
0.00449336
0
0
0.00428798
0.0166373
0.0362722
0.0624427
0.0944374
0.131578
0.173229
0.218871
0.268224
0.321344
0.378541
0.440051
0.505578
0.573995
0.643411
0.71159
0.776503
0.836767
0.891817
0.941806
0.987313
1.02897
1.06713
1.10156
1.13138
1.1551
1.17093
1.17712
1.17246
1.15665
1.13041
1.09544
1.05424
1.00968
0.964767
0.922362
0.885066
0.85512
0.834174
0.822843
0.820185
0.823472
0.828595
0.831051
0.827101
0.814656
0.793646
0.76586
0.734416
0.703057
0.675433
0.654517
0.642152
0.638754
0.643141
0.65257
0.663058
0.670051
0.669314
0.657824
0.634449
0.600225
0.558191
0.512799
0.469039
0.431418
0.402955
0.384308
0.373443
0.366286
0.35833
0.346512
0.33052
0.312832
0.297166
0.285913
0.278419
0.271732
0.262875
0.250451
0.234762
0.217059
0.198678
0.180532
0.16304
0.146361
0.130693
0.116416
0.103983
0.093601
0.0849255
0.0769765
0.0683887
0.0579132
0.045004
0.0302924
0.0157598
0.00448916
0
0
0.00429086
0.0166647
0.0363712
0.0626898
0.0949307
0.132403
0.174392
0.220207
0.269308
0.321437
0.3766
0.4348
0.495632
0.558005
0.620239
0.680507
0.737406
0.790371
0.83975
0.886567
0.93208
0.977337
1.02281
1.06819
1.11222
1.15274
1.18684
1.21132
1.2232
1.2204
1.20218
1.16947
1.12485
1.07224
1.01642
0.962356
0.914615
0.876809
0.85126
0.838755
0.838375
0.847443
0.861794
0.876493
0.886847
0.889388
0.882516
0.866634
0.843832
0.817245
0.790286
0.765938
0.746192
0.731727
0.721811
0.714425
0.706616
0.695058
0.676803
0.650048
0.614721
0.572683
0.527467
0.483594
0.445574
0.416768
0.398358
0.388842
0.384489
0.380713
0.373817
0.362403
0.347817
0.333156
0.321053
0.311695
0.302846
0.291744
0.276944
0.258806
0.238836
0.21868
0.1994
0.181304
0.16422
0.147944
0.132576
0.118554
0.106378
0.0961878
0.0874802
0.0791833
0.070006
0.0588885
0.0454623
0.0304397
0.0157808
0.00448752
0
0
0.0042948
0.016701
0.0365001
0.0630035
0.0955411
0.133403
0.175783
0.22179
0.270568
0.321444
0.373977
0.427792
0.482277
0.536381
0.588734
0.638091
0.683866
0.726454
0.767135
0.807626
0.849485
0.893699
0.940541
0.989633
1.03999
1.08994
1.13709
1.17834
1.21032
1.22989
1.2348
1.22425
1.19919
1.16234
1.11797
1.07126
1.02759
0.991614
0.966553
0.953771
0.952692
0.961015
0.975103
0.990565
1.003
1.00884
1.00592
0.993841
0.97377
0.947965
0.919113
0.889654
0.861236
0.834388
0.808491
0.78202
0.75301
0.719638
0.680809
0.636629
0.588644
0.539747
0.493704
0.454358
0.424638
0.405664
0.396319
0.393583
0.393512
0.392525
0.388548
0.381566
0.373105
0.364672
0.356167
0.345716
0.331096
0.311423
0.287782
0.262594
0.238376
0.216648
0.197575
0.180375
0.164119
0.148374
0.133408
0.119926
0.108488
0.0989865
0.0905666
0.0819987
0.0721325
0.0602059
0.0461075
0.0306667
0.0158245
0.00448848
0
0
0.00429972
0.0167453
0.0366534
0.0633664
0.0962298
0.134513
0.177322
0.223581
0.272124
0.321854
0.371853
0.421329
0.469451
0.515252
0.557782
0.596507
0.631737
0.664766
0.69752
0.731818
0.768666
0.808016
0.849122
0.891174
0.933748
0.976791
1.0202
1.06326
1.10436
1.14101
1.17034
1.18976
1.19775
1.19435
1.1814
1.16224
1.14103
1.1218
1.10745
1.09926
1.09685
1.0986
1.10223
1.1052
1.10516
1.10023
1.08931
1.07222
1.04965
1.02289
0.993399
0.962394
0.93044
0.897271
0.861851
0.822728
0.778605
0.72895
0.674459
0.617236
0.560589
0.508469
0.464624
0.431678
0.410464
0.399909
0.397529
0.400212
0.404983
0.409625
0.412995
0.414763
0.414529
0.410927
0.401631
0.384501
0.359065
0.327253
0.292918
0.260393
0.232766
0.210769
0.192999
0.177256
0.16196
0.146804
0.13256
0.120289
0.110407
0.10223
0.094377
0.0855163
0.0747903
0.0618583
0.04693
0.0309686
0.0158901
0.00449203
0
0
0.0043055
0.0167962
0.0368252
0.0637612
0.0969597
0.135673
0.178946
0.22557
0.274154
0.323279
0.371656
0.418179
0.4619
0.502033
0.538117
0.57033
0.599732
0.62817
0.65765
0.689412
0.723223
0.75742
0.789701
0.81825
0.84262
0.864062
0.88521
0.90919
0.938431
0.973612
1.01326
1.05423
1.09279
1.12586
1.15179
1.17051
1.18306
1.19078
1.19447
1.19416
1.18925
1.17906
1.16336
1.14262
1.1179
1.09054
1.06189
1.03307
1.00488
0.977716
0.951574
0.925899
0.899529
0.870728
0.837441
0.797791
0.750746
0.696714
0.63786
0.577948
0.521675
0.473601
0.436984
0.413002
0.400806
0.398303
0.403047
0.412745
0.425387
0.439203
0.452444
0.462973
0.46793
0.463973
0.448293
0.419975
0.380935
0.335847
0.290953
0.252057
0.222329
0.201144
0.185159
0.170861
0.156472
0.142262
0.129686
0.119927
0.112728
0.106453
0.099221
0.0898504
0.0779913
0.0638274
0.0479136
0.0313382
0.0159758
0.00449808
0
0
0.00431201
0.0168524
0.0370096
0.0641719
0.0976985
0.136833
0.180599
0.227747
0.276801
0.326213
0.37454
0.420566
0.463376
0.502406
0.537568
0.5694
0.599118
0.628348
0.658491
0.68994
0.721617
0.751164
0.775729
0.792986
0.801986
0.80368
0.801077
0.798983
0.80316
0.81878
0.848579
0.891762
0.944437
1.00119
1.05671
1.10669
1.14792
1.17798
1.19498
1.19748
1.1849
1.15789
1.11856
1.07041
1.01783
0.965355
0.916906
0.875223
0.841588
0.815845
0.79661
0.781531
0.767562
0.751311
0.729539
0.699822
0.661245
0.614902
0.563953
0.513091
0.467447
0.431222
0.406617
0.393687
0.391118
0.397219
0.410384
0.429002
0.451172
0.474462
0.495746
0.511159
0.516423
0.507709
0.482906
0.442766
0.391318
0.335266
0.282399
0.239262
0.208612
0.18834
0.173542
0.160128
0.146793
0.134689
0.125683
0.120268
0.116753
0.112472
0.105464
0.0950982
0.0817236
0.0660798
0.0490353
0.031766
0.0160794
0.00450651
0
0
0.00431909
0.0169124
0.0372015
0.0645854
0.0984207
0.137953
0.182232
0.230072
0.280087
0.330826
0.380936
0.429299
0.475101
0.517863
0.557446
0.594046
0.62812
0.660188
0.690516
0.718812
0.744113
0.764989
0.779994
0.788152
0.789297
0.784222
0.774783
0.764063
0.75651
0.757604
0.77256
0.804255
0.851666
0.910014
0.97237
1.03144
1.08069
1.11488
1.13029
1.12498
1.099
1.05454
0.99576
0.928244
0.858197
0.791541
0.733117
0.686155
0.652022
0.630242
0.618709
0.614054
0.61212
0.608556
0.599513
0.582384
0.55644
0.523133
0.485866
0.449162
0.417433
0.393824
0.379749
0.375292
0.379969
0.393113
0.413734
0.440171
0.469886
0.499445
0.524619
0.540681
0.543053
0.528362
0.495622
0.447056
0.388097
0.326424
0.270171
0.225541
0.194424
0.17384
0.158702
0.145613
0.13437
0.126774
0.123929
0.124266
0.124356
0.121178
0.113403
0.10129
0.0859363
0.0685648
0.0502661
0.0322407
0.0161984
0.00451714
0
0
0.00432658
0.0169751
0.0373965
0.0649923
0.099109
0.139003
0.183799
0.232469
0.283878
0.336877
0.390404
0.443553
0.495569
0.545788
0.593549
0.638115
0.678626
0.714092
0.743454
0.765723
0.780224
0.786894
0.786549
0.780945
0.772507
0.763766
0.756803
0.753112
0.754072
0.761634
0.778409
0.806653
0.846612
0.895458
0.94762
0.996142
1.03418
1.05611
1.05826
1.03928
1.00037
0.945115
0.878999
0.808471
0.73989
0.678542
0.628038
0.590189
0.565216
0.55203
0.548417
0.551166
0.556326
0.559688
0.557492
0.547181
0.52801
0.501255
0.46992
0.437948
0.409236
0.386854
0.372798
0.368186
0.373483
0.388447
0.411871
0.441444
0.473811
0.504772
0.529564
0.543327
0.541869
0.522668
0.485833
0.434566
0.374808
0.314025
0.259365
0.215606
0.183671
0.161036
0.144384
0.132344
0.125854
0.125813
0.130439
0.135592
0.13724
0.133151
0.123118
0.108341
0.0905299
0.0712142
0.0515714
0.0327495
0.0163298
0.00452977
0
0
0.00433433
0.0170391
0.0375916
0.0653875
0.0997565
0.139972
0.185261
0.234831
0.28791
0.343785
0.401808
0.461327
0.521574
0.581535
0.639858
0.694834
0.744446
0.786515
0.818927
0.839959
0.848673
0.845332
0.831751
0.811427
0.789255
0.770682
0.760387
0.761058
0.773061
0.795209
0.825874
0.863455
0.906004
0.950589
0.993109
1.02875
1.05283
1.06164
1.05311
1.02725
0.986263
0.934321
0.876985
0.820257
0.769498
0.728523
0.699167
0.681434
0.674011
0.674787
0.681109
0.689834
0.697362
0.699888
0.693937
0.677083
0.648611
0.609863
0.564102
0.515902
0.470242
0.431595
0.403305
0.38732
0.384184
0.393121
0.412135
0.438149
0.467207
0.494723
0.515832
0.525929
0.521426
0.500613
0.464315
0.416014
0.361207
0.306097
0.255999
0.214084
0.181115
0.156505
0.139996
0.132323
0.133622
0.141289
0.15046
0.156361
0.155945
0.148316
0.134375
0.116035
0.0953548
0.0739443
0.0529129
0.033279
0.0164707
0.00454414
0
0
0.00434216
0.0171036
0.0377851
0.0657705
0.100367
0.140864
0.186604
0.237057
0.291862
0.350807
0.413701
0.48017
0.549438
0.620196
0.69059
0.758322
0.820806
0.875358
0.919412
0.950791
0.968051
0.970865
0.960419
0.939717
0.913666
0.888694
0.871661
0.868106
0.880543
0.907886
0.946378
0.991192
1.03765
1.08171
1.12
1.14973
1.1688
1.17594
1.17089
1.1546
1.12927
1.09825
1.06563
1.03562
1.01178
0.99629
0.989645
0.990827
0.997787
1.00795
1.01849
1.0263
1.028
1.02001
0.999048
0.96282
0.910822
0.844852
0.769024
0.689191
0.61192
0.54332
0.488069
0.448871
0.426382
0.419466
0.425574
0.441104
0.4617
0.482541
0.498731
0.505836
0.500577
0.481513
0.449454
0.407339
0.359508
0.310598
0.26454
0.22416
0.19154
0.168674
0.157319
0.157346
0.16538
0.175973
0.183904
0.185573
0.179432
0.165859
0.146612
0.124026
0.100221
0.0766617
0.0542509
0.0338157
0.0166181
0.00456001
0
0
0.00434994
0.0171677
0.0379765
0.0661456
0.100956
0.141706
0.187844
0.239085
0.295464
0.357249
0.424705
0.49776
0.575724
0.657174
0.740044
0.821831
0.899808
0.971192
1.03328
1.08359
1.12014
1.14174
1.14844
1.14191
1.1258
1.10569
1.08849
1.08097
1.08772
1.10966
1.14392
1.18539
1.22869
1.26961
1.3056
1.33556
1.35931
1.37715
1.38952
1.39697
1.40026
1.40046
1.39906
1.39771
1.39785
1.40032
1.40514
1.41155
1.4183
1.42381
1.42623
1.42326
1.41206
1.3893
1.35161
1.29642
1.22285
1.13248
1.0295
0.92018
0.811825
0.711449
0.624716
0.555343
0.505008
0.473534
0.459111
0.458501
0.467335
0.480525
0.492787
0.499247
0.496121
0.481322
0.454803
0.418436
0.375464
0.329791
0.285484
0.246665
0.217482
0.201253
0.198393
0.205218
0.21566
0.223949
0.226025
0.21989
0.205511
0.184418
0.159037
0.131885
0.104915
0.0792701
0.0555469
0.034347
0.0167691
0.00457713
0
0
0.00435751
0.017231
0.0381667
0.066521
0.101548
0.142547
0.189042
0.240941
0.29859
0.362657
0.433809
0.512289
0.597583
0.688311
0.782354
0.877109
0.969722
1.05724
1.13672
1.20535
1.26063
1.30076
1.325
1.33415
1.33089
1.31988
1.30728
1.29961
1.30191
1.31626
1.34129
1.37334
1.40836
1.44351
1.47781
1.51178
1.54649
1.58264
1.61996
1.65714
1.69215
1.72281
1.7473
1.7645
1.7741
1.77644
1.77237
1.76304
1.74966
1.73325
1.71423
1.6921
1.66512
1.63042
1.58435
1.52338
1.44523
1.3498
1.23971
1.12006
0.997483
0.879
0.770829
0.677697
0.602612
0.546959
0.510611
0.491894
0.487497
0.492632
0.50158
0.508526
0.50848
0.498073
0.476038
0.443273
0.402544
0.358063
0.315132
0.279709
0.257172
0.249763
0.254582
0.265034
0.274215
0.277054
0.270868
0.255228
0.231543
0.202404
0.170764
0.139161
0.109226
0.0816794
0.0567664
0.0348616
0.016921
0.00459523
0
0
0.00436476
0.017293
0.0383573
0.0669078
0.102177
0.143457
0.190311
0.242752
0.301319
0.366937
0.440563
0.522712
0.613069
0.710341
0.812356
0.916313
1.01905
1.11724
1.20762
1.28713
1.35317
1.40392
1.43864
1.45803
1.46443
1.46177
1.45513
1.4498
1.44995
1.45763
1.47255
1.49303
1.5174
1.54529
1.57789
1.61727
1.66514
1.72162
1.78463
1.84995
1.91196
1.96471
2.00296
2.02313
2.0238
2.00588
1.97225
1.92721
1.87565
1.82221
1.77052
1.72258
1.67838
1.63585
1.59119
1.53966
1.47682
1.39978
1.30817
1.20444
1.09329
0.980721
0.872799
0.774734
0.690374
0.622155
0.571258
0.537672
0.519952
0.514874
0.517478
0.521802
0.522068
0.513837
0.494793
0.465068
0.427196
0.385867
0.347463
0.318907
0.305121
0.305943
0.315797
0.326871
0.332441
0.328333
0.313128
0.287797
0.255025
0.218301
0.180962
0.145441
0.112969
0.0838144
0.0578812
0.0353505
0.0170718
0.00461407
0
0
0.00437157
0.0173536
0.0385504
0.0673184
0.102881
0.14452
0.191799
0.244749
0.303951
0.370406
0.445186
0.528957
0.621539
0.721696
0.827167
0.93491
1.04142
1.14308
1.2365
1.31881
1.38788
1.44254
1.48268
1.50932
1.52453
1.53123
1.53273
1.53219
1.53206
1.5338
1.53815
1.54573
1.55793
1.57728
1.60718
1.65088
1.71003
1.78351
1.86693
1.95309
2.03297
2.09729
2.13801
2.1497
2.13046
2.08216
2.00999
1.92147
1.82509
1.72901
1.6399
1.56227
1.49807
1.44665
1.4049
1.36774
1.32913
1.28353
1.22722
1.15922
1.08129
0.997252
0.911829
0.829607
0.754297
0.688496
0.633828
0.591186
0.560748
0.541622
0.531374
0.526018
0.52074
0.511087
0.494096
0.469044
0.437797
0.404759
0.376193
0.358346
0.354323
0.361799
0.374101
0.383549
0.384132
0.372637
0.348761
0.314639
0.273971
0.230906
0.188979
0.150413
0.116011
0.0856212
0.0588715
0.0358071
0.0172198
0.00463344
0
0
0.00437787
0.0174125
0.0387481
0.0677645
0.103695
0.145819
0.193673
0.247226
0.306955
0.373739
0.448552
0.532018
0.623974
0.723206
0.827444
0.93359
1.03812
1.13758
1.229
1.31024
1.38013
1.43846
1.48575
1.523
1.55141
1.57207
1.58587
1.59347
1.59559
1.59333
1.58869
1.5848
1.58599
1.59732
1.62365
1.6685
1.73279
1.81409
1.90639
2.00075
2.08642
2.15238
2.18916
2.19039
2.15391
2.08218
1.98172
1.86186
1.73303
1.60508
1.48595
1.38109
1.29368
1.22498
1.17458
1.14
1.11652
1.09777
1.07726
1.05005
1.01373
0.968468
0.91636
0.860412
0.803643
0.748493
0.696659
0.649279
0.60725
0.571375
0.542138
0.519198
0.501008
0.485011
0.468504
0.449836
0.42942
0.410093
0.396344
0.392145
0.398237
0.410995
0.423933
0.430346
0.425324
0.40671
0.375212
0.333888
0.287141
0.239484
0.194433
0.153901
0.118278
0.0870725
0.0597272
0.0362281
0.0173638
0.00465314
0
0
0.00438358
0.0174697
0.0389521
0.0682556
0.104649
0.147425
0.196084
0.250478
0.310865
0.377827
0.452025
0.533832
0.622968
0.718257
0.817625
0.91835
1.0175
1.11242
1.20118
1.28276
1.357
1.42428
1.48511
1.53971
1.58778
1.62846
1.66054
1.68297
1.69532
1.69846
1.69487
1.68873
1.68549
1.69103
1.71055
1.74741
1.80231
1.87278
1.95325
2.03551
2.10968
2.16552
2.19402
2.18897
2.14812
2.07361
1.97151
1.85055
1.72024
1.58897
1.4627
1.3447
1.23672
1.14086
1.06085
1.00138
0.965362
0.950847
0.950541
0.954568
0.954158
0.94392
0.922223
0.890284
0.850737
0.806285
0.758853
0.709475
0.658795
0.607828
0.5585
0.513592
0.475916
0.447084
0.426753
0.413206
0.404958
0.401992
0.405479
0.416067
0.432101
0.44929
0.461937
0.464717
0.454102
0.429121
0.39145
0.344853
0.294125
0.243829
0.197242
0.155883
0.119767
0.0881687
0.0604484
0.0366128
0.0175033
0.00467301
0
0
0.00438865
0.0175249
0.039163
0.0687963
0.105759
0.149381
0.199133
0.254724
0.316135
0.383536
0.45712
0.536852
0.62223
0.712163
0.805035
0.898968
0.992207
1.08348
1.17221
1.25842
1.3425
1.42477
1.50512
1.58287
1.65675
1.72504
1.78577
1.83697
1.87693
1.90465
1.92028
1.92556
1.92401
1.92059
1.92084
1.92961
1.94976
1.9814
2.02171
2.06548
2.10594
2.13588
2.1487
2.13965
2.10665
2.05071
1.97559
1.88678
1.7899
1.689
1.58543
1.4781
1.36519
1.24701
1.12854
1.02037
0.936509
0.888051
0.875626
0.88786
0.908264
0.923242
0.925518
0.913569
0.889339
0.855769
0.81504
0.76796
0.714489
0.654926
0.591085
0.526903
0.468118
0.420853
0.38943
0.374696
0.374439
0.385398
0.404511
0.428584
0.453564
0.474564
0.486647
0.485882
0.470222
0.439982
0.397779
0.347907
0.29528
0.244233
0.19761
0.15648
0.120541
0.0889364
0.061045
0.0369636
0.0176382
0.00469291
0
0
0.00439305
0.0175779
0.0393803
0.0693859
0.107024
0.151689
0.202839
0.260047
0.323005
0.391451
0.465066
0.543356
0.62558
0.710792
0.798014
0.886497
0.975949
1.06662
1.15916
1.25428
1.35242
1.45355
1.55714
1.66233
1.76794
1.87238
1.97332
2.06733
2.14984
2.21565
2.26006
2.28034
2.27694
2.25399
2.21848
2.17854
2.14122
2.11077
2.08819
2.07194
2.05913
2.04667
2.03183
2.01263
1.98783
1.95706
1.92062
1.87911
1.83272
1.78025
1.71845
1.64233
1.5468
1.42936
1.2928
1.14714
1.00971
0.902021
0.841034
0.827902
0.846397
0.874835
0.897368
0.906748
0.901938
0.884627
0.856515
0.818077
0.768847
0.708652
0.638993
0.563918
0.490015
0.42549
0.378338
0.353784
0.352117
0.368949
0.3976
0.431042
0.46263
0.486483
0.497965
0.494214
0.474525
0.440443
0.395447
0.344211
0.291552
0.241372
0.19596
0.155924
0.12071
0.0894242
0.0615354
0.0372858
0.0177691
0.00471275
0
0
0.00439677
0.0176285
0.0396019
0.0700171
0.108426
0.154309
0.207131
0.266354
0.331415
0.401677
0.476393
0.554699
0.63571
0.718714
0.803429
0.890217
0.980107
1.07456
1.17502
1.28247
1.39721
1.51896
1.64708
1.78077
1.91896
2.05971
2.19952
2.33268
2.45134
2.54647
2.60957
2.63492
2.62132
2.57282
2.49796
2.40757
2.31193
2.21848
2.13105
2.05083
1.97815
1.91394
1.86004
1.81852
1.79026
1.77407
1.76653
1.76281
1.75769
1.74598
1.72225
1.68057
1.61496
1.52102
1.39828
1.25237
1.09631
0.95018
0.837738
0.777135
0.768603
0.793834
0.830111
0.861625
0.880872
0.885542
0.875328
0.850097
0.809573
0.75407
0.685556
0.60836
0.529119
0.455993
0.397426
0.360615
0.349335
0.361768
0.390799
0.426947
0.461113
0.485982
0.496611
0.49065
0.46832
0.432108
0.38615
0.33532
0.284188
0.236122
0.192833
0.154506
0.120419
0.0896969
0.061945
0.0375864
0.0178968
0.00473243
0
0
0.0043998
0.017676
0.0398244
0.0706764
0.109926
0.157158
0.211856
0.273392
0.341004
0.41379
0.490735
0.570809
0.653182
0.737502
0.824165
0.914415
1.01015
1.11342
1.22586
1.34824
1.48038
1.62144
1.77015
1.92502
2.08407
2.24429
2.40096
2.54724
2.6744
2.77291
2.83416
2.85257
2.82713
2.76201
2.66564
2.54861
2.42099
2.29024
2.16075
2.03498
1.91553
1.80692
1.71581
1.6494
1.61201
1.60194
1.61098
1.62716
1.639
1.63855
1.62185
1.58753
1.53457
1.4612
1.36567
1.24838
1.11443
0.975231
0.848548
0.755487
0.71175
0.716421
0.752044
0.797364
0.83681
0.861714
0.868202
0.855123
0.822897
0.773238
0.709385
0.636323
0.560548
0.489265
0.429402
0.38694
0.366277
0.368523
0.389543
0.420678
0.45195
0.474879
0.483831
0.476358
0.452975
0.416581
0.371575
0.322791
0.274442
0.229366
0.188773
0.152534
0.119824
0.0898295
0.0623042
0.0378743
0.0180224
0.0047519
0
0
0.00440217
0.0177201
0.040043
0.0713455
0.111475
0.160124
0.216798
0.280789
0.351187
0.426931
0.506914
0.590172
0.676147
0.76498
0.857697
0.956126
1.06248
1.17871
1.30585
1.44369
1.5908
1.74489
1.90313
2.06248
2.21968
2.37103
2.51208
2.6375
2.74123
2.81719
2.86036
2.86795
2.84021
2.78059
2.69491
2.58993
2.4718
2.34505
2.2128
2.07795
1.94499
1.82144
1.71802
1.6462
1.61309
1.61589
1.64079
1.66787
1.67852
1.66109
1.61315
1.54032
1.45243
1.35861
1.26349
1.16667
1.06566
0.960273
0.856076
0.765407
0.704496
0.685018
0.70442
0.746563
0.792087
0.826295
0.840996
0.833448
0.804722
0.758316
0.699221
0.633331
0.566875
0.505643
0.454217
0.415815
0.392792
0.386563
0.395987
0.415979
0.438595
0.455759
0.461478
0.452807
0.429872
0.395274
0.353126
0.307892
0.26333
0.221825
0.184244
0.150284
0.119084
0.0899019
0.0626464
0.0381593
0.0181474
0.00477114
0
0
0.00440392
0.01776
0.0402524
0.0720025
0.113013
0.16308
0.221715
0.288127
0.361278
0.440013
0.523256
0.61026
0.700884
0.795821
0.896631
1.00544
1.12431
1.25446
1.39562
1.54581
1.70154
1.85832
2.01135
2.15609
2.28869
2.40614
2.50624
2.58751
2.64905
2.69053
2.71222
2.71495
2.70002
2.66896
2.62321
2.56393
2.49191
2.40787
2.313
2.20987
2.1033
2.00108
1.91382
1.85282
1.82562
1.83073
1.85541
1.87912
1.88049
1.84408
1.76458
1.64766
1.5079
1.36396
1.23218
1.12084
1.02838
0.947312
0.871181
0.800093
0.742026
0.708873
0.707569
0.732645
0.768518
0.798323
0.810336
0.799731
0.767629
0.719155
0.661369
0.601527
0.545818
0.498506
0.461484
0.434635
0.417076
0.408315
0.40804
0.414679
0.424431
0.43199
0.432303
0.422111
0.400652
0.369521
0.331906
0.291511
0.251531
0.213992
0.179595
0.147992
0.118347
0.0899948
0.0630059
0.0384512
0.0182728
0.0047901
0
0
0.00440508
0.0177954
0.0404465
0.0726238
0.114478
0.165893
0.226368
0.295004
0.370615
0.451953
0.537989
0.628208
0.722875
0.82316
0.930992
1.04856
1.17747
1.31792
1.46803
1.62375
1.77931
1.92811
2.06376
2.1811
2.27696
2.35048
2.40304
2.43787
2.45935
2.47228
2.481
2.48868
2.49674
2.50463
2.51001
2.50933
2.49875
2.4751
2.43672
2.38395
2.3194
2.248
2.17681
2.11417
2.06772
2.04096
2.03009
2.02332
2.00407
1.95663
1.87164
1.74929
1.59952
1.43931
1.28762
1.1591
1.05886
0.981888
0.91832
0.86084
0.809404
0.770879
0.753421
0.758347
0.776534
0.793042
0.794698
0.774717
0.733529
0.677246
0.615021
0.556156
0.507675
0.472868
0.451085
0.438799
0.431587
0.426092
0.420942
0.41623
0.41209
0.40749
0.400111
0.387344
0.367559
0.340846
0.308901
0.274276
0.239461
0.206179
0.17508
0.145862
0.117752
0.0901861
0.0634152
0.0387588
0.0184
0.00480877
0
0
0.00440575
0.0178256
0.0406199
0.0731869
0.11581
0.168445
0.230551
0.301084
0.378662
0.461871
0.549623
0.641499
0.737986
0.84051
0.95115
1.07199
1.20417
1.34699
1.49727
1.64939
1.79596
1.92907
2.04173
2.12925
2.19017
2.22653
2.24339
2.24778
2.24731
2.24886
2.25769
2.27708
2.30811
2.34935
2.39657
2.44301
2.48058
2.5017
2.50111
2.47682
2.43017
2.36508
2.2871
2.2028
2.11925
2.04311
1.97875
1.92585
1.87819
1.82534
1.75679
1.66652
1.55571
1.43263
1.30981
1.19946
1.10875
1.03741
0.979513
0.928298
0.881065
0.840926
0.81414
0.803962
0.805602
0.807312
0.796471
0.765317
0.713399
0.646999
0.576649
0.51371
0.466864
0.439565
0.429491
0.430259
0.434273
0.435303
0.430048
0.418463
0.402842
0.385999
0.369416
0.352536
0.33361
0.31123
0.285267
0.256809
0.227477
0.198647
0.17093
0.144088
0.117434
0.0905477
0.0639027
0.0390896
0.0185297
0.00482713
0
0
0.00440599
0.0178505
0.0407677
0.0736715
0.116959
0.170634
0.234098
0.306125
0.385067
0.469213
0.557224
0.648505
0.743447
0.843414
0.950398
1.06632
1.19207
1.3266
1.4663
1.60513
1.73534
1.84896
1.93945
2.00329
2.04092
2.05685
2.05864
2.05515
2.05443
2.06235
2.08241
2.11633
2.16444
2.2248
2.29188
2.35611
2.40556
2.4291
2.41959
2.37588
2.30262
2.20851
2.10337
1.99551
1.89043
1.79146
1.70122
1.62234
1.55639
1.50189
1.45361
1.40443
1.34884
1.28546
1.21741
1.15028
1.08921
1.03633
0.990321
0.948237
0.908534
0.873075
0.846214
0.830721
0.823475
0.815213
0.794955
0.75539
0.695913
0.622716
0.546682
0.480052
0.432658
0.408668
0.405357
0.414876
0.427666
0.435417
0.432966
0.419158
0.396581
0.37011
0.344508
0.322161
0.30246
0.283204
0.262556
0.24
0.216109
0.191765
0.16743
0.142875
0.117519
0.0911404
0.0644903
0.0394486
0.0186623
0.00484515
0
0
0.0044059
0.01787
0.0408862
0.0740615
0.117882
0.172385
0.236896
0.309988
0.389674
0.473808
0.56055
0.6488
0.738468
0.830505
0.926602
1.02856
1.1374
1.25249
1.37095
1.48768
1.59603
1.68919
1.76182
1.81163
1.84025
1.85326
1.85883
1.86556
1.88014
1.90608
1.94404
1.99312
2.05143
2.11519
2.17708
2.22584
2.24815
2.23237
2.17254
2.07108
1.93953
1.79662
1.6635
1.5565
1.48043
1.42753
1.3839
1.33829
1.28694
1.23299
1.18208
1.13784
1.09994
1.06545
1.03161
0.997544
0.964088
0.93251
0.903268
0.875914
0.850232
0.82753
0.810406
0.800211
0.793979
0.784062
0.761437
0.72021
0.660462
0.588459
0.514745
0.451024
0.406703
0.385883
0.386094
0.399743
0.417176
0.429471
0.430391
0.417539
0.392652
0.36078
0.328294
0.300154
0.277868
0.259694
0.242785
0.225161
0.20621
0.186099
0.164945
0.14244
0.118115
0.092008
0.0651905
0.0398377
0.0187979
0.00486282
0
0
0.00440561
0.0178842
0.0409735
0.0743464
0.118552
0.173644
0.238878
0.312617
0.3925
0.475824
0.560031
0.643192
0.724374
0.803795
0.882688
0.962831
1.0458
1.13215
1.22076
1.30865
1.39145
1.46437
1.52364
1.56778
1.5985
1.6207
1.6413
1.66717
1.70295
1.74978
1.80558
1.86624
1.92653
1.98001
2.01828
2.03096
2.00719
1.93838
1.82161
1.66258
1.47776
1.29526
1.15181
1.07938
1.08202
1.12981
1.18205
1.20945
1.19988
1.1555
1.0876
1.01099
0.938753
0.878722
0.832602
0.797982
0.77136
0.750172
0.733116
0.719568
0.709221
0.702269
0.699307
0.700015
0.701315
0.697039
0.680204
0.646451
0.596459
0.536173
0.475053
0.423192
0.3883
0.373456
0.376485
0.391141
0.409266
0.422879
0.425836
0.415025
0.390997
0.357783
0.321645
0.288789
0.262816
0.243539
0.228227
0.213945
0.198907
0.182359
0.163878
0.142975
0.119297
0.0931697
0.0660045
0.0402554
0.0189359
0.0048801
0
0
0.00440524
0.0178939
0.0410297
0.0745218
0.118953
0.174385
0.240013
0.314019
0.393674
0.47567
0.556595
0.633467
0.704239
0.76816
0.825901
0.879332
0.93094
0.983015
1.03686
1.09232
1.14784
1.20104
1.24965
1.29253
1.33045
1.36625
1.40414
1.44829
1.50108
1.56179
1.62656
1.68911
1.74196
1.77727
1.78731
1.7649
1.70417
1.60183
1.45875
1.28187
1.08658
0.900401
0.766027
0.727846
0.787753
0.897054
1.00427
1.07812
1.10511
1.08452
1.02464
0.939371
0.844801
0.755668
0.682076
0.627541
0.589838
0.564427
0.54775
0.538183
0.535071
0.537625
0.544569
0.554013
0.562938
0.566926
0.561149
0.542462
0.51128
0.472042
0.431976
0.39877
0.378111
0.372062
0.378783
0.393468
0.409887
0.421883
0.424514
0.41487
0.392682
0.360596
0.323703
0.288071
0.258503
0.236623
0.220792
0.207913
0.195289
0.181194
0.164543
0.144593
0.12108
0.0946134
0.0669209
0.0406967
0.0190753
0.00489696
0
0
0.0044049
0.0178998
0.0410567
0.0745899
0.119086
0.174603
0.240299
0.314231
0.393367
0.473841
0.551382
0.621895
0.682095
0.730137
0.766052
0.791846
0.811107
0.828153
0.84696
0.870268
0.8992
0.933474
0.972017
1.01367
1.05779
1.10448
1.15449
1.20863
1.26681
1.32729
1.3862
1.43784
1.4755
1.49253
1.48341
1.44449
1.3745
1.27479
1.14939
1.00527
0.85325
0.71025
0.602399
0.560821
0.596065
0.681488
0.779055
0.860904
0.911059
0.922893
0.897303
0.841184
0.765601
0.683416
0.606319
0.541783
0.491527
0.453093
0.42365
0.402737
0.391824
0.391638
0.400243
0.413624
0.427432
0.437964
0.442329
0.438777
0.42744
0.410851
0.393537
0.38062
0.375959
0.38071
0.392974
0.40864
0.422871
0.431409
0.431206
0.420551
0.399189
0.368683
0.332615
0.296021
0.263838
0.23895
0.22113
0.207825
0.195922
0.182897
0.16702
0.147261
0.123404
0.0962927
0.0679158
0.0411537
0.0192146
0.00491336
0
0
0.00440474
0.017903
0.0410584
0.0745594
0.118964
0.174315
0.239761
0.313304
0.391732
0.470763
0.545419
0.610609
0.661887
0.696303
0.713175
0.714522
0.704922
0.690666
0.678323
0.673213
0.678469
0.695085
0.722618
0.75985
0.805045
0.855964
0.909944
0.964146
1.01585
1.06262
1.10223
1.13241
1.15073
1.15463
1.14188
1.11119
1.06281
0.998862
0.923235
0.84118
0.758855
0.68326
0.62267
0.586496
0.582349
0.610467
0.661329
0.719727
0.770562
0.802398
0.808932
0.789281
0.747399
0.690614
0.627322
0.564334
0.505041
0.449752
0.398299
0.353223
0.320943
0.308325
0.315657
0.334653
0.354758
0.368989
0.375116
0.374339
0.369648
0.364674
0.362989
0.367375
0.378924
0.39644
0.416637
0.435146
0.447908
0.452292
0.447359
0.433302
0.410778
0.380921
0.345953
0.3095
0.275871
0.248423
0.228059
0.213079
0.200447
0.187184
0.171057
0.150775
0.126129
0.0981291
0.068955
0.0416158
0.0193522
0.0049293
0
0
0.00440488
0.0179049
0.0410406
0.0744454
0.118616
0.173561
0.238443
0.311289
0.388856
0.466674
0.539334
0.601042
0.646446
0.671637
0.67516
0.658729
0.627359
0.588666
0.551274
0.522689
0.507555
0.507445
0.522104
0.550588
0.591125
0.640285
0.692781
0.742356
0.783309
0.811963
0.827583
0.83241
0.830649
0.826631
0.82288
0.819169
0.813169
0.802232
0.785141
0.762878
0.738179
0.714385
0.694449
0.680761
0.675551
0.680904
0.697673
0.723899
0.754285
0.781447
0.798165
0.799391
0.78327
0.751005
0.70572
0.650843
0.588875
0.521383
0.450501
0.381498
0.325214
0.296357
0.301319
0.327667
0.355441
0.371173
0.37093
0.358598
0.342954
0.333828
0.337798
0.355611
0.383253
0.414822
0.444433
0.467045
0.479173
0.479567
0.469238
0.450436
0.425231
0.394923
0.360742
0.324915
0.290773
0.261575
0.238878
0.221773
0.207577
0.193189
0.176082
0.154775
0.129049
0.100019
0.069997
0.0420713
0.0194863
0.00494473
0
0
0.00440542
0.0179069
0.0410104
0.0742685
0.118083
0.172406
0.236418
0.308245
0.384769
0.461586
0.53321
0.593561
0.636779
0.658285
0.65589
0.630656
0.587193
0.533149
0.4778
0.429945
0.395811
0.378272
0.378061
0.395249
0.428741
0.474562
0.525475
0.572551
0.607506
0.624868
0.623675
0.608452
0.588949
0.577494
0.58345
0.607747
0.64295
0.678729
0.707122
0.724644
0.731785
0.731253
0.726112
0.718737
0.710901
0.704501
0.702006
0.705924
0.717428
0.735135
0.755064
0.771856
0.780343
0.776614
0.758253
0.724082
0.673923
0.608848
0.53211
0.450747
0.377609
0.331057
0.323951
0.346736
0.374999
0.38948
0.38278
0.358459
0.32871
0.310178
0.315384
0.344079
0.386062
0.430194
0.468208
0.49464
0.50657
0.503863
0.48903
0.465987
0.438119
0.407122
0.37361
0.338683
0.304723
0.274649
0.250303
0.23134
0.215476
0.19968
0.181315
0.158801
0.131915
0.101847
0.0709976
0.0425082
0.0196153
0.00495968
0
0
0.00440646
0.0179106
0.0409758
0.0740536
0.117419
0.170937
0.233796
0.304262
0.37947
0.455328
0.526627
0.587446
0.631887
0.655093
0.654335
0.629889
0.585378
0.527377
0.464281
0.404707
0.355997
0.323522
0.310916
0.319996
0.349321
0.393173
0.44272
0.48824
0.521106
0.535381
0.529219
0.506098
0.475671
0.453074
0.453772
0.483812
0.535581
0.594891
0.64921
0.690704
0.716051
0.725302
0.720632
0.705345
0.683278
0.658608
0.635892
0.619959
0.615223
0.624262
0.646383
0.677311
0.71025
0.737501
0.751846
0.747538
0.721094
0.671993
0.60335
0.522659
0.442665
0.381029
0.353419
0.358448
0.375919
0.384518
0.373577
0.344592
0.309789
0.28861
0.297011
0.333813
0.384847
0.436317
0.479052
0.507598
0.51948
0.515245
0.498236
0.473262
0.444435
0.413696
0.381308
0.347665
0.314493
0.2844
0.25933
0.239275
0.222254
0.205356
0.185932
0.162374
0.134478
0.1035
0.0719154
0.0429156
0.0197378
0.00497416
0
0
0.00440808
0.0179174
0.0409454
0.0738287
0.11669
0.169267
0.23073
0.299487
0.373003
0.447673
0.518863
0.581199
0.62919
0.658109
0.664993
0.64946
0.614078
0.564119
0.506759
0.450022
0.401853
0.369371
0.357736
0.368251
0.397246
0.4374
0.480184
0.517629
0.543334
0.553151
0.545803
0.523478
0.49243
0.463261
0.449453
0.461879
0.501595
0.559301
0.621707
0.676944
0.716586
0.73603
0.734354
0.71391
0.679619
0.638016
0.596241
0.561238
0.539209
0.534932
0.550462
0.583705
0.6282
0.674512
0.712357
0.732628
0.729007
0.699061
0.644824
0.572978
0.494777
0.42518
0.378763
0.360256
0.358695
0.356506
0.342216
0.315324
0.286054
0.271731
0.285724
0.325339
0.377098
0.428385
0.470712
0.498964
0.510877
0.507129
0.491099
0.467548
0.4405
0.411775
0.381451
0.349655
0.31786
0.288554
0.263748
0.243619
0.22635
0.209097
0.189207
0.16507
0.136518
0.10488
0.0727159
0.0432852
0.0198529
0.00498821
0
0
0.0044103
0.0179284
0.0409271
0.0736225
0.115964
0.16753
0.227422
0.294156
0.365531
0.438514
0.509222
0.573108
0.625418
0.661906
0.679684
0.677952
0.658394
0.625104
0.584087
0.542544
0.508033
0.487334
0.484712
0.50018
0.529293
0.564895
0.599427
0.626594
0.642239
0.644646
0.634461
0.614422
0.589161
0.565164
0.550515
0.553307
0.5782
0.623243
0.680157
0.737632
0.784769
0.813339
0.818959
0.801481
0.76466
0.715195
0.661319
0.611312
0.572341
0.549869
0.547208
0.564582
0.598042
0.639575
0.678854
0.705721
0.712369
0.694786
0.653407
0.593107
0.522683
0.453666
0.39756
0.360717
0.339901
0.325034
0.307571
0.286334
0.26824
0.264412
0.281758
0.3171
0.361236
0.405185
0.442228
0.467874
0.479893
0.478587
0.466605
0.447768
0.425252
0.400396
0.373178
0.343817
0.313898
0.286026
0.262355
0.243187
0.226743
0.210127
0.190621
0.166584
0.13788
0.10592
0.0733764
0.0436119
0.0199602
0.0050019
0
0
0.00441314
0.0179446
0.040928
0.0734625
0.115317
0.165876
0.22412
0.288602
0.357396
0.428016
0.497379
0.561882
0.617701
0.661306
0.690125
0.703159
0.701376
0.687741
0.666887
0.644535
0.626684
0.618516
0.623062
0.640119
0.666167
0.69549
0.721888
0.740247
0.747624
0.743684
0.730511
0.711924
0.69265
0.677735
0.672233
0.68072
0.706035
0.747573
0.800442
0.856353
0.905709
0.939836
0.952723
0.942042
0.909403
0.859867
0.800838
0.740568
0.686678
0.645078
0.619465
0.611063
0.618197
0.635981
0.656933
0.672656
0.675836
0.661818
0.629457
0.581256
0.522922
0.462269
0.40729
0.363417
0.331288
0.307424
0.287984
0.272321
0.263522
0.265811
0.280848
0.306332
0.337636
0.369795
0.398381
0.419855
0.432025
0.434497
0.428644
0.416735
0.400608
0.380893
0.357502
0.330931
0.303114
0.276992
0.255013
0.237638
0.223028
0.208093
0.189919
0.166762
0.138486
0.106591
0.0738884
0.0438947
0.02006
0.00501531
0
0
0.00441656
0.0179663
0.0409534
0.0733724
0.114815
0.164456
0.221102
0.283254
0.349147
0.41673
0.483635
0.547181
0.604519
0.652946
0.69036
0.715741
0.729479
0.733456
0.730814
0.725478
0.721488
0.722223
0.729613
0.743588
0.762025
0.781283
0.797166
0.806042
0.805835
0.796641
0.780787
0.762318
0.746094
0.736883
0.738708
0.754373
0.78488
0.828732
0.881595
0.936766
0.986377
1.02288
1.04042
1.03581
1.00908
0.963352
0.904308
0.839074
0.77493
0.718071
0.672769
0.641032
0.622573
0.614909
0.61368
0.613436
0.608781
0.595521
0.571492
0.536948
0.494464
0.448307
0.40328
0.363303
0.330367
0.304597
0.285418
0.272715
0.266984
0.268562
0.276967
0.290926
0.308746
0.328486
0.347942
0.364797
0.377078
0.38368
0.384531
0.380155
0.370922
0.356679
0.337236
0.313364
0.287419
0.262849
0.242611
0.227449
0.215424
0.203081
0.187137
0.165624
0.138352
0.106903
0.0742592
0.0441368
0.0201532
0.00502856
0
0
0.00442048
0.0179936
0.0410065
0.0733701
0.114518
0.163414
0.218651
0.278595
0.341504
0.405589
0.469019
0.529891
0.586257
0.636251
0.678337
0.71161
0.736047
0.752594
0.763027
0.769609
0.774624
0.779893
0.786398
0.79411
0.802045
0.808531
0.811603
0.8095
0.801227
0.787062
0.768842
0.74984
0.734237
0.726319
0.729647
0.746339
0.77651
0.81797
0.866326
0.91561
0.959251
0.991127
1.00646
1.00243
0.978566
0.936756
0.881033
0.816959
0.750741
0.688197
0.633849
0.590374
0.558484
0.537135
0.523917
0.515544
0.508433
0.499302
0.485713
0.466479
0.441842
0.413319
0.383222
0.353991
0.327617
0.30539
0.287976
0.275603
0.268177
0.265313
0.266442
0.270991
0.278505
0.288573
0.300566
0.313415
0.325665
0.335799
0.342544
0.344881
0.341854
0.332545
0.316547
0.294772
0.26994
0.246106
0.226991
0.213871
0.204739
0.195601
0.18259
0.163359
0.137583
0.106909
0.0745113
0.0443457
0.0202414
0.00504176
0
0
0.0044248
0.0180258
0.0410876
0.0734647
0.114465
0.162862
0.217023
0.27511
0.335275
0.395802
0.45517
0.51204
0.565208
0.613585
0.656246
0.692538
0.722224
0.74556
0.763257
0.776301
0.785678
0.792102
0.795865
0.796859
0.794764
0.789266
0.780206
0.767648
0.751923
0.73378
0.714585
0.696472
0.682227
0.674864
0.676931
0.689761
0.712901
0.743939
0.778817
0.812547
0.840094
0.857174
0.860781
0.849421
0.82314
0.783449
0.733209
0.676396
0.617665
0.561696
0.512443
0.472517
0.442885
0.422963
0.411011
0.404663
0.401423
0.398999
0.395501
0.38957
0.380474
0.368124
0.353024
0.336105
0.318517
0.301403
0.285741
0.27231
0.261712
0.254365
0.250394
0.249594
0.251617
0.256285
0.263669
0.273727
0.285803
0.298438
0.309622
0.317177
0.319058
0.313628
0.300157
0.279506
0.254613
0.230141
0.210819
0.198837
0.192301
0.186538
0.176844
0.160305
0.136366
0.1067
0.074681
0.0445324
0.0203266
0.00505504
0
0
0.00442938
0.0180619
0.0411942
0.0736557
0.114673
0.162868
0.216402
0.273202
0.331218
0.388639
0.444035
0.496385
0.545028
0.589545
0.62963
0.665022
0.695492
0.720906
0.741272
0.756726
0.767433
0.773454
0.774689
0.770966
0.762262
0.748941
0.731882
0.712412
0.69208
0.672429
0.654872
0.64075
0.6314
0.628061
0.631519
0.641613
0.656895
0.674667
0.691441
0.703652
0.708366
0.703761
0.689266
0.665385
0.633364
0.594913
0.552108
0.507423
0.463696
0.423861
0.390443
0.364996
0.347744
0.337643
0.33285
0.331385
0.33166
0.332658
0.33377
0.334474
0.334094
0.33178
0.326724
0.318463
0.307094
0.293301
0.278228
0.263327
0.250196
0.240259
0.23428
0.232041
0.232681
0.235562
0.240886
0.249395
0.261351
0.275684
0.290012
0.301323
0.306722
0.303969
0.291981
0.271432
0.245267
0.218588
0.197232
0.184772
0.179841
0.177068
0.170659
0.156922
0.13495
0.106395
0.0748147
0.0447105
0.0204113
0.0050685
0
0
0.00443404
0.0181004
0.0413207
0.0739318
0.115129
0.163442
0.216871
0.273118
0.329889
0.385166
0.437425
0.485744
0.529783
0.569638
0.605599
0.637897
0.666545
0.691321
0.711875
0.727846
0.73891
0.744768
0.745128
0.739798
0.728884
0.71301
0.693457
0.67213
0.651306
0.633233
0.619711
0.61184
0.610007
0.613952
0.62274
0.634616
0.646944
0.656472
0.659951
0.654918
0.640318
0.616723
0.586064
0.550995
0.514166
0.477725
0.4432
0.411727
0.384335
0.362021
0.345526
0.334954
0.329521
0.327655
0.327461
0.327364
0.326596
0.325262
0.323953
0.323107
0.322511
0.321201
0.317814
0.311167
0.300757
0.286976
0.271055
0.254865
0.240607
0.230251
0.22473
0.223449
0.22485
0.227774
0.232469
0.240304
0.252337
0.267892
0.284356
0.298132
0.305748
0.304564
0.293209
0.272094
0.243947
0.213994
0.188972
0.174127
0.169252
0.168526
0.164913
0.153739
0.133624
0.106129
0.0749655
0.0448951
0.0204978
0.00508225
0
0
0.00443861
0.0181394
0.041459
0.0742714
0.115791
0.164525
0.218377
0.274879
0.3315
0.385968
0.436552
0.482248
0.522826
0.558707
0.590667
0.61947
0.64555
0.66888
0.689052
0.705466
0.717494
0.724563
0.726207
0.722171
0.712582
0.698138
0.680213
0.660834
0.642458
0.627569
0.618186
0.61544
0.619426
0.629275
0.64326
0.65883
0.67269
0.681174
0.680958
0.669924
0.647821
0.616422
0.579059
0.539706
0.501974
0.468403
0.440302
0.418047
0.401548
0.390549
0.384622
0.382935
0.384058
0.386034
0.386816
0.384895
0.379801
0.372167
0.36329
0.354395
0.346002
0.337713
0.328497
0.317263
0.303428
0.287231
0.269776
0.25289
0.238789
0.229397
0.225376
0.225634
0.22811
0.231396
0.235856
0.243294
0.255273
0.271361
0.28883
0.303784
0.312479
0.312072
0.300982
0.279301
0.249388
0.21626
0.187088
0.168583
0.162184
0.162206
0.160492
0.151303
0.132686
0.106044
0.0751878
0.0451014
0.0205886
0.00509635
0
0
0.00444289
0.0181765
0.0415991
0.0746437
0.11659
0.165988
0.220726
0.278243
0.335824
0.390957
0.441654
0.48671
0.525818
0.559498
0.588823
0.615001
0.638952
0.66105
0.681096
0.698481
0.712403
0.722031
0.726644
0.725775
0.719405
0.708132
0.693243
0.676644
0.660639
0.647579
0.639452
0.637532
0.642191
0.652884
0.668146
0.685569
0.701881
0.713324
0.716403
0.708789
0.690036
0.661793
0.627385
0.590904
0.556175
0.525982
0.501791
0.483957
0.472131
0.465613
0.463465
0.464415
0.466726
0.468282
0.466973
0.461271
0.450728
0.436073
0.41885
0.400739
0.382908
0.365696
0.348742
0.331414
0.313298
0.294532
0.275935
0.258975
0.245514
0.237134
0.234172
0.235271
0.238211
0.241521
0.245591
0.252339
0.263523
0.278934
0.29599
0.310856
0.319781
0.319844
0.309263
0.287778
0.257285
0.222396
0.190232
0.168302
0.15957
0.159104
0.158163
0.150109
0.132415
0.106272
0.0755322
0.0453435
0.0206857
0.00511083
0
0
0
0
0
0
0
0
0
0
0
0
0
0
0
0
0
0
0
0
0
0
0
4.07191e-07
0
0
3.37156e-07
0
0
0
0
0
2.87584e-07
0
0
2.34687e-07
1.56831e-07
0
0
0
2.64339e-07
2.36114e-07
0
0
0
1.77635e-07
5.60279e-08
0
0
0
8.1858e-08
1.81292e-07
1.01324e-07
8.09582e-08
6.4001e-08
1.4695e-07
0
1.17806e-07
0
0
0
0
0
1.48849e-07
7.69182e-08
0
0
1.14975e-07
0
0
0
0
0
0
0
1.14003e-07
0
0
0
0
0
0
0
0
0
0
0
0
0
0
0
0
0
0
0
0
0
0
0
0
0
