NUMBER_OF_POINTS=10000
DIMENSION=1
TYPE=Scalar
0
0.00570251
0.0227981
0.0511584
0.090757
0.14191
0.205352
0.282124
0.373261
0.479356
0.600087
0.733907
0.877969
1.02832
1.18022
1.32854
1.46816
1.59456
1.70439
1.79615
1.87046
1.93004
1.9792
2.02312
2.06707
2.11574
2.17269
2.23993
2.31757
2.40373
2.49469
2.58533
2.66984
2.7425
2.79859
2.83503
2.85088
2.84746
2.82821
2.79817
2.76337
2.72988
2.70308
2.68703
2.68426
2.69586
2.72171
2.76082
2.81158
2.87204
2.94012
3.01364
3.09013
3.16672
3.23989
3.30573
3.36032
3.40053
3.42474
3.4333
3.42828
3.41241
3.38763
3.35388
3.30885
3.24893
3.17081
3.07307
2.9568
2.82543
2.68372
2.5367
2.38889
2.24395
2.10464
1.97283
1.84945
1.73438
1.62647
1.52367
1.4235
1.3236
1.22216
1.11827
1.01193
0.903944
0.795696
0.689002
0.585876
0.488314
0.398055
0.316398
0.244097
0.181382
0.12809
0.0838903
0.0485744
0.0223123
0.00577066
0
0
0.0057142
0.0229301
0.0517153
0.092272
0.145093
0.210967
0.29083
0.385471
0.495138
0.619138
0.755599
0.901481
1.05281
1.20501
1.35322
1.49265
1.61898
1.72886
1.82054
1.89411
1.95146
1.9959
2.03149
2.06241
2.09249
2.1248
2.16134
2.20278
2.24834
2.29594
2.34256
2.38493
2.42016
2.44632
2.4629
2.47092
2.47286
2.47238
2.47379
2.48139
2.49874
2.52805
2.56998
2.62378
2.68775
2.75967
2.83718
2.91798
2.99994
3.08117
3.15989
3.2343
3.30223
3.36101
3.40754
3.43883
3.45273
3.44886
3.42908
3.3972
3.35781
3.3146
3.269
3.21967
3.16337
3.09652
3.0168
2.92392
2.81946
2.70609
2.58655
2.46306
2.33721
2.21017
2.08295
1.95647
1.83152
1.70854
1.58758
1.46843
1.35079
1.23449
1.11961
1.00637
0.895141
0.786408
0.680912
0.579707
0.484108
0.395488
0.315023
0.243492
0.181209
0.128109
0.0839589
0.0486253
0.0223327
0.00577381
0
0
0.00572515
0.0230534
0.0522345
0.0936782
0.148023
0.216068
0.298586
0.396036
0.508215
0.633944
0.770933
0.9159
1.0649
1.21369
1.35805
1.49394
1.6178
1.72688
1.81962
1.89584
1.95669
2.00423
2.04096
2.06943
2.09197
2.11056
2.12679
2.14167
2.15554
2.16816
2.17894
2.18739
2.19352
2.19812
2.2028
2.20994
2.22246
2.24352
2.27601
2.32198
2.38208
2.45524
2.53893
2.62977
2.72432
2.81965
2.91359
3.00474
3.09219
3.1753
3.2534
3.32554
3.39025
3.44539
3.48816
3.51557
3.52507
3.51548
3.48759
3.44426
3.38977
3.32853
3.26388
3.19722
3.12813
3.05513
2.97677
2.89237
2.80212
2.70667
2.60649
2.50153
2.39132
2.27534
2.15352
2.02646
1.89538
1.76191
1.62781
1.49475
1.3642
1.23736
1.11502
0.997505
0.884727
0.776408
0.672452
0.573217
0.479549
0.392567
0.313351
0.242676
0.180909
0.128064
0.0839977
0.0486642
0.0223495
0.00577651
0
0
0.00573472
0.0231621
0.0526961
0.0949319
0.15063
0.220572
0.305329
0.404975
0.518772
0.644947
0.780675
0.922346
1.06602
1.2079
1.34461
1.47326
1.59156
1.69783
1.79118
1.87151
1.93935
1.99554
2.04095
2.07631
2.10226
2.11956
2.12916
2.13227
2.13025
2.12449
2.11649
2.10796
2.10093
2.09774
2.10092
2.11299
2.13621
2.17244
2.22276
2.28711
2.36398
2.45042
2.54247
2.63603
2.72771
2.81547
2.89876
2.97825
3.05525
3.13102
3.20631
3.28092
3.35358
3.42179
3.48196
3.52974
3.56069
3.57114
3.55911
3.52485
3.47087
3.40136
3.32122
3.23496
3.14598
3.05625
2.96656
2.87697
2.7871
2.6962
2.60303
2.50585
2.4027
2.29189
2.17254
2.04494
1.91053
1.77161
1.63099
1.49148
1.35556
1.22507
1.10099
0.983438
0.871843
0.7654
0.663575
0.566443
0.474685
0.389331
0.311406
0.241664
0.180488
0.127952
0.084004
0.048689
0.0223617
0.0057786
0
0
0.00574228
0.023251
0.0530825
0.0959954
0.152856
0.224421
0.311054
0.412421
0.527206
0.652961
0.786218
0.922927
1.05908
1.1913
1.31716
1.43518
1.54464
1.64534
1.73737
1.821
1.89635
1.96325
2.02111
2.06905
2.10624
2.13228
2.14754
2.15326
2.15143
2.14458
2.13549
2.12706
2.12214
2.12332
2.1328
2.15214
2.18219
2.22309
2.27422
2.33416
2.40067
2.47086
2.54156
2.60998
2.6744
2.73465
2.79218
2.84968
2.91031
2.9768
3.05077
3.13222
3.21932
3.30847
3.39449
3.47112
3.53171
3.57019
3.58212
3.56554
3.52136
3.45325
3.36683
3.26858
3.16461
3.05973
2.95694
2.85747
2.76106
2.66633
2.57111
2.47284
2.36896
2.25745
2.13735
2.00901
1.8741
1.73524
1.59554
1.45801
1.32514
1.19853
1.07872
0.965331
0.857416
0.75402
0.654675
0.559613
0.469653
0.38587
0.309252
0.240496
0.179965
0.127782
0.0839788
0.048699
0.0223688
0.00577998
0
0
0.00574732
0.0233155
0.0533782
0.0968365
0.154655
0.227577
0.315785
0.418561
0.534015
0.658996
0.789323
0.920395
1.04801
1.16914
1.28227
1.38737
1.48542
1.57784
1.66594
1.75048
1.83145
1.9079
1.97816
2.04017
2.09196
2.13227
2.16087
2.17879
2.1882
2.192
2.19343
2.19563
2.20131
2.2125
2.23043
2.25542
2.28697
2.32388
2.36449
2.40696
2.44947
2.49049
2.52899
2.56465
2.59815
2.63128
2.6668
2.70815
2.75869
2.82099
2.89612
2.98323
3.07935
3.17966
3.27781
3.3666
3.43876
3.48785
3.5092
3.50062
3.46278
3.39908
3.31503
3.21721
3.11218
3.00532
2.90021
2.79839
2.69957
2.60211
2.50363
2.4016
2.29385
2.17908
2.05713
1.92908
1.79705
1.66372
1.53188
1.40386
1.28118
1.1644
1.05317
0.946552
0.843515
0.74343
0.646361
0.553056
0.464654
0.382323
0.306986
0.239233
0.179377
0.127568
0.0839269
0.048695
0.0223707
0.00578061
0
0
0.0057494
0.0233519
0.0535708
0.0974282
0.155988
0.230007
0.319542
0.423563
0.539672
0.664049
0.791791
0.91768
1.03721
1.14752
1.24788
1.33957
1.42518
1.50771
1.58964
1.67239
1.75595
1.83898
1.91913
1.99358
2.05962
2.11526
2.15963
2.19329
2.21805
2.2366
2.25196
2.26695
2.28373
2.30361
2.32696
2.35331
2.38151
2.40996
2.43702
2.46128
2.48201
2.49933
2.51432
2.52892
2.54572
2.56769
2.59779
2.6386
2.69185
2.75797
2.83575
2.92223
3.01288
3.10208
3.18372
3.25191
3.30159
3.32908
3.33247
3.31177
3.26891
3.20738
3.13175
3.04692
2.95738
2.8665
2.77614
2.68654
2.59657
2.50424
2.40739
2.30422
2.19386
2.0766
1.95388
1.8281
1.70204
1.57834
1.45899
1.34495
1.23618
1.13176
1.03036
0.930723
0.832113
0.734618
0.63913
0.547058
0.459893
0.378854
0.304732
0.23796
0.178769
0.127332
0.0838564
0.048679
0.0223678
0.00578051
6.4311e-13
0
0.0057482
0.0233573
0.0536504
0.0977486
0.156817
0.231668
0.322311
0.427516
0.544499
0.668883
0.795109
0.91734
1.03068
1.13226
1.2219
1.30187
1.37606
1.4488
1.52366
1.60266
1.68607
1.77248
1.85929
1.94329
2.02123
2.09044
2.1493
2.19758
2.23637
2.26778
2.29433
2.3184
2.34171
2.36512
2.38864
2.41162
2.43301
2.4517
2.46689
2.47836
2.48674
2.49363
2.50151
2.51345
2.53271
2.56221
2.60397
2.65869
2.72541
2.80131
2.88189
2.96135
3.03339
3.09214
3.13312
3.15379
3.15377
3.13462
3.09931
3.05158
2.99533
2.93414
2.8709
2.80758
2.74502
2.68288
2.61977
2.55347
2.48138
2.40102
2.31063
2.20963
2.09888
1.98068
1.85845
1.73604
1.61699
1.50377
1.39733
1.29709
1.20131
1.10774
1.01433
0.919817
0.824024
0.727889
0.633142
0.541782
0.455558
0.375643
0.302634
0.236771
0.178196
0.1271
0.0837773
0.0486545
0.0223608
0.00577977
0
0
0.00574354
0.0233301
0.0536102
0.0977803
0.157108
0.232505
0.324026
0.430381
0.548572
0.673842
0.800121
0.921025
1.03122
1.12769
1.21044
1.28234
1.34812
1.41303
1.48146
1.55611
1.63769
1.7251
1.81587
1.90663
1.99371
2.0737
2.14409
2.20366
2.25262
2.29238
2.32503
2.35274
2.37718
2.39926
2.41911
2.43627
2.45005
2.46003
2.46635
2.47007
2.47318
2.4785
2.48936
2.5092
2.54101
2.58687
2.64734
2.72108
2.80451
2.89183
2.97549
3.0471
3.09888
3.12506
3.12315
3.09442
3.04357
2.97755
2.90416
2.83052
2.7621
2.7022
2.6519
2.61021
2.57447
2.54079
2.50456
2.46113
2.40639
2.33745
2.25306
2.1539
2.04252
1.92306
1.80054
1.68002
1.56552
1.4593
1.36142
1.27008
1.18232
1.09504
1.00585
0.913653
0.818803
0.722903
0.628279
0.537305
0.451823
0.372879
0.300843
0.235767
0.177713
0.1269
0.0837014
0.0486256
0.0223509
0.00577851
0
0
0.00573533
0.0232694
0.0534467
0.0975107
0.156828
0.232447
0.32456
0.431967
0.551659
0.678725
0.806785
0.929038
1.03972
1.13548
1.2162
1.28486
1.34651
1.40683
1.47077
1.54166
1.62086
1.70791
1.80071
1.89592
1.9895
2.0773
2.15585
2.22293
2.27788
2.32154
2.35579
2.38293
2.40506
2.42365
2.43928
2.45183
2.46079
2.46584
2.46737
2.4669
2.46714
2.47171
2.48464
2.5097
2.54984
2.60661
2.67974
2.76667
2.86233
2.95922
3.048
3.11876
3.16274
3.17419
3.15175
3.09893
3.02332
2.93491
2.84398
2.75922
2.68664
2.62916
2.58685
2.5573
2.53611
2.51749
2.49497
2.46233
2.41453
2.34852
2.26361
2.16153
2.04608
1.92252
1.79672
1.67415
1.55897
1.45316
1.35641
1.26637
1.17968
1.09295
1.00375
0.911105
0.815638
0.719236
0.624449
0.533739
0.448886
0.370755
0.299507
0.235042
0.177374
0.126758
0.0836411
0.048597
0.0223393
0.00577692
0
0
0.00572365
0.0231757
0.0531596
0.0969331
0.155948
0.23141
0.323727
0.431935
0.55322
0.682753
0.814078
0.940129
1.05473
1.15405
1.23752
1.30779
1.36973
1.42905
1.49097
1.55936
1.63635
1.72225
1.8155
1.91294
2.01022
2.10256
2.18565
2.25645
2.31367
2.35778
2.39071
2.41516
2.43394
2.44936
2.46275
2.47436
2.48362
2.48966
2.49212
2.49174
2.49077
2.49279
2.50219
2.52339
2.5601
2.61456
2.68706
2.77546
2.8749
2.97791
3.07496
3.15576
3.21108
3.2346
3.22446
3.18363
3.1192
3.04066
2.95777
2.87886
2.80978
2.75357
2.7107
2.67922
2.65507
2.63252
2.60493
2.56585
2.51022
2.43528
2.341
2.22984
2.10621
1.97559
1.84366
1.71547
1.59469
1.48306
1.38027
1.28426
1.192
1.10044
1.00734
0.911813
0.814433
0.716986
0.621865
0.531343
0.44699
0.369463
0.298756
0.234677
0.177225
0.126699
0.0836082
0.0485738
0.0223279
0.00577522
0
0
0.0057087
0.0230505
0.0527521
0.0960469
0.154443
0.229306
0.32131
0.429841
0.55246
0.684652
0.820097
0.951618
1.07265
1.17876
1.26867
1.34432
1.41007
1.47134
1.53344
1.60062
1.67572
1.75976
1.85179
1.94888
2.04655
2.13959
2.22315
2.29372
2.34971
2.39155
2.42142
2.44254
2.45849
2.47238
2.48632
2.50097
2.51561
2.52862
2.53829
2.54378
2.54582
2.54695
2.55126
2.56368
2.58908
2.63137
2.69271
2.77283
2.86866
2.97421
3.08105
3.17939
3.25972
3.3146
3.34014
3.33655
3.3078
3.26031
3.20143
3.13799
3.07549
3.01758
2.96599
2.9204
2.87843
2.83593
2.78756
2.72801
2.65313
2.56096
2.45205
2.32921
2.19671
2.05936
1.92178
1.78779
1.66006
1.53989
1.42717
1.32061
1.21815
1.11764
1.01741
0.916745
0.816098
0.71689
0.621071
0.530491
0.446377
0.369153
0.298682
0.234726
0.177298
0.126741
0.0836133
0.0485612
0.0223181
0.00577366
0
0
0.00569079
0.0228963
0.0522309
0.0948596
0.152304
0.226063
0.31709
0.425195
0.548453
0.682841
0.822359
0.95985
1.0884
1.2029
1.30119
1.38433
1.45591
1.52095
1.58464
1.6515
1.72483
1.80623
1.89524
1.98925
2.08381
2.1736
2.25357
2.32004
2.37148
2.40859
2.43397
2.45144
2.46524
2.47915
2.49583
2.51628
2.53966
2.56369
2.58539
2.60222
2.61306
2.6189
2.62291
2.62995
2.64573
2.67577
2.72435
2.7936
2.8828
2.9881
3.10273
3.21784
3.32382
3.41197
3.47595
3.51264
3.52222
3.50758
3.47326
3.42448
3.36629
3.30298
3.23767
3.17191
3.10549
3.0365
2.96176
2.87781
2.7819
2.67296
2.55186
2.42116
2.28435
2.14498
2.00611
1.86997
1.73794
1.61068
1.48826
1.37024
1.25584
1.14422
1.03468
0.927032
0.821713
0.719775
0.622605
0.531485
0.447197
0.369893
0.299318
0.23521
0.177609
0.126899
0.0836656
0.0485639
0.0223119
0.00577253
0
0
0.00567035
0.0227164
0.0516062
0.0933873
0.149538
0.221636
0.31089
0.417555
0.540299
0.675709
0.818248
0.960894
1.09646
1.2192
1.32603
1.41703
1.49502
1.56447
1.63039
1.69737
1.76897
1.84712
1.93177
2.02063
2.10955
2.19333
2.26698
2.32692
2.37174
2.40247
2.42218
2.43525
2.44649
2.4602
2.47942
2.50539
2.53727
2.57239
2.607
2.63736
2.66088
2.67711
2.68801
2.69785
2.7124
2.73791
2.77995
2.8423
2.92608
3.02919
3.14639
3.26978
3.39
3.49764
3.58475
3.64588
3.67861
3.68335
3.66272
3.62083
3.5624
3.49211
3.41404
3.33114
3.24495
3.15547
3.06149
2.96119
2.85303
2.7364
2.61205
2.48178
2.34798
2.21283
2.07793
1.94415
1.81179
1.68093
1.55168
1.42429
1.29913
1.17669
1.05746
0.942058
0.831185
0.725706
0.626513
0.534309
0.449395
0.371626
0.300623
0.236112
0.178159
0.127178
0.0837718
0.0485864
0.0223111
0.0057721
0
0
0.0056479
0.0225154
0.0508917
0.091656
0.146174
0.216028
0.302617
0.406614
0.527295
0.661922
0.805514
0.951314
1.09201
1.22132
1.33538
1.43337
1.51731
1.59111
1.65948
1.72694
1.79709
1.87206
1.95209
2.03533
2.11809
2.19559
2.2631
2.31715
2.35636
2.38178
2.39658
2.40535
2.41313
2.4245
2.4428
2.46953
2.50416
2.54426
2.58613
2.62578
2.66006
2.68762
2.70944
2.72881
2.75078
2.78117
2.82543
2.88753
2.96899
3.06836
3.18115
3.30035
3.4174
3.52344
3.61066
3.67335
3.70846
3.71564
3.69684
3.65561
3.59641
3.52386
3.44218
3.35471
3.2636
3.16969
3.07269
2.97159
2.86532
2.75325
2.63558
2.51324
2.38758
2.25987
2.13093
2.00104
1.87012
1.73805
1.60497
1.47149
1.3387
1.20797
1.08081
0.958612
0.84254
0.733491
0.632057
0.538487
0.452659
0.374157
0.302492
0.237383
0.178931
0.127579
0.0839368
0.0486327
0.0223174
0.00577267
0
0
0.00562405
0.0222983
0.0501042
0.089702
0.14227
0.209304
0.292303
0.392285
0.5091
0.640698
0.782723
0.928827
1.07178
1.20502
1.32414
1.42759
1.51664
1.59459
1.6657
1.73426
1.80378
1.87648
1.95291
2.03173
2.10992
2.18337
2.24783
2.29997
2.33827
2.36335
2.37781
2.38559
2.39117
2.39876
2.4116
2.43153
2.45879
2.49206
2.5289
2.56644
2.60222
2.63501
2.66534
2.69555
2.72937
2.77113
2.82468
2.89239
2.97442
3.06838
3.16962
3.27193
3.3684
3.45248
3.51878
3.56367
3.58558
3.58488
3.56359
3.52487
3.47243
3.41002
3.34094
3.26761
3.19138
3.11252
3.03042
2.94393
2.85183
2.7532
2.64774
2.53574
2.41803
2.29563
2.16953
2.04042
1.90877
1.77488
1.63912
1.50221
1.36531
1.23005
1.09831
0.971951
0.852494
0.740974
0.637873
0.543175
0.456481
0.377194
0.304769
0.238953
0.179901
0.128098
0.0841636
0.0487061
0.0223324
0.00577453
0
0
0.00559946
0.0220706
0.0492634
0.0875717
0.137912
0.2016
0.280127
0.374759
0.48585
0.612013
0.749574
0.892749
1.03465
1.1688
1.29053
1.39782
1.49126
1.57343
1.64797
1.71869
1.78886
1.86074
1.9352
2.01154
2.08757
2.16004
2.22541
2.28072
2.32427
2.35601
2.3773
2.39057
2.39864
2.4043
2.41002
2.4177
2.42865
2.44348
2.46217
2.48431
2.50945
2.53759
2.5695
2.60678
2.65157
2.70589
2.77084
2.84581
2.9282
3.01365
3.09678
3.17222
3.23562
3.28416
3.3167
3.33358
3.33615
3.32641
3.30666
3.27928
3.24654
3.21033
3.1718
3.13113
3.08747
3.03923
2.98451
2.92151
2.84884
2.76564
2.67161
2.56701
2.45271
2.33004
2.20073
2.06667
1.9296
1.79089
1.65151
1.51221
1.37384
1.2376
1.10507
0.977992
0.857926
0.745943
0.642492
0.547452
0.460313
0.38043
0.307295
0.240748
0.181041
0.128729
0.0844537
0.0488095
0.0223576
0.00577792
0
0
0.0055748
0.0218385
0.0483911
0.0853208
0.133218
0.193125
0.266427
0.354533
0.45821
0.576692
0.707026
0.844146
0.981797
1.11393
1.23603
1.34581
1.4433
1.53021
1.6093
1.68358
1.75585
1.82831
1.90214
1.97736
2.05268
2.12589
2.1944
2.25592
2.30888
2.3526
2.38706
2.41263
2.42978
2.43915
2.44173
2.43909
2.43343
2.42739
2.42367
2.42474
2.43263
2.44894
2.47498
2.51177
2.55985
2.61888
2.68715
2.76125
2.83619
2.90606
2.96519
3.00936
3.03682
3.04848
3.04751
3.0383
3.02534
3.0124
3.00213
2.99605
2.9946
2.9971
3.00158
3.00478
3.00254
2.99061
2.96554
2.92518
2.86871
2.79622
2.7083
2.6058
2.48992
2.36237
2.22559
2.0826
1.93658
1.79031
1.64573
1.50387
1.36523
1.23031
1.09991
0.975189
0.857304
0.747116
0.644965
0.55068
0.463758
0.383635
0.309946
0.242707
0.182326
0.129463
0.0848078
0.0489449
0.0223942
0.0057831
0
0
0.00555077
0.0216079
0.0475107
0.0830121
0.128326
0.184156
0.251692
0.332395
0.427364
0.536395
0.657266
0.785757
0.916489
1.04419
1.16483
1.27616
1.37768
1.4702
1.55523
1.63468
1.71054
1.78468
1.85853
1.93273
2.00699
2.08029
2.1513
2.21884
2.28201
2.33998
2.39169
2.43559
2.46984
2.49278
2.50368
2.50324
2.49377
2.47881
2.46247
2.44875
2.44101
2.44185
2.45301
2.4754
2.50894
2.55233
2.60287
2.65645
2.70781
2.75136
2.78231
2.7978
2.7978
2.78521
2.76532
2.74453
2.72905
2.72378
2.73176
2.75391
2.78903
2.83366
2.88218
2.92736
2.96158
2.97833
2.97347
2.94561
2.89558
2.82539
2.73718
2.63268
2.51331
2.38073
2.23738
2.08666
1.9326
1.77911
1.62918
1.48451
1.34568
1.21275
1.0858
0.965177
0.851358
0.744707
0.645272
0.552764
0.466721
0.386734
0.312672
0.244799
0.18374
0.130296
0.0852257
0.0491142
0.0224434
0.00579024
0
0
0.00552806
0.0213851
0.046646
0.0807132
0.123397
0.17502
0.236531
0.309385
0.394942
0.493499
0.603537
0.721726
0.843721
0.96528
1.08314
1.19534
1.30104
1.40004
1.49254
1.57898
1.66018
1.73731
1.81169
1.88446
1.9563
2.02759
2.09872
2.17023
2.24257
2.31554
2.38769
2.45626
2.51759
2.56807
2.60506
2.62764
2.63663
2.63418
2.62311
2.60639
2.58696
2.56772
2.55153
2.54085
2.53729
2.54111
2.55103
2.56437
2.57752
2.58671
2.5889
2.58265
2.5687
2.55003
2.53149
2.51889
2.51795
2.53326
2.56741
2.6204
2.6891
2.76731
2.84622
2.91585
2.96688
2.99253
2.98971
2.95901
2.90362
2.82768
2.73481
2.62737
2.50658
2.37337
2.22926
2.07697
1.92033
1.76358
1.61046
1.46356
1.32414
1.19254
1.06862
0.952142
0.842847
0.740413
0.644386
0.554227
0.469457
0.389836
0.315505
0.247027
0.185276
0.131224
0.0857073
0.0493184
0.022506
0.00579952
0
0
0.00550729
0.0211759
0.0458205
0.0784929
0.118598
0.166078
0.221637
0.286713
0.362896
0.450918
0.549877
0.657273
0.7698
0.884342
0.998603
1.11114
1.22098
1.32713
1.42849
1.52395
1.61288
1.69533
1.77206
1.84431
1.91368
1.98214
2.05218
2.12666
2.20799
2.29717
2.39304
2.49219
2.58972
2.68028
2.75914
2.82279
2.86897
2.89643
2.90463
2.89395
2.86612
2.82471
2.77491
2.72275
2.67371
2.63148
2.59721
2.5697
2.54636
2.52445
2.5023
2.47996
2.45932
2.44374
2.43738
2.44447
2.46845
2.51129
2.57279
2.65009
2.73746
2.82671
2.9081
2.97202
3.01071
3.01977
2.9988
2.95086
2.88112
2.79504
2.69678
2.58855
2.47074
2.34298
2.20524
2.05872
1.90613
1.75122
1.59799
1.44989
1.30935
1.17765
1.05512
0.941399
0.835673
0.736905
0.644015
0.556079
0.472513
0.393203
0.318552
0.24942
0.186938
0.132245
0.086252
0.0495584
0.0225825
0.00581104
0
0
0.00548905
0.0209855
0.0450561
0.0764175
0.114096
0.157694
0.207724
0.265654
0.333321
0.411838
0.500781
0.598288
0.701917
0.809586
0.920004
1.03243
1.14606
1.25948
1.37061
1.47703
1.57661
1.66806
1.75121
1.82708
1.89791
1.96721
2.03968
2.12051
2.21412
2.32271
2.4454
2.5783
2.71539
2.84968
2.97422
3.08276
3.16983
3.23078
3.26205
3.26191
3.23147
3.17542
3.10175
3.02043
2.94119
2.87111
2.81313
2.76603
2.72605
2.68942
2.65454
2.62297
2.599
2.588
2.59454
2.62087
2.66645
2.72815
2.80089
2.87821
2.95277
3.0169
3.0634
3.08657
3.08314
3.05293
2.99871
2.92539
2.83868
2.74355
2.64314
2.53831
2.42799
2.31019
2.18317
2.04647
1.90141
1.75095
1.59909
1.45008
1.30757
1.17412
1.05089
0.937789
0.833716
0.73705
0.646105
0.559528
0.476568
0.397171
0.321952
0.252024
0.188734
0.133358
0.0868589
0.0498343
0.0226733
0.00582485
0
0
0.00547384
0.0208186
0.0443722
0.0745468
0.110043
0.150206
0.19546
0.247416
0.30822
0.379335
0.460652
0.550663
0.647442
0.749637
0.856797
0.968939
1.08572
1.20578
1.32661
1.44496
1.55761
1.66213
1.75743
1.84413
1.92484
2.00417
2.08838
2.18423
2.29727
2.43017
2.58183
2.74755
2.92005
3.09071
3.25076
3.39202
3.50732
3.59068
3.63771
3.6465
3.6187
3.56022
3.48091
3.39295
3.30828
3.2357
3.17888
3.13636
3.10354
3.07591
3.05182
3.03355
3.02611
3.03461
3.06132
3.10434
3.15789
3.21406
3.26459
3.30223
3.3214
3.31851
3.29212
3.24298
3.17388
3.0893
2.99461
2.89511
2.79505
2.6968
2.60055
2.50446
2.40524
2.29914
2.18305
2.05538
1.91661
1.76935
1.61779
1.46689
1.32135
1.18475
1.05904
0.944446
0.839796
0.743116
0.652291
0.565633
0.482227
0.402042
0.325828
0.254874
0.190668
0.134559
0.0875262
0.0501456
0.0227783
0.00584095
0
0
0.00546204
0.020679
0.0437847
0.0729301
0.106564
0.14389
0.18539
0.232962
0.289165
0.355803
0.432925
0.519074
0.612422
0.711876
0.817434
0.929689
1.04889
1.17412
1.30308
1.43245
1.55864
1.6787
1.79104
1.896
1.99617
2.09636
2.20305
2.323
2.46153
2.62077
2.7989
2.99023
3.18621
3.37681
3.55204
3.70314
3.82323
3.90759
3.95378
3.96204
3.93589
3.8825
3.81221
3.73709
3.66865
3.61542
3.58138
3.56589
3.56538
3.57596
3.59553
3.62425
3.66324
3.71219
3.76757
3.82231
3.86715
3.89265
3.8911
3.85776
3.79142
3.6944
3.57221
3.43272
3.28509
3.13831
2.99991
2.8748
2.76468
2.66808
2.58089
2.49734
2.41113
2.31653
2.20935
2.08761
1.95185
1.80505
1.65199
1.49826
1.34922
1.20898
1.07984
0.96223
0.855026
0.756177
0.663433
0.574977
0.489829
0.407974
0.330235
0.257977
0.192732
0.135844
0.088251
0.0504915
0.0228972
0.00585927
6.4311e-13
0
0.00545397
0.0205693
0.0433053
0.0716025
0.103748
0.138931
0.177849
0.222833
0.276934
0.342273
0.418939
0.505302
0.599278
0.699547
0.806011
0.919401
1.04037
1.16865
1.30266
1.43977
1.57696
1.71167
1.84245
1.96955
2.09509
2.22295
2.35816
2.50569
2.66908
2.84902
3.04265
3.24348
3.44227
3.62855
3.79236
3.92589
4.02441
4.08643
4.11346
4.1096
4.08138
4.03739
3.9877
3.94268
3.91151
3.90071
3.91327
3.94861
4.0036
4.07388
4.15505
4.24287
4.33267
4.41844
4.49247
4.54577
4.56932
4.55544
4.49905
4.3985
4.25601
4.07777
3.87352
3.65558
3.43733
3.23142
3.04791
2.8927
2.76678
2.66631
2.58366
2.5092
2.43321
2.34759
2.24692
2.12901
1.9948
1.8479
1.69368
1.53812
1.38674
1.24366
1.1112
0.989859
0.878702
0.775896
0.679387
0.587492
0.499321
0.414915
0.335124
0.261298
0.194906
0.1372
0.089029
0.0508701
0.0230293
0.00587968
0
0
0.00544978
0.0204913
0.0429408
0.070583
0.101633
0.135394
0.172906
0.217016
0.271255
0.337988
0.417262
0.50718
0.605222
0.709491
0.819292
0.934934
1.05705
1.18584
1.3207
1.46031
1.60306
1.74762
1.89346
2.04107
2.19192
2.34823
2.51239
2.68619
2.8699
3.06151
3.25629
3.44693
3.62439
3.77947
3.9045
3.99491
4.05
4.07287
4.06978
4.04906
4.02018
3.9928
3.97582
3.97651
3.99977
4.04767
4.11944
4.21189
4.32007
4.43797
4.55916
4.67701
4.78473
4.87539
4.94201
4.97808
4.97795
4.93736
4.85383
4.72701
4.55912
4.3554
4.12419
3.87667
3.62584
3.38511
3.16652
2.97887
2.82611
2.70639
2.61243
2.53332
2.45719
2.37377
2.27613
2.16128
2.0299
1.88556
1.7335
1.57944
1.42851
1.28451
1.14963
1.02453
0.908662
0.800697
0.69906
0.602454
0.510241
0.422583
0.340333
0.26475
0.19715
0.138613
0.0898541
0.051279
0.0231737
0.005902
0
0
0.00544953
0.0204455
0.042693
0.0698732
0.100211
0.133217
0.170346
0.214934
0.270871
0.340631
0.424173
0.519361
0.623217
0.733121
0.847456
0.965648
1.0878
1.21425
1.34524
1.48096
1.62171
1.76813
1.92127
2.08248
2.25314
2.4341
2.62519
2.8246
3.02842
3.23045
3.42242
3.59498
3.73914
3.84801
3.91831
3.95114
3.95192
3.92953
3.89501
3.8601
3.8358
3.83108
3.85187
3.90042
3.97533
4.0722
4.18474
4.30593
4.42891
4.54754
4.65651
4.75132
4.82826
4.88437
4.91753
4.92638
4.91001
4.86754
4.79768
4.6987
4.56902
4.40829
4.21859
4.00524
3.77681
3.54437
3.32001
3.11491
2.93717
2.78995
2.6705
2.57102
2.48094
2.38987
2.28993
2.17691
2.05019
1.91201
1.76633
1.61768
1.47026
1.32739
1.1912
1.06269
0.941905
0.828207
0.720703
0.618655
0.521808
0.430508
0.345606
0.268212
0.199412
0.140063
0.0907191
0.051715
0.0233292
0.00592598
0
0
0.00545317
0.0204316
0.0425591
0.0694583
0.0994236
0.132225
0.169719
0.215602
0.273922
0.347118
0.435054
0.535432
0.6449
0.760115
0.87842
0.998102
1.11837
1.23925
1.36151
1.48669
1.61703
1.75541
1.90506
2.06906
2.24976
2.44798
2.66226
2.88809
3.11755
3.33949
3.54067
3.70787
3.83048
3.90291
3.92603
3.9071
3.85842
3.79515
3.73296
3.68598
3.6652
3.67723
3.72364
3.80086
3.90101
4.0135
4.12715
4.23207
4.32104
4.38995
4.43754
4.46475
4.47413
4.46934
4.45468
4.43445
4.41198
4.38831
4.36136
4.32575
4.27392
4.19815
4.09297
3.95689
3.79315
3.60927
3.41563
3.22352
3.04304
2.8811
2.74006
2.61752
2.50752
2.40259
2.29592
2.18273
2.06084
1.93038
1.79315
1.6519
1.5096
1.369
1.23224
1.10075
0.975228
0.855788
0.742291
0.63465
0.533071
0.438122
0.350638
0.271537
0.201633
0.141528
0.0916155
0.0521741
0.0234939
0.00595135
0
0
0.00546052
0.020448
0.0425319
0.0693095
0.0991767
0.132162
0.170434
0.217862
0.278437
0.354454
0.445701
0.549821
0.663209
0.781905
0.902255
1.02134
1.13728
1.24947
1.35877
1.46757
1.57974
1.70028
1.83478
1.98872
2.16653
2.37045
2.59933
2.84745
3.10395
3.3533
3.57728
3.7581
3.88219
3.94335
3.94435
3.89643
3.81701
3.7263
3.64387
3.58583
3.56291
3.57947
3.63326
3.71603
3.81502
3.91523
4.00217
4.06443
4.09539
4.09375
4.06298
4.01012
3.94441
3.87606
3.81513
3.77018
3.74676
3.74577
3.76273
3.7881
3.80931
3.81349
3.79035
3.73415
3.64444
3.52552
3.38508
3.23242
3.07669
2.92542
2.78343
2.6524
2.5311
2.41628
2.30383
2.18988
2.07159
1.94749
1.81752
1.68277
1.5451
1.40668
1.26959
1.13553
1.00572
0.880979
0.761884
0.649024
0.543086
0.444856
0.355128
0.27459
0.203759
0.142989
0.0925348
0.0526519
0.0236661
0.00597774
0
0
0.00547129
0.0204925
0.0426009
0.0693885
0.0993535
0.132732
0.17187
0.220609
0.282711
0.360265
0.453029
0.558704
0.673598
0.793325
0.913405
1.02982
1.13956
1.24116
1.33513
1.4242
1.5132
1.60873
1.71848
1.85037
2.01132
2.20571
2.43364
2.68932
2.96035
3.22851
3.47227
3.67064
3.80759
3.87565
3.87766
3.82625
3.74115
3.64526
3.56043
3.50389
3.48592
3.50886
3.56752
3.65053
3.74243
3.8263
3.8866
3.91189
3.89659
3.84166
3.75395
3.64468
3.52761
3.41712
3.32637
3.26543
3.23954
3.24789
3.28358
3.33502
3.38832
3.43002
3.44949
3.44032
3.40071
3.33289
3.24188
3.13411
3.01614
2.89378
2.77146
2.65192
2.53614
2.42355
2.3124
2.20038
2.08524
1.96532
1.83993
1.70938
1.57485
1.43799
1.30063
1.16448
1.03108
0.901785
0.777876
0.660586
0.551056
0.45024
0.358834
0.277263
0.205749
0.144429
0.0934684
0.0531434
0.0238436
0.0060048
0
0
0.00548511
0.020562
0.0427535
0.0696521
0.0998319
0.133651
0.173477
0.222953
0.285503
0.362999
0.455241
0.560132
0.674116
0.792661
0.910767
1.02356
1.12701
1.21867
1.29836
1.36853
1.43426
1.50294
1.58359
1.6859
1.81877
1.98842
2.19623
2.43701
2.69839
2.96189
3.20563
3.40835
3.5537
3.63385
3.65127
3.6183
3.55447
3.48251
3.42372
3.39399
3.40133
3.44536
3.51859
3.60854
3.70016
3.77797
3.82832
3.84139
3.81283
3.74444
3.6438
3.52295
3.39637
3.27881
3.18298
3.11755
3.08574
3.08498
3.1078
3.1437
3.18132
3.21039
3.22313
3.21503
3.18489
3.13426
3.06656
2.98605
2.89693
2.80279
2.7062
2.60862
2.51042
2.41106
2.30938
2.20398
2.09363
1.97754
1.85552
1.72801
1.59596
1.4606
1.32336
1.18581
1.04967
0.916793
0.789127
0.668507
0.556447
0.453976
0.361616
0.279502
0.207583
0.145838
0.0944088
0.0536432
0.0240239
0.00603211
0
0
0.00550154
0.0206531
0.0429761
0.0700578
0.100501
0.134681
0.174843
0.224303
0.286103
0.36193
0.451725
0.553767
0.664903
0.780819
0.8964
1.0063
1.10571
1.19126
1.26185
1.31913
1.36771
1.4148
1.46966
1.54252
1.64311
1.77855
1.95117
2.157
2.38539
2.62025
2.84253
3.0337
3.17944
3.27272
3.3154
3.31791
3.29685
3.27128
3.25845
3.27018
3.31108
3.37886
3.46617
3.56282
3.65754
3.7392
3.79785
3.82587
3.81926
3.7786
3.70918
3.62027
3.52345
3.43047
3.35103
3.29102
3.25174
3.23022
3.22059
3.21577
3.20896
3.19466
3.1691
3.1304
3.07849
3.01486
2.94212
2.86344
2.78194
2.70002
2.61888
2.53835
2.45704
2.37288
2.28376
2.18809
2.08508
1.9747
1.85748
1.73418
1.60563
1.47271
1.33649
1.19844
1.06052
0.92518
0.79501
0.672378
0.559045
0.455985
0.363466
0.281318
0.209267
0.147213
0.095349
0.0541458
0.0242047
0.00605926
0
0
0.00552007
0.0207621
0.0432552
0.0705679
0.101275
0.135661
0.17573
0.2244
0.284333
0.357097
0.442879
0.540509
0.647513
0.760171
0.873714
0.982783
1.08218
1.16783
1.23766
1.29228
1.33522
1.37269
1.41303
1.46568
1.53976
1.64227
1.77626
1.93964
2.12499
2.32054
2.51204
2.68528
2.82876
2.93606
3.00716
3.04838
3.07073
3.08722
3.10973
3.14653
3.20119
3.27298
3.35818
3.45156
3.54714
3.63851
3.71886
3.78153
3.82109
3.83471
3.82303
3.79017
3.74273
3.68807
3.63249
3.57987
3.53119
3.48499
3.43858
3.38931
3.33535
3.27586
3.21062
3.13962
3.06294
2.98097
2.89473
2.80608
2.71748
2.63135
2.54921
2.47098
2.39484
2.31786
2.23694
2.14969
2.0549
1.95237
1.84249
1.72577
1.60266
1.4736
1.33947
1.20186
1.06323
0.926667
0.795416
0.672242
0.558984
0.456425
0.364511
0.282787
0.210834
0.148559
0.0962836
0.0546452
0.0243831
0.00608583
0
0
0.00554016
0.020885
0.0435783
0.0711534
0.102099
0.13652
0.176094
0.223316
0.280513
0.349202
0.429907
0.522135
0.624289
0.733553
0.84591
0.956458
1.06007
1.15229
1.2303
1.2936
1.34436
1.38726
1.42893
1.47703
1.53911
1.62131
1.72707
1.85638
2.00547
2.16724
2.33218
2.48981
2.63039
2.74677
2.83571
2.89846
2.94028
2.96908
2.99359
3.0217
3.05932
3.1101
3.17567
3.25607
3.34973
3.45321
3.56078
3.66473
3.75649
3.82846
3.87557
3.89619
3.89188
3.86644
3.82447
3.7702
3.70675
3.63613
3.55973
3.47902
3.39584
3.31223
3.22964
3.14831
3.06707
2.98388
2.89691
2.80552
2.71079
2.61518
2.52158
2.43202
2.34682
2.26449
2.18245
2.09801
2.00909
1.91435
1.81297
1.7043
1.58787
1.46364
1.33239
1.1961
1.05788
0.921513
0.790764
0.668599
0.556746
0.455677
0.365003
0.284045
0.212336
0.149887
0.0972075
0.0551357
0.0245566
0.00611139
0
0
0.00556125
0.0210181
0.0439348
0.0717951
0.102956
0.137275
0.176067
0.221421
0.275388
0.339494
0.414629
0.500999
0.597946
0.703717
0.815331
0.928739
1.03933
1.14269
1.23549
1.31619
1.38546
1.44614
1.50281
1.56108
1.62671
1.70479
1.79895
1.91074
2.03917
2.18049
2.32832
2.47426
2.60909
2.72437
2.81408
2.87582
2.91123
2.9256
2.92684
2.9242
2.92709
2.94398
2.98165
3.04449
3.13381
3.24721
3.3782
3.51655
3.64968
3.76486
3.85154
3.90311
3.91756
3.89718
3.84749
3.77582
3.68995
3.59691
3.50244
3.41088
3.3253
3.24752
3.17777
3.11426
3.05324
2.98968
2.91869
2.83699
2.74398
2.64186
2.53489
2.4279
2.32474
2.22724
2.13511
2.04647
1.9587
1.86897
1.77462
1.67326
1.56318
1.44373
1.31574
1.18163
1.04513
0.910595
0.782044
0.662406
0.553125
0.454308
0.365283
0.285262
0.213838
0.151208
0.0981154
0.0556112
0.0247226
0.00613557
0
0
0.00558278
0.0211577
0.0443159
0.0724845
0.103861
0.138027
0.175936
0.219325
0.270035
0.329622
0.399289
0.479825
0.571419
0.673377
0.783907
0.90011
1.01824
1.13424
1.24441
1.34613
1.43838
1.52197
1.59937
1.67428
1.75109
1.83423
1.92759
2.03388
2.15388
2.28582
2.42499
2.56395
2.69354
2.80446
2.88909
2.94306
2.96607
2.96204
2.9385
2.90574
2.87563
2.86035
2.87085
2.91511
2.99659
3.11317
3.25687
3.41459
3.56983
3.70546
3.80661
3.86323
3.87151
3.83408
3.75909
3.65851
3.54578
3.43352
3.3316
3.24604
3.17909
3.12976
3.09439
3.06712
3.04046
3.00626
2.95729
2.88874
2.79936
2.69173
2.57157
2.44623
2.3228
2.20652
2.09981
2.00223
1.91112
1.82253
1.73204
1.63563
1.53037
1.41509
1.29061
1.15971
1.02651
0.895564
0.77086
0.655037
0.549156
0.453
0.365742
0.286621
0.215405
0.152534
0.0990017
0.0560653
0.0248784
0.00615798
0
0
0.00560419
0.0213005
0.0447151
0.0732219
0.104856
0.138935
0.176093
0.217797
0.265734
0.321467
0.386363
0.46158
0.547942
0.645709
0.754323
0.872186
0.996578
1.12381
1.24973
1.37039
1.48293
1.58607
1.68043
1.76832
1.8534
1.94013
2.03315
2.13644
2.25237
2.38072
2.51797
2.65735
2.78966
2.90486
2.99403
3.05108
3.07395
3.06507
3.03112
2.98244
2.93205
2.89435
2.88314
2.90925
2.97807
3.08806
3.23045
3.3903
3.54871
3.68593
3.78465
3.83305
3.82658
3.76853
3.66922
3.54403
3.41072
3.28621
3.18366
3.11045
3.06776
3.05136
3.05313
3.06243
3.0676
3.05753
3.02338
2.96009
2.86723
2.74893
2.61294
2.46884
2.3261
2.19214
2.07113
1.96363
1.86709
1.77682
1.6873
1.59341
1.49144
1.37983
1.25939
1.13297
1.0047
0.878973
0.7594
0.648181
0.546004
0.452465
0.366754
0.288289
0.217091
0.15387
0.0998586
0.056492
0.0250218
0.00617833
0
0
0.00562498
0.0214434
0.0451274
0.0740139
0.106001
0.140189
0.176982
0.217664
0.263818
0.316943
0.378383
0.449402
0.53122
0.624909
0.731073
0.849326
0.977774
1.1128
1.24942
1.38223
1.50654
1.61938
1.72009
1.81037
1.89392
1.97595
2.06241
2.15901
2.26998
2.39684
2.53742
2.68562
2.83208
2.96564
3.0754
3.15277
3.19307
3.1965
3.16825
3.11812
3.05952
3.00797
2.97892
2.98504
3.03355
3.12443
3.24999
3.39594
3.54367
3.67325
3.76689
3.812
3.80321
3.74319
3.64196
3.51515
3.38132
3.25871
3.16199
3.09974
3.07326
3.07708
3.10051
3.12973
3.15004
3.14818
3.11436
3.04389
2.93778
2.80225
2.64725
2.48437
2.32451
2.17605
2.04363
1.92791
1.82611
1.73313
1.64297
1.55006
1.45046
1.34244
1.2267
1.10588
0.983761
0.864202
0.75025
0.643635
0.544798
0.453335
0.368631
0.29039
0.218929
0.155214
0.100677
0.0568847
0.0251504
0.00619635
0
0
0.00564469
0.0215837
0.0455491
0.07487
0.107359
0.141984
0.179028
0.2197
0.265508
0.317809
0.377745
0.446473
0.525417
0.616274
0.720545
0.83863
0.968875
1.10717
1.24744
1.38291
1.50765
1.61783
1.71242
1.79328
1.86483
1.93347
2.00675
2.09228
2.1963
2.32221
2.46931
2.63226
2.80141
2.96412
3.10685
3.21762
3.28815
3.31547
3.3026
3.25829
3.19594
3.13177
3.08238
3.06201
3.08003
3.13911
3.2347
3.35565
3.48605
3.60779
3.70374
3.7606
3.77123
3.73573
3.66128
3.56072
3.45026
3.34652
3.26352
3.21016
3.18871
3.19467
3.21788
3.24447
3.25933
3.24879
3.20299
3.11766
2.99475
2.8418
2.67014
2.49243
2.32019
2.16186
2.02182
1.9003
1.79419
1.69824
1.60647
1.51348
1.41545
1.31068
1.19967
1.08463
0.968686
0.854991
0.74598
0.643009
0.546446
0.456067
0.371567
0.292985
0.220921
0.156551
0.101443
0.0572372
0.0252626
0.00621183
0
0
0.00566291
0.0217192
0.0459771
0.0757988
0.108985
0.144481
0.182578
0.224515
0.271757
0.325465
0.386478
0.455726
0.534678
0.625366
0.729664
0.848004
0.978194
1.11513
1.25168
1.38031
1.49488
1.59184
1.6708
1.73449
1.7883
1.83976
1.89774
1.97129
2.06821
2.19344
2.34759
2.52604
2.71895
2.9123
3.09
3.23656
3.33982
3.39322
3.3971
3.35874
3.29135
3.2119
3.13838
3.087
3.0697
3.0925
3.15471
3.24922
3.36362
3.48223
3.58858
3.66819
3.71113
3.71371
3.67904
3.6162
3.53817
3.45912
3.39159
3.34413
3.31987
3.31616
3.32515
3.33535
3.33366
3.30781
3.24872
3.15234
3.02051
2.86051
2.68333
2.50128
2.32546
2.16389
2.02053
1.89539
1.78542
1.68569
1.5908
1.49593
1.39769
1.29454
1.1867
1.07584
0.96433
0.854615
0.748595
0.647404
0.551478
0.460866
0.37561
0.296057
0.223036
0.157855
0.102143
0.0575434
0.0253568
0.00622466
0
0
0.00567933
0.0218477
0.0464084
0.0768047
0.110912
0.147779
0.18784
0.232462
0.283113
0.340762
0.405934
0.47928
0.562118
0.656354
0.7635
0.883178
1.01202
1.14378
1.27068
1.38539
1.48274
1.56066
1.62031
1.66566
1.70298
1.74032
1.78689
1.85214
1.94437
2.06922
2.22802
2.41672
2.62549
2.83965
3.0416
3.21356
3.34067
3.41362
3.43042
3.39694
3.32598
3.23501
3.1433
3.06883
3.02581
3.02294
3.06255
3.14058
3.24726
3.36847
3.48783
3.58924
3.65972
3.69191
3.68537
3.64641
3.5862
3.51794
3.45378
3.4025
3.36809
3.34956
3.34146
3.33512
3.32012
3.28617
3.22506
3.13244
3.00885
2.85967
2.69392
2.52217
2.35423
2.19738
2.05538
1.92855
1.81454
1.70946
1.60897
1.50925
1.40759
1.30267
1.19456
1.08439
0.973911
0.864953
0.759035
0.657178
0.559946
0.467657
0.380651
0.299512
0.225207
0.15909
0.102759
0.057798
0.0254321
0.00623479
4.54747e-13
0
0.00569369
0.0219678
0.0468392
0.0778847
0.113147
0.151899
0.194843
0.243572
0.299616
0.363816
0.436431
0.517777
0.608721
0.710449
0.823354
0.945612
1.07244
1.19668
1.31062
1.40804
1.4858
1.54421
1.58655
1.61814
1.64564
1.67672
1.71972
1.78311
1.87448
1.99901
2.15798
2.34746
2.55792
2.77495
2.98119
3.15905
3.29351
3.37475
3.39996
3.37405
3.30896
3.22159
3.13105
3.05561
3.01018
3.00452
3.04222
3.12049
3.23053
3.35858
3.4877
3.60023
3.68098
3.72019
3.71563
3.67277
3.60305
3.5207
3.43933
3.36909
3.31537
3.27866
3.25534
3.23876
3.22046
3.19143
3.14357
3.07135
2.97299
2.85099
2.71141
2.56233
2.4119
2.26655
2.13007
2.00347
1.88556
1.77386
1.66546
1.55778
1.44897
1.33814
1.22536
1.1115
0.997873
0.885933
0.776948
0.671883
0.571421
0.476088
0.386432
0.30318
0.227339
0.160207
0.103275
0.0579964
0.025488
0.00624225
0
0
0.00570584
0.0220781
0.047265
0.0790273
0.115659
0.156766
0.20342
0.257519
0.320736
0.393872
0.476978
0.569927
0.672769
0.785388
0.906479
1.03247
1.15729
1.27338
1.37375
1.45402
1.51364
1.55575
1.58585
1.61044
1.63604
1.66911
1.71622
1.78392
1.87799
2.00222
2.15691
2.33772
2.5354
2.73671
2.92637
3.08948
3.21385
3.29188
3.32186
3.30842
3.26202
3.19744
3.13142
3.08022
3.05722
3.07127
3.12556
3.2171
3.33697
3.47113
3.6022
3.71199
3.78484
3.81076
3.78769
3.72181
3.6257
3.51512
3.4053
3.30802
3.23018
3.17378
3.13671
3.1138
3.09775
3.07998
3.05189
3.00625
2.93879
2.84904
2.74019
2.61792
2.48872
2.3582
2.23009
2.10597
1.9857
1.86806
1.75148
1.63454
1.51632
1.39652
1.27551
1.15419
1.0338
0.915612
0.800811
0.690366
0.585058
0.485567
0.392567
0.306832
0.22931
0.161156
0.103672
0.0581355
0.0255245
0.00624714
0
0
0.0057157
0.0221776
0.0476807
0.080212
0.118386
0.162216
0.213212
0.273633
0.345369
0.429269
0.525204
0.632474
0.749994
0.875934
1.00698
1.1378
1.26129
1.36999
1.45814
1.52351
1.56824
1.5981
1.62055
1.64294
1.67139
1.71101
1.76638
1.84185
1.94095
2.06532
2.21351
2.38017
2.55626
2.73025
2.89003
3.02498
3.12757
3.19415
3.22537
3.22609
3.20489
3.1732
3.14378
3.12894
3.13883
3.1799
3.25385
3.35708
3.48071
3.61137
3.73281
3.82846
3.88445
3.89256
3.852
3.76956
3.65783
3.5321
3.40707
3.29433
3.20117
3.13055
3.08182
3.05138
3.03321
3.01949
3.00163
2.97173
2.92418
2.85678
2.77082
2.67019
2.55983
2.44426
2.32661
2.20836
2.08965
1.96985
1.84813
1.7239
1.59698
1.46778
1.3372
1.20654
1.07724
0.950729
0.828269
0.710948
0.599695
0.495323
0.398578
0.310199
0.23099
0.161884
0.103938
0.0582142
0.0255426
0.00624967
0
0
0.0057233
0.0222657
0.0480801
0.0814105
0.121233
0.168007
0.2237
0.29095
0.371911
0.46754
0.577532
0.700527
0.834137
0.974666
1.11676
1.25342
1.3768
1.47981
1.55804
1.61135
1.64418
1.66432
1.68073
1.70138
1.73225
1.7776
1.84065
1.92391
2.02871
2.15425
2.29687
2.44986
2.60421
2.75014
2.87892
2.98431
3.06335
3.11619
3.14564
3.1566
3.15565
3.15065
3.15003
3.16183
3.19247
3.2457
3.3218
3.41721
3.52458
3.63347
3.73157
3.80667
3.84878
3.85229
3.81717
3.74891
3.65708
3.55302
3.44749
3.34895
3.26297
3.19226
3.1371
3.09565
3.06404
3.03675
3.00736
2.96984
2.91979
2.85541
2.77752
2.68877
2.59248
2.49144
2.38727
2.28024
2.16971
2.05465
1.93416
1.80789
1.67616
1.54002
1.40112
1.2614
1.12286
0.987344
0.85647
0.731617
0.613958
0.504466
0.40393
0.312993
0.232247
0.162345
0.104062
0.0582337
0.0255436
0.00625009
0
0
0.00572875
0.0223421
0.0484569
0.0825891
0.124087
0.173845
0.234252
0.308301
0.398407
0.505651
0.62956
0.768116
0.917661
1.07275
1.22618
1.36952
1.49429
1.59377
1.6647
1.70855
1.73132
1.74216
1.75101
1.76651
1.79512
1.84118
1.90756
1.99576
2.10541
2.2336
2.37454
2.52003
2.66079
2.78828
2.89632
2.98191
3.04515
3.08837
3.11517
3.12967
3.1364
3.14023
3.14623
3.15921
3.1829
3.21935
3.26846
3.328
3.39393
3.46089
3.52292
3.5742
3.60993
3.62713
3.62517
3.60573
3.5722
3.52867
3.47892
3.42585
3.37134
3.31639
3.26142
3.20625
3.1501
3.09165
3.02929
2.96169
2.88835
2.80983
2.72761
2.64348
2.55883
2.47404
2.38828
2.29963
2.20567
2.10403
1.99298
1.87184
1.74115
1.60255
1.45848
1.31175
1.16517
1.0213
0.882341
0.750185
0.626366
0.512063
0.408087
0.314944
0.232969
0.162507
0.104043
0.0581981
0.0255296
0.00624871
0
0
0.00573222
0.0224071
0.0488053
0.0837125
0.126826
0.179413
0.244198
0.32444
0.422761
0.540343
0.676573
0.828875
0.992557
1.16078
1.32488
1.47528
1.60297
1.70133
1.7678
1.80467
1.81876
1.81983
1.81847
1.82419
1.8445
1.88481
1.94862
2.03738
2.14997
2.28215
2.4266
2.57378
2.7137
2.83796
2.94133
3.02214
3.08163
3.12257
3.14806
3.16097
3.16393
3.15975
3.15147
3.14221
3.13467
3.13063
3.13091
3.1356
3.1446
3.15806
3.17661
3.20104
3.23179
3.26839
3.30908
3.3509
3.38996
3.42201
3.44282
3.44863
3.43653
3.40485
3.35343
3.28367
3.19839
3.10151
2.9976
2.89144
2.78756
2.68971
2.60042
2.52069
2.44983
2.38549
2.32399
2.26077
2.19105
2.11063
2.01647
1.90727
1.78353
1.64738
1.50208
1.35138
1.19904
1.04851
0.902803
0.764457
0.63546
0.51722
0.410562
0.315827
0.233077
0.162356
0.103889
0.0581141
0.0255034
0.00624592
0
0
0.00573399
0.0224613
0.0491203
0.0847473
0.129333
0.184411
0.252899
0.338183
0.442983
0.568532
0.714119
0.876812
1.05127
1.22979
1.40281
1.56
1.69192
1.79181
1.85713
1.89024
1.89794
1.89002
1.87744
1.87062
1.8785
1.90805
1.96409
2.04885
2.16145
2.29736
2.44856
2.6045
2.75405
2.88779
2.99967
3.08747
3.15203
3.19577
3.22127
3.23064
3.22555
3.20767
3.17904
3.1421
3.09936
3.05318
3.00572
2.95924
2.91661
2.88175
2.85962
2.85552
2.87389
2.91662
2.98188
3.06382
3.15348
3.24028
3.31358
3.36395
3.38408
3.36959
3.31952
3.23657
3.12675
2.99864
2.86215
2.72721
2.6024
2.4939
2.40491
2.33557
2.28334
2.24356
2.21006
2.1759
2.13413
2.07873
2.00539
1.9121
1.79928
1.66944
1.52652
1.37512
1.2199
1.06524
0.915013
0.772429
0.639946
0.519191
0.410982
0.315494
0.232539
0.161904
0.103614
0.0579917
0.0254683
0.00624211
0
0
0.00573439
0.0225057
0.0493989
0.0856661
0.131509
0.188587
0.259828
0.348558
0.457447
0.587705
0.738588
0.90707
1.08764
1.27237
1.45147
1.61442
1.75154
1.85576
1.92403
1.95801
1.96375
1.95049
1.9292
1.91103
1.9062
1.92325
1.96843
2.04519
2.15359
2.28973
2.44564
2.6102
2.77105
2.91705
3.04028
3.13687
3.20663
3.25167
3.27501
3.27945
3.26725
3.24023
3.20021
3.14915
3.08924
3.0228
2.95232
2.88074
2.81177
2.75028
2.70226
2.67433
2.67254
2.7005
2.75769
2.83855
2.93323
3.02924
3.11343
3.17369
3.20038
3.18749
3.13352
3.04177
2.91995
2.77904
2.63159
2.48985
2.36399
2.26087
2.18352
2.1313
2.10056
2.08531
2.078
2.0702
2.05354
2.02077
1.96672
1.88897
1.78787
1.66617
1.52818
1.37906
1.22413
1.06848
0.916677
0.772528
0.638865
0.517472
0.409143
0.313906
0.231383
0.16119
0.103247
0.0578435
0.0254279
0.00623771
0
0
0.0057338
0.022542
0.0496405
0.0864513
0.133287
0.19177
0.264631
0.354925
0.465099
0.59626
0.747703
0.916586
1.09773
1.28367
1.46513
1.632
1.77476
1.88606
1.96201
2.00299
2.01356
2.00176
1.97795
1.9535
1.93947
1.94552
1.97907
2.04473
2.14374
2.27329
2.42611
2.59105
2.75491
2.90498
3.03142
3.12853
3.19496
3.23283
3.24638
3.24058
3.22003
3.1884
3.14837
3.1018
3.04997
2.99378
2.93412
2.8722
2.81004
2.75089
2.69927
2.66065
2.64052
2.64288
2.66867
2.71475
2.77407
2.83676
2.89168
2.928
2.93664
2.91169
2.85145
2.75889
2.64133
2.50924
2.3745
2.24842
2.14012
2.05545
1.9967
1.96288
1.95024
1.95277
1.96276
1.97147
1.97016
1.95131
1.90964
1.8427
1.75091
1.63699
1.50527
1.36092
1.20946
1.0563
0.906393
0.763866
0.631757
0.511908
0.405065
0.311154
0.229702
0.16028
0.102824
0.0576844
0.0253862
0.00623314
0
0
0.00573264
0.0225721
0.049847
0.0870966
0.134637
0.193887
0.267173
0.357067
0.465617
0.593747
0.740862
0.904568
1.08048
1.26222
1.44173
1.61
1.75819
1.87889
1.96734
2.0222
2.04589
2.04435
2.02642
2.0028
1.98474
1.98263
2.00483
2.05697
2.14142
2.25659
2.39629
2.55
2.70441
2.84601
2.96358
3.0499
3.10246
3.12316
3.11739
3.09259
3.05672
3.01679
2.97791
2.94286
2.91223
2.88485
2.85854
2.83104
2.80092
2.76819
2.73458
2.70317
2.6776
2.66105
2.65514
2.65934
2.67077
2.6846
2.69461
2.69404
2.67664
2.6379
2.57617
2.49329
2.39447
2.2874
2.18078
2.08284
2.00009
1.9367
1.89433
1.87232
1.86772
1.87546
1.88861
1.89914
1.89902
1.88146
1.84186
1.77828
1.69123
1.58321
1.45806
1.32043
1.17546
1.02835
0.883983
0.746471
0.618808
0.502769
0.399026
0.307469
0.227658
0.159268
0.102389
0.0575306
0.0253472
0.00622882
0
0
0.00573137
0.0225987
0.0500236
0.0876091
0.135572
0.194975
0.267556
0.355217
0.45946
0.580958
0.719285
0.872704
1.038
1.21038
1.38359
1.55037
1.7031
1.83476
1.93983
2.01511
2.06026
2.07812
2.07472
2.05885
2.04106
2.03222
2.04194
2.07736
2.14233
2.23667
2.35559
2.4897
2.62641
2.75217
2.85502
2.92652
2.9628
2.96479
2.93781
2.89054
2.83345
2.77693
2.72944
2.69613
2.67833
2.67393
2.67849
2.68668
2.69374
2.69636
2.69303
2.6838
2.6697
2.65218
2.63271
2.6125
2.59225
2.57186
2.55007
2.5245
2.49209
2.45
2.39663
2.33239
2.25979
2.183
2.10689
2.0362
1.97486
1.9257
1.89032
1.86881
1.85941
1.85832
1.8599
1.85749
1.84455
1.81582
1.76804
1.70014
1.61286
1.50829
1.38941
1.25991
1.124
0.986173
0.850764
0.721466
0.600962
0.49081
0.391587
0.303231
0.225477
0.158271
0.101992
0.0573988
0.0253148
0.00622511
0
0
0.00573043
0.0226244
0.0501779
0.0880082
0.136145
0.195175
0.266107
0.350041
0.44783
0.559856
0.685909
0.825056
0.975484
1.13433
1.29757
1.46015
1.61619
1.75953
1.88422
1.9852
2.05898
2.10441
2.12337
2.12122
2.10657
2.09027
2.08364
2.09653
2.13563
2.20327
2.29677
2.40855
2.52726
2.63988
2.73403
2.80008
2.83237
2.82979
2.7958
2.73789
2.66639
2.59284
2.52791
2.47959
2.45188
2.44467
2.45448
2.47586
2.50286
2.53008
2.5532
2.56912
2.57594
2.57302
2.56104
2.54188
2.51813
2.49228
2.46588
2.439
2.41041
2.37824
2.34089
2.29774
2.24933
2.19719
2.14338
2.09016
2.0398
1.99444
1.95585
1.92485
1.90071
1.88081
1.86091
1.83596
1.80124
1.75335
1.69062
1.61304
1.52174
1.41844
1.30523
1.18461
1.05958
0.933494
0.809736
0.691205
0.579994
0.477301
0.383594
0.29895
0.223436
0.157419
0.101685
0.057305
0.0252923
0.00622232
0
0
0.00573029
0.0226522
0.0503199
0.0883244
0.136444
0.194712
0.263335
0.342547
0.432516
0.533335
0.645051
0.767613
0.900724
1.04358
1.19461
1.3512
1.50959
1.66485
1.81099
1.94136
2.0493
2.1292
2.17785
2.19581
2.1882
2.16461
2.1377
2.12083
2.12533
2.15816
2.2206
2.30812
2.41147
2.51859
2.61689
2.69533
2.74585
2.76422
2.75027
2.70778
2.64385
2.56785
2.48997
2.41968
2.36437
2.32845
2.31307
2.31641
2.33434
2.36141
2.39179
2.42018
2.44249
2.45642
2.46169
2.45976
2.45307
2.44403
2.43406
2.42314
2.4101
2.39325
2.37119
2.34317
2.30923
2.26994
2.22621
2.17922
2.13044
2.08165
2.03461
1.9904
1.94886
1.90823
1.86544
1.81687
1.75943
1.69131
1.61233
1.52353
1.42658
1.32316
1.21479
1.10297
0.989466
0.876338
0.765691
0.659332
0.558529
0.464008
0.376142
0.295243
0.221841
0.156844
0.101516
0.0572634
0.0252826
0.0062207
0
0
0.00573135
0.0226853
0.0504614
0.0885956
0.13658
0.193869
0.259863
0.333952
0.415657
0.504833
0.601829
0.707502
0.823062
0.94974
1.08835
1.23879
1.39951
1.56704
1.73576
1.89786
2.04395
2.16418
2.25008
2.29664
2.30419
2.27929
2.23423
2.18492
2.14769
2.13585
2.15703
2.21204
2.29537
2.39701
2.50466
2.606
2.69029
2.74948
2.77873
2.77663
2.74515
2.68932
2.61665
2.53616
2.45727
2.38852
2.33629
2.30381
2.29084
2.29413
2.30868
2.32914
2.35099
2.37129
2.38881
2.40362
2.41633
2.42723
2.43573
2.44036
2.43928
2.4309
2.41442
2.38993
2.35812
2.31998
2.27651
2.22876
2.17789
2.12523
2.07202
2.01899
1.96583
1.9111
1.8524
1.78713
1.7133
1.63025
1.5388
1.44091
1.33893
1.23494
1.13042
1.02638
0.923643
0.822996
0.725168
0.630709
0.539947
0.453101
0.370497
0.292774
0.221002
0.156671
0.101527
0.0572849
0.0252878
0.00622041
0
0
0.00573398
0.0227265
0.0506146
0.0888639
0.136676
0.192951
0.25635
0.325518
0.399442
0.477836
0.561406
0.651904
0.751937
0.864589
0.99284
1.13885
1.30316
1.48388
1.67603
1.87127
2.05819
2.22352
2.35411
2.43951
2.47463
2.46153
2.40992
2.33579
2.25847
2.19685
2.16566
2.17297
2.21929
2.29863
2.40053
2.5125
2.62196
2.71766
2.7906
2.83458
2.84662
2.82727
2.7805
2.71331
2.63479
2.55466
2.48172
2.42236
2.37974
2.35392
2.34271
2.34288
2.3511
2.3646
2.38124
2.39932
2.41716
2.43281
2.44395
2.44821
2.44364
2.42932
2.40545
2.37326
2.33452
2.29105
2.24441
2.19578
2.146
2.09563
2.04483
1.99318
1.93957
1.88219
1.81883
1.74743
1.66677
1.5769
1.47934
1.3767
1.27198
1.16788
1.0663
0.968258
0.874037
0.783437
0.695961
0.611001
0.528039
0.446898
0.367941
0.292172
0.221188
0.156998
0.101747
0.0573763
0.0253087
0.00622151
0
0
0.0057385
0.0227785
0.0507913
0.0891712
0.136852
0.192249
0.253407
0.318387
0.385806
0.455369
0.528193
0.606864
0.695209
0.797848
0.919537
1.06432
1.23452
1.42975
1.6459
1.87466
2.10352
2.31685
2.4979
2.63155
2.70745
2.72248
2.68213
2.59997
2.49539
2.38997
2.3035
2.25056
2.23844
2.26695
2.32977
2.41663
2.51548
2.61428
2.70219
2.77054
2.81347
2.82842
2.8163
2.78118
2.72957
2.66915
2.60746
2.55073
2.50318
2.46694
2.44228
2.42817
2.4227
2.42352
2.42814
2.434
2.43857
2.43928
2.43372
2.41997
2.39701
2.36501
2.32534
2.28024
2.23232
2.18404
2.1373
2.09318
2.05188
2.01271
1.97425
1.93442
1.89077
1.84072
1.78196
1.71286
1.63289
1.54286
1.44486
1.34194
1.2375
1.13462
1.03554
0.941402
0.85229
0.767448
0.685644
0.605577
0.526277
0.447425
0.369529
0.293921
0.222587
0.157885
0.10219
0.0575394
0.0253455
0.00622398
0
0
0.00574513
0.0228435
0.0510023
0.0895547
0.137212
0.192007
0.251528
0.313441
0.376184
0.439583
0.505197
0.57634
0.657794
0.755317
0.874944
1.02209
1.20049
1.411
1.65049
1.9111
2.18011
2.44076
2.67407
2.86156
2.98847
3.04671
3.0368
2.96816
2.85755
2.72598
2.59477
2.48198
2.39986
2.35387
2.34332
2.36277
2.40396
2.45743
2.51398
2.5657
2.60671
2.63363
2.64554
2.6437
2.6309
2.61076
2.58707
2.56324
2.54193
2.52471
2.5119
2.50269
2.49547
2.48834
2.47958
2.46767
2.45123
2.42895
2.39966
2.36266
2.31813
2.26736
2.2127
2.1572
2.10411
2.05624
2.01546
1.98229
1.95583
1.93381
1.91299
1.88954
1.85962
1.81996
1.76827
1.70364
1.62655
1.53884
1.44329
1.34321
1.24186
1.14201
1.04556
0.953441
0.865589
0.78118
0.698979
0.617767
0.536749
0.455847
0.375825
0.298244
0.225266
0.15934
0.102851
0.0577705
0.0253969
0.00622769
0
0
0.00575402
0.0229231
0.0512558
0.0900442
0.137838
0.192403
0.251041
0.311222
0.371378
0.431556
0.49375
0.56184
0.641243
0.738385
0.860014
1.01232
1.19985
1.42433
1.68347
1.97019
2.27231
2.57323
2.85343
3.09292
3.27429
3.38567
3.42297
3.39064
3.30069
3.17026
3.01833
2.86262
2.71736
2.59216
2.49202
2.41791
2.36776
2.33766
2.32296
2.3193
2.3233
2.33266
2.34602
2.36241
2.38099
2.40094
2.42163
2.44271
2.46373
2.48364
2.50052
2.51182
2.51516
2.5092
2.49386
2.47004
2.43885
2.40108
2.35702
2.30687
2.25135
2.19213
2.13206
2.07478
2.02413
1.98318
1.95343
1.93446
1.92393
1.91798
1.91185
1.90047
1.87927
1.84483
1.79544
1.73129
1.65431
1.56761
1.47475
1.37895
1.28271
1.18754
1.09417
1.00268
0.912763
0.8239
0.735534
0.647309
0.559272
0.472008
0.386689
0.305029
0.229141
0.161312
0.103705
0.0580604
0.0254607
0.00623241
4.54747e-13
0
0.00576519
0.0230182
0.0515572
0.0906591
0.138777
0.193533
0.252098
0.311918
0.371554
0.431338
0.493643
0.562723
0.644282
0.744903
0.871381
1.02992
1.22512
1.45891
1.7295
2.03063
2.35134
2.6764
2.98753
3.26546
3.49256
3.65544
3.74701
3.7672
3.72226
3.62301
3.48269
3.31509
3.13335
2.9492
2.77244
2.61055
2.46843
2.34873
2.25245
2.17986
2.131
2.10568
2.10284
2.11998
2.15306
2.19732
2.24825
2.3021
2.35554
2.40488
2.44584
2.47416
2.48692
2.48355
2.46592
2.43749
2.40191
2.36183
2.31849
2.27211
2.22284
2.17169
2.1211
2.07471
2.03642
2.00904
1.99326
1.98737
1.98774
1.98957
1.98765
1.97695
1.95331
1.91412
1.85877
1.78887
1.70781
1.61989
1.52917
1.43841
1.34864
1.25945
1.16968
1.07818
0.984275
0.887887
0.789531
0.690203
0.591273
0.494361
0.401247
0.313805
0.233977
0.163693
0.104709
0.0583946
0.0255335
0.00623784
0
0
0.0057786
0.0231286
0.0519083
0.0914068
0.140047
0.19541
0.254676
0.315395
0.376343
0.43815
0.503481
0.576762
0.663624
0.770266
0.902805
1.06657
1.26532
1.50036
1.76985
2.06821
2.38604
2.71035
3.0256
3.3153
3.56412
3.75993
3.89519
3.96717
3.97712
3.92905
3.82889
3.68432
3.50501
3.30258
3.08979
2.87912
2.68133
2.5046
2.35454
2.23488
2.14806
2.09539
2.07625
2.08717
2.12181
2.17215
2.23032
2.28983
2.34563
2.39341
2.42914
2.44942
2.4526
2.43966
2.41421
2.38148
2.34663
2.31328
2.28281
2.25469
2.22764
2.201
2.17561
2.15366
2.1376
2.12874
2.12632
2.1276
2.12867
2.12527
2.11344
2.08979
2.0519
1.99876
1.93117
1.85192
1.76533
1.67627
1.58867
1.50433
1.4225
1.34053
1.25524
1.16415
1.06612
0.961531
0.852009
0.740033
0.628501
0.520308
0.418031
0.323811
0.239411
0.166325
0.105803
0.0587545
0.0256114
0.0062436
0
0
0.00579406
0.0232535
0.0523072
0.0922829
0.141629
0.197976
0.25861
0.321267
0.384973
0.45062
0.521042
0.600604
0.694499
0.808017
0.945913
1.11186
1.30795
1.53418
1.78812
2.06465
2.35591
2.65161
2.93973
3.20789
3.44489
3.64218
3.7944
3.89877
3.95376
3.95816
3.91131
3.81458
3.6731
3.49652
3.2982
3.09316
2.89556
2.7169
2.56523
2.44547
2.36015
2.30993
2.29318
2.30527
2.33828
2.38213
2.42666
2.46374
2.4882
2.49771
2.4919
2.47181
2.43978
2.39959
2.35643
2.31607
2.28367
2.26241
2.25275
2.25267
2.25879
2.26776
2.27737
2.28663
2.29504
2.30169
2.30473
2.30163
2.28987
2.26745
2.23313
2.18634
2.12718
2.05656
1.97644
1.89002
1.80152
1.71526
1.63427
1.55902
1.48699
1.41367
1.33418
1.24488
1.14423
1.03292
0.91348
0.789748
0.666105
0.546775
0.435261
0.334107
0.244993
0.169017
0.106914
0.0591182
0.0256896
0.00624925
0
0
0.00581131
0.0233912
0.0527482
0.0932714
0.143479
0.201113
0.263627
0.328977
0.39642
0.467016
0.543594
0.630187
0.731184
0.850521
0.99111
1.1545
1.34071
1.54815
1.77369
2.0126
2.25868
2.50444
2.74159
2.96211
3.15944
3.32944
3.47027
3.58104
3.65982
3.70266
3.70451
3.66179
3.57534
3.45189
3.30353
3.1454
2.99273
2.8582
2.75047
2.67397
2.62954
2.6151
2.62603
2.65494
2.69195
2.72576
2.7457
2.74407
2.71771
2.6682
2.60089
2.5232
2.44313
2.36828
2.30532
2.25962
2.23477
2.2319
2.24922
2.28219
2.32448
2.36927
2.41052
2.44361
2.46528
2.47338
2.46652
2.44414
2.40658
2.35514
2.29184
2.21913
2.13954
2.05548
1.9693
1.88352
1.80093
1.72416
1.65462
1.59136
1.53066
1.4669
1.39429
1.30846
1.20752
1.09226
0.965832
0.833058
0.699559
0.57077
0.451136
0.343714
0.250248
0.171564
0.107968
0.0594626
0.0257631
0.00625432
0
0
0.00582997
0.0235389
0.0532225
0.0943468
0.14553
0.20466
0.269386
0.337874
0.409542
0.485476
0.568272
0.661335
0.767927
0.890343
1.02944
1.18459
1.35387
1.53442
1.72285
1.91547
2.10828
2.29696
2.47705
2.64443
2.79628
2.93167
3.05125
3.15562
3.24317
3.30897
3.34586
3.34745
3.31153
3.24207
3.14909
3.04661
2.94954
2.87073
2.81887
2.79769
2.8061
2.839
2.88805
2.94242
2.98977
3.01786
3.01664
2.98051
2.90962
2.81004
2.69238
2.56954
2.4543
2.35747
2.28681
2.24682
2.23872
2.26053
2.30714
2.37065
2.44135
2.50905
2.56466
2.6013
2.61485
2.60397
2.56965
2.51461
2.44283
2.35895
2.26786
2.17422
2.08201
1.99411
1.91221
1.83702
1.76882
1.70762
1.65282
1.60236
1.5522
1.49683
1.43051
1.34876
1.24945
1.13322
1.00338
0.86527
0.725295
0.589813
0.464093
0.351748
0.254732
0.17377
0.10889
0.0597642
0.0258266
0.00625833
0
0
0.00584958
0.0236933
0.0537179
0.0954755
0.147698
0.208433
0.275521
0.347291
0.423224
0.504254
0.592503
0.690492
0.800143
0.922006
1.05498
1.19653
1.34332
1.49201
1.63994
1.78552
1.9281
2.0675
2.20346
2.3355
2.46316
2.58625
2.70468
2.81733
2.92068
3.00822
3.07166
3.10373
3.10113
3.06657
3.00873
2.94052
2.87626
2.82876
2.80709
2.81532
2.85215
2.91134
2.98261
3.05295
3.10838
3.13617
3.12718
3.07785
2.99113
2.87601
2.74571
2.61525
2.49892
2.40826
2.35096
2.33039
2.34569
2.39208
2.46136
2.5426
2.6234
2.69154
2.73674
2.75217
2.73516
2.68708
2.6125
2.51801
2.41098
2.29864
2.18752
2.08306
1.98921
1.9081
1.83974
1.78231
1.73299
1.6889
1.64746
1.60606
1.56145
1.50949
1.44566
1.36609
1.26857
1.15336
1.02334
0.883705
0.741055
0.602202
0.472984
0.357521
0.258077
0.175465
0.109611
0.0600016
0.0258753
0.00626081
0
0
0.00586963
0.0238502
0.0542202
0.0966187
0.149893
0.212242
0.28167
0.356611
0.436491
0.521928
0.614382
0.715334
0.825326
0.943302
1.06652
1.19112
1.3131
1.42952
1.5395
1.64464
1.74868
1.85645
1.97253
2.10008
2.24006
2.39095
2.54866
2.70641
2.8548
2.98274
3.07929
3.1363
3.15087
3.12665
3.07332
3.0045
2.93482
2.87736
2.84191
2.83403
2.85459
2.89955
2.96016
3.02409
3.07747
3.10756
3.10557
3.06856
3.00001
2.90881
2.80714
2.70815
2.62387
2.56387
2.53436
2.53765
2.5719
2.6311
2.70561
2.78316
2.8505
2.89537
2.90851
2.8851
2.82539
2.73417
2.61955
2.49118
2.35861
2.23017
2.11232
2.00962
1.9246
1.85762
1.80661
1.76728
1.73407
1.70161
1.66587
1.62437
1.57552
1.51771
1.44875
1.36618
1.26803
1.15393
1.02575
0.887769
0.74601
0.607137
0.477177
0.360602
0.260035
0.176524
0.110079
0.0601562
0.0259048
0.0062613
0
0
0.00588952
0.0240053
0.0547136
0.0977347
0.15202
0.215901
0.287506
0.36531
0.448588
0.537528
0.632844
0.734985
0.843288
0.955464
1.06773
1.17563
1.27537
1.36529
1.44703
1.52581
1.60983
1.70859
1.83086
1.98267
2.16566
2.37629
2.60567
2.84017
3.06282
3.25541
3.40149
3.48955
3.51574
3.48501
3.40996
3.3078
3.19646
3.09158
3.00495
2.94445
2.91413
2.91397
2.93916
2.98024
3.02467
3.05969
3.07558
3.06791
3.038
2.99172
2.93736
2.8837
2.83881
2.80935
2.80009
2.81317
2.84725
2.89704
2.95361
3.00548
3.04061
3.04861
3.02272
2.96104
2.86669
2.74702
2.61198
2.47221
2.33725
2.21439
2.10822
2.02093
1.95268
1.90182
1.86469
1.83559
1.80766
1.77437
1.7312
1.67641
1.61052
1.535
1.45076
1.35749
1.25391
1.13897
1.01305
0.87873
0.740677
0.604713
0.476573
0.36085
0.260487
0.176871
0.110257
0.0602138
0.0259113
0.00625942
0
0
0.00590866
0.0241535
0.0551812
0.0987812
0.15399
0.219244
0.292755
0.372986
0.459005
0.55054
0.647597
0.74978
0.855586
0.962075
1.06518
1.16075
1.24606
1.32143
1.39125
1.46383
1.55012
1.66165
1.8084
1.99704
2.22941
2.5012
2.80132
3.11219
3.41124
3.67373
3.8765
4.00231
4.04352
4.00404
3.89838
3.74814
3.5771
3.40676
3.25393
3.13041
3.04361
2.99669
2.98786
3.00975
3.05039
3.09603
3.13473
3.15895
3.16616
3.15777
3.13746
3.10988
3.08019
3.05376
3.03566
3.02954
3.03628
3.05305
3.07323
3.08764
3.08666
3.06258
3.0114
2.93359
2.83383
2.71986
2.60083
2.48557
2.38099
2.29116
2.21723
2.15805
2.11118
2.07334
2.04042
2.00722
1.96777
1.91651
1.84996
1.76773
1.67241
1.56825
1.4592
1.34742
1.23279
1.11378
0.989135
0.859227
0.726667
0.595796
0.471566
0.358395
0.259448
0.17649
0.110127
0.060165
0.025892
0.00625482
0
0
0.00592643
0.0242901
0.0556062
0.0997174
0.155722
0.22213
0.297204
0.37936
0.467456
0.560807
0.658868
0.760696
0.864431
0.967121
1.06516
1.15539
1.23673
1.31153
1.38622
1.47038
1.5747
1.70895
1.88084
2.09565
2.35544
2.65738
2.99194
3.34211
3.68415
3.99024
4.23262
4.38873
4.44605
4.4052
4.27999
4.09425
3.87656
3.65473
3.45187
3.28479
3.16406
3.09428
3.07386
3.09477
3.14372
3.20499
3.26392
3.30952
3.33523
3.33838
3.3193
3.28082
3.22802
3.16788
3.1083
3.05643
3.01685
2.99003
2.97208
2.95602
2.93424
2.90103
2.85422
2.79534
2.72879
2.66045
2.59625
2.5409
2.49678
2.46347
2.43791
2.41548
2.39124
2.36084
2.32074
2.26782
2.19924
2.11281
2.00794
1.8865
1.75299
1.61353
1.47418
1.33906
1.20928
1.08328
0.958345
0.83261
0.706295
0.581815
0.462931
0.353597
0.257052
0.175412
0.109689
0.0600057
0.0258449
0.00624727
0
0
0.00594222
0.0244103
0.0559725
0.100506
0.157146
0.224447
0.300697
0.384261
0.473819
0.568383
0.667071
0.768729
0.871579
0.973151
1.07072
1.16233
1.24818
1.3317
1.41961
1.52046
1.64239
1.79153
1.97196
2.18654
2.43695
2.72228
3.03674
3.36774
3.69539
3.99415
4.23647
4.39794
4.46282
4.42808
4.30465
4.11517
3.88919
3.65739
3.44661
3.27683
3.16014
3.10067
3.09495
3.13267
3.19849
3.27484
3.34491
3.39499
3.41555
3.40158
3.35258
3.27254
3.16953
3.05479
2.94099
2.83989
2.75978
2.70347
2.66798
2.64641
2.63137
2.61798
2.60509
2.59457
2.58956
2.59287
2.60607
2.62896
2.65918
2.69194
2.72041
2.73682
2.73396
2.7065
2.65167
2.56905
2.46006
2.32743
2.17509
2.00828
1.83352
1.65804
1.48865
1.3303
1.18481
1.05073
0.924449
0.802258
0.682144
0.564501
0.451689
0.346978
0.253523
0.173714
0.10896
0.0597369
0.0257692
0.00623661
0
0
0.00595546
0.0245094
0.0562654
0.101113
0.158203
0.226111
0.303135
0.387603
0.478077
0.573398
0.672557
0.774464
0.877709
0.980509
1.081
1.17798
1.27189
1.36562
1.46431
1.57407
1.70005
1.84528
2.0108
2.19679
2.40337
2.63025
2.87512
3.13161
3.38761
3.62519
3.82267
3.95874
4.0177
3.99398
3.89432
3.73683
3.54726
3.35381
3.18214
3.0516
2.97332
2.94976
2.97538
3.03807
3.12123
3.20633
3.27551
3.31381
3.31089
3.26214
3.16928
3.04022
2.88816
2.72979
2.58262
2.46162
2.37576
2.32589
2.30569
2.30573
2.3184
2.3407
2.3738
2.42032
2.48164
2.55681
2.64296
2.73592
2.83014
2.91832
2.99136
3.03928
3.05292
3.02574
2.95511
2.84257
2.69321
2.51461
2.31563
2.10551
1.89316
1.6867
1.49282
1.31611
1.15822
1.0176
0.890161
0.771074
0.656668
0.545625
0.43895
0.339144
0.249142
0.171503
0.107971
0.0593641
0.0256653
0.00622277
0
0
0.00596566
0.0245835
0.0564718
0.101512
0.158849
0.227065
0.304465
0.389361
0.480266
0.575972
0.6755
0.777982
0.882475
0.987837
1.09276
1.19612
1.29756
1.3981
1.50015
1.60689
1.72103
1.84379
1.97474
2.1124
2.25528
2.40247
2.55354
2.70743
2.86074
3.00607
3.13181
3.22398
3.27013
3.26352
3.20606
3.10869
2.98927
2.86881
2.76734
2.7004
2.6767
2.69722
2.75549
2.83891
2.93077
3.01275
3.06754
3.08141
3.04631
2.96135
2.83328
2.67585
2.50791
2.35039
2.22212
2.13516
2.09158
2.08406
2.10101
2.13294
2.17639
2.23347
2.30797
2.40112
2.51009
2.62942
2.75349
2.87752
2.99684
3.10527
3.19424
3.25326
3.27174
3.24148
3.15862
3.02468
2.84626
2.63383
2.39992
2.15727
1.91737
1.68941
1.47991
1.29253
1.12807
0.984436
0.857284
0.741297
0.631944
0.526785
0.425778
0.330707
0.244213
0.168904
0.106764
0.0588968
0.0255343
0.00620581
0
0
0.00597239
0.0246292
0.0565813
0.101682
0.159054
0.227277
0.304669
0.389553
0.480453
0.576192
0.675917
0.779027
0.885011
0.993214
1.10261
1.21176
1.31908
1.42328
1.52378
1.62076
1.71476
1.80608
1.89426
1.97814
2.05633
2.12802
2.19367
2.25523
2.31536
2.37568
2.43484
2.48776
2.52704
2.546
2.54188
2.51751
2.48109
2.44429
2.41954
2.41719
2.44321
2.49761
2.57408
2.6609
2.7429
2.80402
2.83026
2.81234
2.74792
2.64278
2.51055
2.37087
2.24564
2.15384
2.1061
2.10181
2.13112
2.18091
2.2411
2.30807
2.38394
2.47249
2.57437
2.68519
2.79747
2.9045
3.00298
3.09296
3.17551
3.24967
3.31046
3.34879
3.35338
3.31377
3.22321
3.0806
2.89098
2.66456
2.41494
2.15678
1.90353
1.66576
1.45026
1.26009
1.09506
0.952341
0.827311
0.714621
0.609574
0.509277
0.413077
0.322217
0.239024
0.166045
0.105383
0.0583473
0.0253784
0.00618586
0
0
0.00597533
0.024644
0.0565861
0.101608
0.158799
0.226736
0.30376
0.38823
0.478719
0.574136
0.67377
0.777267
0.88446
0.995056
1.10824
1.22237
1.33493
1.44287
1.54315
1.63328
1.71166
1.77752
1.83072
1.87155
1.90077
1.9198
1.9311
1.9385
1.94711
1.96246
1.98871
2.02686
2.07398
2.12454
2.17287
2.21552
2.25243
2.28662
2.32293
2.36616
2.41921
2.48152
2.54838
2.61127
2.65941
2.68214
2.67174
2.6262
2.55105
2.45969
2.37143
2.30698
2.28239
2.30402
2.36756
2.46147
2.57225
2.6888
2.80457
2.91731
3.02667
3.13096
3.22525
3.30232
3.35589
3.38403
3.39042
3.38302
3.37077
3.35977
3.35047
3.33685
3.30797
3.25123
3.15598
3.0165
2.83345
2.61374
2.36909
2.11378
1.86202
1.62553
1.41203
1.22477
1.06315
0.923835
0.801984
0.692422
0.590716
0.494038
0.401535
0.314119
0.233825
0.163044
0.103876
0.0577297
0.0252004
0.00616316
0
0
0.00597427
0.0246263
0.0564816
0.101282
0.158077
0.225447
0.301769
0.385462
0.475172
0.569899
0.669067
0.772503
0.880289
0.992439
1.10845
1.22686
1.345
1.45914
1.56491
1.65808
1.73516
1.79398
1.83398
1.85637
1.86415
1.86194
1.85548
1.85107
1.85488
1.87238
1.9075
1.9617
2.03316
2.11697
2.20645
2.29486
2.37684
2.44923
2.51099
2.56267
2.60548
2.64013
2.66583
2.67995
2.6786
2.65845
2.6193
2.56656
2.5124
2.47418
2.46989
2.51217
2.60429
2.74054
2.90986
3.09933
3.29633
3.48933
3.66831
3.82479
3.95128
4.04064
4.08634
4.08404
4.03388
3.94219
3.82113
3.68646
3.55395
3.43562
3.33689
3.25535
3.18165
3.10222
3.00317
2.87387
2.70942
2.5115
2.28776
2.04996
1.81145
1.58444
1.37778
1.1958
1.03845
0.902538
0.783307
0.675847
0.57613
0.481641
0.391591
0.306723
0.228808
0.160006
0.102288
0.0570595
0.0250037
0.00613804
0
0
0.00596912
0.0245755
0.0562665
0.100703
0.156894
0.223431
0.298748
0.381341
0.46994
0.56363
0.661923
0.764758
0.872376
0.985041
1.10264
1.22426
1.34777
1.46978
1.58586
1.69111
1.78095
1.85193
1.9025
1.93363
1.94923
1.95586
1.96189
1.97583
2.00471
2.0529
2.12172
2.20955
2.31211
2.42293
2.53408
2.63724
2.72489
2.79135
2.83355
2.85139
2.8475
2.82631
2.79273
2.75094
2.70402
2.65506
2.60931
2.57608
2.56866
2.60124
2.68401
2.81966
3.00369
3.22722
3.4793
3.74756
4.01787
4.27458
4.50167
4.68419
4.80954
4.86824
4.85496
4.76969
4.61899
4.41625
4.18035
3.93283
3.69415
3.48025
3.30001
3.15414
3.03562
2.93175
2.82743
2.70877
2.56612
2.39583
2.20052
1.98802
1.76937
1.55619
1.35811
1.18098
1.0262
0.891572
0.772879
0.665614
0.566149
0.472305
0.383437
0.300199
0.224103
0.157009
0.100659
0.056352
0.0247922
0.00611088
6.4311e-13
0
0.00595994
0.0244921
0.0559429
0.0998783
0.155266
0.220723
0.29476
0.375972
0.463179
0.555529
0.652576
0.754294
0.860978
0.97304
1.0907
1.21362
1.34051
1.4689
1.59508
1.71445
1.8222
1.91416
1.98787
2.04354
2.08471
2.11818
2.15292
2.19794
2.26001
2.34198
2.44245
2.55651
2.67682
2.7947
2.90101
2.98703
3.04539
3.07116
3.06274
3.02259
2.95712
2.87567
2.7887
2.7059
2.63501
2.58234
2.5543
2.55874
2.60429
2.69778
2.84159
3.03314
3.26638
3.53335
3.82432
4.12706
4.42651
4.70552
4.94655
5.13336
5.25248
5.29427
5.25389
5.1324
4.93755
4.68392
4.39168
4.08393
3.78332
3.50852
3.2716
3.07668
2.92011
2.79193
2.67833
2.56481
2.43912
2.29353
2.12594
1.93978
1.74276
1.54481
1.35556
1.18212
1.02769
0.89167
0.770941
0.661649
0.560596
0.465898
0.377039
0.294584
0.219773
0.15411
0.0990238
0.0556222
0.0245701
0.00608213
0
0
0.00594689
0.0243777
0.0555164
0.0988212
0.153218
0.217366
0.289879
0.369472
0.45506
0.54584
0.641363
0.741562
0.846683
0.957131
1.07324
1.19503
1.32186
1.45219
1.58334
1.71158
1.83259
1.94224
2.03761
2.11816
2.18639
2.24793
2.31043
2.38149
2.46633
2.56616
2.67786
2.79487
2.90852
3.00934
3.08819
3.13714
3.15041
3.12538
3.06352
2.97091
2.85792
2.7378
2.62455
2.53052
2.46498
2.43405
2.44178
2.49104
2.58337
2.71807
2.89189
3.09958
3.33479
3.59024
3.85741
4.12645
4.38651
4.62642
4.8351
5.00183
5.11637
5.16956
5.15423
5.06677
4.90866
4.6877
4.41818
4.11955
3.8137
3.52128
3.25825
3.03355
2.84844
2.69747
2.57035
2.45443
2.3373
2.20904
2.06397
1.9014
1.72532
1.54311
1.36344
1.1939
1.03917
0.900373
0.775886
0.662863
0.558733
0.461965
0.372168
0.289806
0.215826
0.151341
0.0974089
0.0548838
0.0243416
0.00605228
0
0
0.00593028
0.0242348
0.0549962
0.0975524
0.150789
0.213421
0.284191
0.361963
0.445763
0.534831
0.62868
0.727145
0.830337
0.938512
1.0519
1.17051
1.29398
1.42133
1.55075
1.67956
1.80435
1.92159
2.02843
2.12367
2.20853
2.28669
2.36345
2.44412
2.53218
2.62791
2.72809
2.82665
2.91575
2.987
3.03247
3.04577
3.02301
2.9639
2.87253
2.75762
2.63178
2.50979
2.40626
2.33335
2.29937
2.30854
2.36153
2.45608
2.58745
2.74881
2.93198
3.12814
3.32831
3.52392
3.70778
3.87551
4.02641
4.16295
4.28841
4.40387
4.50584
4.58561
4.63068
4.62757
4.56544
4.43952
4.25339
4.01933
3.75618
3.48542
3.22655
2.99353
2.79312
2.62526
2.48447
2.36179
2.2467
2.12912
2.00129
1.85924
1.70339
1.53815
1.37034
1.20708
1.05377
0.912965
0.784636
0.667304
0.559348
0.459791
0.368448
0.285708
0.212228
0.148718
0.095836
0.0541498
0.024111
0.00602185
0
0
0.00591053
0.0240671
0.0543946
0.0960996
0.148025
0.208956
0.27779
0.353571
0.435464
0.52276
0.614926
0.711666
0.812913
0.918717
1.02908
1.1438
1.26242
1.38405
1.50736
1.6304
1.75065
1.86531
1.97185
2.06869
2.15588
2.23521
2.30986
2.38329
2.45804
2.53468
2.61141
2.68424
2.74756
2.795
2.8203
2.8184
2.78663
2.72582
2.64111
2.54191
2.44083
2.35183
2.28797
2.25949
2.27275
2.32984
2.42862
2.56316
2.72435
2.90087
3.08014
3.24913
3.39531
3.50822
3.58198
3.61783
3.62563
3.62264
3.62927
3.66226
3.72814
3.82002
3.91922
4.00084
4.04057
4.02074
3.93432
3.78599
3.59024
3.36707
3.13696
2.91659
2.71678
2.54228
2.39275
2.26389
2.14856
2.03814
1.92431
1.80093
1.66543
1.51915
1.36651
1.2133
1.06479
0.924432
0.793693
0.672665
0.560997
0.458524
0.365426
0.282089
0.208919
0.146241
0.0943212
0.0534314
0.0238822
0.00599137
0
0
0.00588818
0.0238793
0.0537274
0.0944976
0.144987
0.204058
0.270785
0.344426
0.424326
0.509858
0.600453
0.695689
0.795329
0.899242
1.00724
1.11892
1.23355
1.35005
1.46702
1.58266
1.69484
1.80121
1.89956
1.98827
2.06682
2.13605
2.19801
2.25546
2.31106
2.36659
2.42235
2.47688
2.52705
2.5684
2.59592
2.60509
2.59327
2.56091
2.51238
2.45583
2.40217
2.36341
2.35074
2.37299
2.43527
2.53808
2.67686
2.84242
3.02205
3.20086
3.36312
3.49355
3.57885
3.6098
3.58377
3.50685
3.39494
3.27281
3.17028
3.11505
3.1233
3.19273
3.30284
3.42246
3.51949
3.56873
3.55627
3.48054
3.35045
3.18154
2.99145
2.79626
2.6084
2.43613
2.28367
2.15141
2.03611
1.93152
1.82986
1.72387
1.60869
1.48286
1.34816
1.20844
1.06819
0.931215
0.800223
0.676892
0.562315
0.457336
0.362649
0.278741
0.205828
0.143904
0.0928765
0.0527386
0.0236591
0.00596134
0
0
0.00586382
0.0236765
0.0530128
0.0927878
0.141746
0.198827
0.263299
0.334668
0.412504
0.496308
0.585522
0.679627
0.778249
0.881146
0.988053
1.09846
1.21146
1.32561
1.43907
1.54963
1.65492
1.75261
1.84072
1.91799
1.98417
2.04023
2.0883
2.13135
2.17268
2.21531
2.26132
2.31126
2.36388
2.41608
2.46344
2.50128
2.52593
2.53609
2.53371
2.52422
2.51613
2.52
2.54697
2.60672
2.70514
2.8423
3.01168
3.2009
3.39353
3.5713
3.71613
3.81215
3.8478
3.81786
3.72496
3.58033
3.40321
3.21924
3.05724
2.94391
2.89656
2.91664
2.98854
3.08521
3.17684
3.23826
3.25314
3.2152
3.12709
2.99789
2.84013
2.66715
2.49131
2.32297
2.16966
2.03541
1.92021
1.82012
1.72837
1.63738
1.54075
1.43466
1.31835
1.19354
1.06351
0.932029
0.802709
0.678632
0.562286
0.455562
0.35974
0.275482
0.202892
0.141699
0.0915115
0.05208
0.0234451
0.00593227
0
0
0.00583816
0.0234648
0.0522715
0.0910177
0.138385
0.193385
0.255481
0.324456
0.400149
0.482257
0.570288
0.663681
0.76196
0.864803
0.971922
1.0828
1.19639
1.31093
1.42401
1.53275
1.63426
1.72603
1.80639
1.87475
1.93176
1.97921
2.01984
2.05698
2.09425
2.13511
2.18239
2.23774
2.30101
2.37001
2.4406
2.50749
2.56544
2.6107
2.64231
2.66298
2.67949
2.70228
2.74394
2.81651
2.92804
3.07966
3.26444
3.46839
3.67293
3.85764
4.00307
4.09323
4.11798
4.07475
3.96931
3.81518
3.63197
3.44275
3.27085
3.13621
3.05145
3.0188
3.02947
3.06627
3.10832
3.13587
3.13373
3.09304
3.01158
2.89288
2.74488
2.57821
2.40451
2.23488
2.07841
1.94091
1.82415
1.7257
1.63983
1.55912
1.47634
1.386
1.28516
1.1736
1.05329
0.927723
0.80105
0.677402
0.560391
0.452803
0.356451
0.272188
0.200066
0.139621
0.0902343
0.051463
0.0232434
0.00590459
0
0
0.0058119
0.0232504
0.051526
0.0892402
0.135001
0.187875
0.247514
0.313986
0.387443
0.467836
0.554822
0.647851
0.746368
0.849931
0.958158
1.07045
1.18563
1.30166
1.41567
1.52431
1.62434
1.71331
1.79007
1.85492
1.90954
1.95654
1.99897
2.03994
2.08244
2.12922
2.18275
2.24472
2.31548
2.39335
2.47446
2.55325
2.62366
2.68069
2.72199
2.74912
2.76824
2.78974
2.82671
2.89215
2.9954
3.13913
3.31808
3.51985
3.72715
3.92063
4.08166
4.19502
4.25097
4.24672
4.18668
4.08156
3.94657
3.799
3.65563
3.5304
3.4324
3.36466
3.32379
3.30097
3.28386
3.25908
3.21472
3.14224
3.03777
2.90237
2.74165
2.56455
2.38176
2.20393
2.04
1.89593
1.77389
1.67222
1.586
1.50833
1.43178
1.34991
1.25832
1.15525
1.04164
0.92052
0.796234
0.673497
0.556616
0.448955
0.352687
0.268805
0.197329
0.137671
0.0890524
0.0508937
0.0230565
0.0058787
0
0
0.00578579
0.0230399
0.0507996
0.0875121
0.131702
0.182465
0.23962
0.303512
0.374626
0.453226
0.539184
0.632027
0.731117
0.835813
0.94547
1.05922
1.17563
1.29244
1.40661
1.51473
1.61375
1.70171
1.7782
1.84446
1.90291
1.95646
2.00782
2.05911
2.11183
2.16717
2.22623
2.28983
2.35797
2.42921
2.50038
2.567
2.62436
2.66892
2.69964
2.71886
2.73257
2.74981
2.78126
2.83718
2.92502
3.0476
3.20209
3.3803
3.56993
3.75642
3.92517
4.06359
4.1628
4.21863
4.2317
4.2069
4.15219
4.07726
3.99212
3.90575
3.82492
3.75326
3.6907
3.63346
3.57485
3.50661
3.4207
3.31104
3.17489
3.01348
2.83185
2.638
2.44144
2.25163
2.07653
1.92154
1.78882
1.67722
1.5827
1.49907
1.41924
1.3365
1.24576
1.14442
1.03265
0.91304
0.789801
0.667735
0.551344
0.444172
0.348503
0.265349
0.194691
0.135857
0.0879731
0.0503772
0.0228866
0.00585495
0
0
0.00576056
0.0228396
0.0501159
0.0858925
0.128604
0.177351
0.232077
0.293374
0.362056
0.438731
0.523544
0.616148
0.715826
0.821653
0.932542
1.04714
1.16362
1.27953
1.39193
1.49781
1.59479
1.68177
1.75924
1.82917
1.89434
1.95746
2.02048
2.08418
2.14836
2.21228
2.27513
2.33607
2.39413
2.44785
2.49536
2.53474
2.56484
2.58601
2.60057
2.61277
2.62831
2.65342
2.69386
2.75407
2.83663
2.94196
3.06812
3.21085
3.36384
3.51934
3.66925
3.80611
3.92403
4.01905
4.08917
4.13417
4.15536
4.15535
4.13778
4.10679
4.06627
4.019
3.9658
3.90523
3.83382
3.74696
3.64007
3.50994
3.35576
3.17958
2.98623
2.78268
2.57701
2.37729
2.1905
2.02166
1.8733
1.74518
1.63435
1.53575
1.44305
1.34992
1.25133
1.14446
1.02911
0.907448
0.783298
0.661135
0.54519
0.438795
0.344066
0.261898
0.192183
0.134192
0.0870032
0.0499173
0.0227352
0.0058336
0
0
0.0057369
0.0226556
0.0494976
0.0844405
0.12583
0.172747
0.225213
0.284012
0.35025
0.424875
0.508331
0.60043
0.700395
0.806971
0.918531
1.0331
1.14835
1.26166
1.37034
1.47206
1.56538
1.65023
1.72795
1.80103
1.87234
1.94428
2.01805
2.09335
2.16855
2.24118
2.30846
2.36779
2.41705
2.45487
2.481
2.49667
2.50484
2.51015
2.51826
2.53494
2.5649
2.61099
2.67391
2.75246
2.84426
2.94627
3.05527
3.16806
3.28166
3.39356
3.50188
3.60542
3.70335
3.79473
3.87808
3.95134
4.01215
4.05844
4.08902
4.10376
4.10325
4.08822
4.05888
4.01442
3.95309
3.87253
3.77055
3.64578
3.49837
3.33029
3.14533
2.94884
2.74716
2.5469
2.35424
2.17421
2.01004
1.86276
1.73098
1.61116
1.49838
1.38742
1.27396
1.15552
1.03188
0.904898
0.777861
0.654627
0.538819
0.43324
0.33961
0.258562
0.189852
0.132693
0.0861489
0.0495165
0.0226035
0.00581485
0
0
0.00571542
0.0224935
0.0489657
0.0832121
0.123503
0.168884
0.219406
0.275978
0.339927
0.412489
0.494392
0.585616
0.685346
0.792026
0.903499
1.01717
1.13021
1.23984
1.34368
1.44011
1.52869
1.61028
1.68698
1.76164
1.83715
1.91566
1.9979
2.08285
2.16791
2.24932
2.32289
2.38483
2.43251
2.46508
2.48393
2.49282
2.49756
2.50515
2.52255
2.55532
2.60656
2.67647
2.76259
2.86058
2.96508
3.07053
3.1719
3.26534
3.34868
3.4218
3.4865
3.54592
3.60344
3.66161
3.72119
3.78092
3.83798
3.88877
3.92992
3.95886
3.97403
3.9747
3.96052
3.93111
3.88583
3.82368
3.74353
3.64436
3.52574
3.38812
3.23317
3.06385
2.88425
2.69927
2.51407
2.33344
2.16116
1.99942
1.84856
1.70704
1.57195
1.43989
1.30796
1.17455
1.03977
0.905317
0.773964
0.648841
0.532788
0.427909
0.335376
0.255466
0.18775
0.131378
0.0854149
0.0491762
0.0224918
0.00579881
0
0
0.00569669
0.022358
0.0485381
0.0822567
0.121737
0.165988
0.21506
0.269908
0.331991
0.402738
0.483089
0.573164
0.672129
0.778207
0.888834
1.00094
1.11132
1.21711
1.31623
1.40773
1.49202
1.57076
1.64659
1.7226
1.8016
1.88539
1.97423
2.0665
2.15886
2.24687
2.32583
2.39187
2.44284
2.47893
2.50288
2.51969
2.53588
2.55836
2.59324
2.64474
2.71454
2.8015
2.90202
3.01055
3.12054
3.22537
3.31937
3.39869
3.46187
3.50992
3.54599
3.57442
3.59963
3.62503
3.65221
3.68075
3.70856
3.73258
3.74968
3.75742
3.75452
3.74089
3.71734
3.68498
3.64469
3.59654
3.53968
3.4724
3.39259
3.29833
3.18842
3.06285
2.92291
2.77113
2.61091
2.44598
2.27993
2.1156
1.95477
1.79796
1.64464
1.49375
1.3443
1.19607
1.04987
0.907502
0.771383
0.644004
0.527452
0.42311
0.331571
0.252721
0.185924
0.130262
0.0848037
0.0488963
0.0224003
0.00578551
0
0
0.00568112
0.0222527
0.0482287
0.081614
0.120625
0.164263
0.212558
0.266462
0.327458
0.397048
0.47626
0.565277
0.663243
0.76825
0.877519
0.987747
1.09561
1.19833
1.29418
1.38282
1.46534
1.54401
1.62179
1.70167
1.78599
1.87579
1.97038
2.06728
2.16259
2.25177
2.33065
2.39643
2.44839
2.48808
2.5191
2.5465
2.57592
2.6128
2.66164
2.72533
2.80471
2.89824
3.00214
3.11082
3.21789
3.31724
3.40418
3.47606
3.5324
3.57453
3.60492
3.62638
3.64134
3.65139
3.65693
3.65716
3.65034
3.63434
3.60746
3.56916
3.5206
3.46462
3.40515
3.34627
3.29115
3.24117
3.19565
3.15205
3.10659
3.05502
2.9934
2.91867
2.82896
2.72377
2.60381
2.47082
2.3272
2.17561
2.0186
1.85833
1.69644
1.53418
1.37273
1.2135
1.05833
0.909483
0.769322
0.639957
0.522921
0.419014
0.328331
0.250406
0.184409
0.129352
0.0843149
0.0486754
0.0223283
0.00577493
0
0
0.00566903
0.0221801
0.048047
0.0813103
0.120235
0.163857
0.212207
0.266207
0.327283
0.396876
0.475951
0.56463
0.661984
0.766043
0.873995
0.982589
1.08868
1.18983
1.28481
1.37391
1.45878
1.54207
1.62667
1.71501
1.80831
1.90619
2.00653
2.10576
2.19956
2.28384
2.35574
2.41434
2.46087
2.49836
2.53098
2.56329
2.59967
2.64393
2.69902
2.7667
2.84714
2.93862
3.0376
3.13935
3.23896
3.33233
3.41685
3.49147
3.55617
3.61128
3.65691
3.6926
3.71735
3.72971
3.72782
3.70957
3.67287
3.61623
3.53958
3.44506
3.33737
3.22337
3.11105
3.00797
2.91981
2.8494
2.79658
2.75859
2.73096
2.70822
2.68465
2.65476
2.61377
2.55795
2.48489
2.39362
2.28455
2.15926
2.02013
1.87005
1.71205
1.54917
1.38441
1.22078
1.06134
0.909093
0.766705
0.636272
0.519097
0.415653
0.325713
0.24856
0.183218
0.128651
0.0839446
0.0485106
0.0222749
0.00576694
0
0
0.0056606
0.0221416
0.0479967
0.0813563
0.120595
0.164841
0.214176
0.269495
0.332128
0.403347
0.483911
0.573726
0.671701
0.775796
0.883281
0.991166
1.09675
1.19818
1.29491
1.38787
1.4792
1.57163
1.66765
1.76864
1.87433
1.9826
2.08976
2.19124
2.28251
2.36018
2.4229
2.47168
2.50962
2.54112
2.57088
2.6032
2.64156
2.68859
2.74595
2.81419
2.89255
2.97893
3.07018
3.16285
3.25411
3.34236
3.42724
3.50898
3.58748
3.66164
3.72909
3.78638
3.8294
3.85364
3.85456
3.82797
3.77063
3.6812
3.56116
3.41536
3.25199
3.08158
2.91538
2.7635
2.63332
2.52882
2.45071
2.39712
2.36435
2.34744
2.34043
2.33673
2.32958
2.31271
2.28091
2.23049
2.15951
2.06771
1.95633
1.8278
1.68539
1.53289
1.3744
1.21413
1.05624
0.904605
0.762522
0.632427
0.51575
0.412948
0.323695
0.247176
0.182346
0.128148
0.0836856
0.0483977
0.0222388
0.00576139
0
0
0.00565588
0.022137
0.0480764
0.0817456
0.121689
0.167195
0.218447
0.276356
0.34215
0.416879
0.500988
0.594042
0.694657
0.80065
0.909357
1.0181
1.12471
1.22805
1.32831
1.42705
1.52679
1.63022
1.73928
1.85434
1.9738
2.09418
2.21068
2.31806
2.41172
2.48877
2.54881
2.59401
2.62861
2.65785
2.68691
2.72013
2.76064
2.81025
2.86952
2.93786
3.01364
3.09449
3.17775
3.26115
3.34349
3.42492
3.50649
3.58928
3.67336
3.75721
3.83752
3.90943
3.96678
4.0026
4.00967
3.98156
3.91378
3.80504
3.65806
3.47974
3.2804
3.07229
2.86767
2.67704
2.50803
2.36521
2.25049
2.16388
2.10393
2.0677
2.05068
2.04682
2.04899
2.04981
2.04242
2.02114
1.98186
1.92215
1.8413
1.74019
1.62106
1.48728
1.34303
1.19305
1.04223
0.895259
0.756166
0.627999
0.51262
0.41075
0.322201
0.246211
0.181765
0.127827
0.0835271
0.0483314
0.0222179
0.00575805
6.4311e-13
0
0.00565474
0.0221648
0.0482789
0.0824556
0.123462
0.170799
0.22481
0.286464
0.356912
0.436977
0.526746
0.62536
0.731033
0.841306
0.953438
1.06492
1.17398
1.28005
1.38393
1.48775
1.59434
1.70646
1.82581
1.95234
2.08393
2.21668
2.34546
2.46484
2.57015
2.65845
2.72922
2.78448
2.82829
2.8658
2.90211
2.94143
2.98647
3.03836
3.09681
3.16057
3.22788
3.29689
3.36596
3.43411
3.5013
3.56858
3.63768
3.71027
3.78707
3.86716
3.94752
4.02291
4.08605
4.12823
4.14053
4.11533
4.04783
3.93722
3.78701
3.60461
3.40004
3.18431
2.96779
2.75914
2.56492
2.38983
2.23723
2.10956
2.00826
1.93335
1.88294
1.85305
1.83801
1.83112
1.82553
1.81475
1.79318
1.7564
1.70139
1.62675
1.53275
1.4213
1.29574
1.1605
1.02069
0.881487
0.747615
0.622798
0.509498
0.408894
0.321114
0.245594
0.181433
0.127663
0.0834551
0.0483051
0.0222104
0.00575663
0
0
0.00565698
0.0222225
0.0485923
0.083449
0.125821
0.175458
0.232895
0.299192
0.375454
0.462304
0.559481
0.665676
0.778632
0.895473
1.01317
1.12909
1.24153
1.3501
1.45596
1.56157
1.67016
1.78483
1.90767
2.0391
2.1776
2.31987
2.46136
2.59696
2.7219
2.83263
2.92745
3.00685
3.07325
3.13026
3.18176
3.23093
3.27962
3.32833
3.37649
3.42315
3.46751
3.50924
3.54856
3.58629
3.62393
3.66361
3.70786
3.75909
3.81877
3.88662
3.95989
4.03305
4.09808
4.14556
4.16626
4.15289
4.10136
4.01144
3.88643
3.73219
3.55588
3.36474
3.16529
2.96313
2.76319
2.57011
2.3886
2.2233
2.0784
1.95692
1.86009
1.787
1.73479
1.69904
1.67435
1.65475
1.63412
1.60663
1.56721
1.51209
1.4392
1.34841
1.24152
1.12204
0.994694
0.864783
0.73742
0.616899
0.506269
0.407227
0.320308
0.245236
0.181294
0.127623
0.0834537
0.0483119
0.0222139
0.00575684
0
0
0.00566221
0.0223063
0.0490002
0.0846769
0.128646
0.180917
0.242221
0.313717
0.396482
0.490971
0.596612
0.711673
0.833405
0.958418
1.0832
1.20466
1.32075
1.43085
1.53602
1.63886
1.74295
1.85206
1.96924
2.09619
2.23286
2.37745
2.52668
2.67625
2.82144
2.95782
3.08195
3.1918
3.28685
3.3678
3.43588
3.49225
3.53761
3.57221
3.5962
3.61011
3.61517
3.61338
3.60737
3.60023
3.5954
3.59655
3.60734
3.63097
3.66941
3.72258
3.7876
3.85869
3.92776
3.98577
4.02436
4.03728
4.02112
3.97529
3.90128
3.8017
3.67943
3.5372
3.37757
3.20332
3.01786
2.82553
2.63167
2.44233
2.26362
2.10102
1.95866
1.83889
1.74216
1.66706
1.61055
1.56808
1.534
1.50196
1.46563
1.4194
1.35917
1.28281
1.19042
1.08423
0.968182
0.847224
0.726502
0.610582
0.502913
0.405627
0.319655
0.24504
0.181286
0.127674
0.0835051
0.0483439
0.022226
0.00575834
0
0
0.00566998
0.0224114
0.0494831
0.0860826
0.131802
0.186898
0.252273
0.329155
0.418591
0.520885
0.635201
0.759436
0.890383
1.02412
1.15654
1.28389
1.40343
1.51392
1.61595
1.71195
1.80574
1.9018
2.00441
2.11686
2.24102
2.37701
2.52325
2.67656
2.83258
2.98619
3.13221
3.26589
3.38333
3.48163
3.55882
3.61377
3.6462
3.65679
3.64734
3.6208
3.58111
3.5329
3.48116
3.43092
3.38715
3.35454
3.3373
3.33872
3.36057
3.40246
3.46148
3.53229
3.60788
3.68069
3.74384
3.7919
3.8212
3.82952
3.81555
3.77836
3.71723
3.63166
3.5217
3.3882
3.23315
3.05996
2.8735
2.67993
2.48616
2.29916
2.12517
1.96915
1.83439
1.72226
1.63212
1.5613
1.5053
1.45822
1.4135
1.36475
1.30668
1.23579
1.15083
1.05282
0.944727
0.830806
0.715811
0.604179
0.499451
0.403993
0.319036
0.24491
0.181347
0.127778
0.0835912
0.0483934
0.0222442
0.0057608
0
0
0.00567971
0.0225324
0.0500192
0.0876051
0.135152
0.193127
0.262549
0.344669
0.440458
0.550064
0.672418
0.805116
0.944576
1.08642
1.22597
1.3588
1.48133
1.59152
1.68921
1.7764
1.85685
1.9355
2.0176
2.10789
2.20993
2.32569
2.45524
2.5967
2.74634
2.89886
3.04796
3.18693
3.30928
3.40936
3.48285
3.52716
3.54177
3.5283
3.49042
3.43345
3.36372
3.2879
3.21245
3.14321
3.0853
3.04298
3.01957
3.01718
3.0365
3.07656
3.13473
3.2069
3.28789
3.37208
3.45392
3.52832
3.59085
3.63772
3.66583
3.6727
3.65651
3.61595
3.55014
3.4586
3.34158
3.20053
3.03863
2.86091
2.67389
2.48483
2.30089
2.12836
1.97213
1.83536
1.71923
1.62281
1.54314
1.47554
1.41426
1.35331
1.28736
1.21257
1.12705
1.031
0.926465
0.816801
0.705989
0.597929
0.495896
0.402241
0.318345
0.244757
0.181417
0.127903
0.0836944
0.0484529
0.0222661
0.00576388
0
0
0.00569078
0.0226634
0.0505854
0.089183
0.138561
0.199349
0.272615
0.359549
0.460978
0.576856
0.705886
0.845423
0.991635
1.13985
1.28502
1.42218
1.54711
1.65695
1.7508
1.82997
1.89786
1.95937
2.02009
2.0855
2.16022
2.24745
2.34853
2.46273
2.58718
2.71703
2.84598
2.96688
3.07256
3.15671
3.21465
3.24392
3.24462
3.21941
3.1732
3.11247
3.04442
2.97611
2.91376
2.86237
2.82561
2.80587
2.80439
2.82131
2.85587
2.90645
2.97074
3.04571
3.12767
3.2123
3.29493
3.37081
3.4356
3.48582
3.51926
3.53494
3.53272
3.51247
3.4734
3.41385
3.33186
3.22626
3.09778
2.94954
2.78674
2.61581
2.44344
2.2757
2.11756
1.97261
1.84287
1.72866
1.62859
1.53966
1.45776
1.37831
1.29709
1.21092
1.11809
1.0185
0.913473
0.80538
0.697169
0.591876
0.492212
0.400287
0.31749
0.244506
0.181443
0.128015
0.0837986
0.0485153
0.0222895
0.00576727
0
0
0
0
0
0
0
0
0
0
0
0
0
0
0
0
0
0
0
0
0
0
0
1.10364e-06
0
0
9.88453e-07
0
0
0
0
0
1.20456e-06
0
0
1.06605e-06
7.0847e-07
0
0
0
1.08826e-06
9.6037e-07
0
0
0
7.90348e-07
2.6153e-07
0
0
0
4.58344e-07
1.04969e-06
6.03616e-07
4.94388e-07
4.00049e-07
9.41497e-07
0
8.04735e-07
0
0
0
0
0
1.35653e-06
7.32435e-07
0
0
1.22989e-06
0
0
0
0
0
0
0
9.42962e-07
0
0
0
0
0
0
0
0
0
0
0
0
0
0
0
0
0
0
0
0
0
0
0
0
0
