NUMBER_OF_POINTS=10000
DIMENSION=1
TYPE=Scalar
0
0.00293173
0.0119175
0.0262852
0.0442081
0.0633281
0.0816561
0.0983182
0.113792
0.129527
0.147186
0.16792
0.191946
0.218381
0.245238
0.269633
0.288347
0.298689
0.299402
0.291277
0.277194
0.26153
0.249146
0.244382
0.250286
0.268029
0.29657
0.333002
0.373553
0.414718
0.453969
0.489928
0.522157
0.550904
0.57698
0.601758
0.627096
0.655049
0.687402
0.725178
0.768304
0.815517
0.864506
0.912184
0.955034
0.989529
1.01267
1.02258
1.01905
1.00366
0.979488
0.950412
0.920261
0.892105
0.867898
0.848474
0.833812
0.823362
0.816193
0.810938
0.80575
0.798578
0.787837
0.773132
0.755521
0.737086
0.71997
0.705352
0.69281
0.680368
0.665166
0.644437
0.616361
0.58047
0.537545
0.489162
0.437254
0.383956
0.331765
0.28369
0.242923
0.211744
0.190166
0.17576
0.165323
0.15679
0.149587
0.143634
0.138279
0.132157
0.123786
0.112184
0.0971412
0.0792586
0.0598468
0.0407012
0.0237557
0.0106971
0.00264805
0
0
0.00292633
0.0118827
0.0261939
0.0440395
0.0630491
0.0811694
0.0973874
0.11199
0.126293
0.142029
0.160707
0.183135
0.209104
0.237209
0.264919
0.289015
0.306399
0.315055
0.314812
0.307588
0.296956
0.287209
0.282264
0.284768
0.295614
0.314035
0.338291
0.366631
0.397984
0.432017
0.468628
0.507336
0.54707
0.586485
0.624492
0.660615
0.694928
0.727699
0.758993
0.788519
0.815813
0.84059
0.862952
0.8832
0.90135
0.916767
0.928301
0.934888
0.936196
0.932905
0.926486
0.918687
0.910997
0.904319
0.898943
0.894779
0.891656
0.889397
0.887539
0.884907
0.879556
0.869396
0.853186
0.831258
0.805444
0.778264
0.751816
0.726932
0.702952
0.678139
0.650466
0.618384
0.581281
0.539497
0.49399
0.445959
0.396699
0.347813
0.301501
0.260477
0.22718
0.202502
0.185105
0.17232
0.161893
0.152863
0.145044
0.138027
0.130743
0.121824
0.11019
0.0954407
0.0779898
0.0590108
0.040223
0.0235319
0.010624
0.00263811
0
0
0.00291829
0.0118268
0.0260418
0.0437695
0.0626828
0.0807454
0.0968835
0.111219
0.124844
0.139343
0.15629
0.176828
0.201295
0.228911
0.257656
0.28454
0.306303
0.320409
0.32594
0.324007
0.317457
0.310002
0.305113
0.305146
0.310982
0.32231
0.338421
0.359065
0.384818
0.416703
0.45527
0.499781
0.548066
0.597119
0.643972
0.686354
0.722834
0.752557
0.774913
0.789495
0.796476
0.797162
0.794226
0.79119
0.791197
0.795778
0.804502
0.815681
0.827492
0.838733
0.848966
0.858243
0.866725
0.874402
0.881036
0.886321
0.890115
0.892475
0.89331
0.891831
0.886344
0.874781
0.85576
0.82949
0.7979
0.763951
0.730524
0.69946
0.671151
0.644715
0.618578
0.591132
0.561222
0.528318
0.492394
0.453677
0.412571
0.369863
0.327075
0.286548
0.250922
0.222071
0.200126
0.18354
0.170271
0.158933
0.148937
0.139854
0.130874
0.120851
0.10873
0.0939729
0.0767925
0.0581837
0.0397415
0.0233078
0.0105522
0.00262867
0
0
0.00290775
0.0117508
0.0258319
0.0434061
0.0622478
0.0804265
0.0968951
0.111644
0.125459
0.139529
0.15513
0.1734
0.195079
0.22012
0.247309
0.27421
0.297691
0.314922
0.324414
0.32661
0.323735
0.319005
0.315565
0.315631
0.320165
0.329189
0.342529
0.360544
0.384341
0.415257
0.453883
0.49924
0.548678
0.59854
0.645171
0.685689
0.7182
0.741558
0.755032
0.75828
0.75178
0.737445
0.718914
0.701009
0.688321
0.683624
0.687144
0.697147
0.711206
0.72722
0.743822
0.760294
0.776287
0.791528
0.805661
0.81826
0.828951
0.837408
0.843094
0.84489
0.841014
0.829558
0.809429
0.781147
0.746972
0.710278
0.674525
0.642319
0.614901
0.59213
0.572816
0.555197
0.537395
0.517751
0.494963
0.468102
0.436672
0.400842
0.361753
0.321609
0.28328
0.249421
0.221484
0.19929
0.181534
0.166775
0.154023
0.142596
0.131719
0.120384
0.107575
0.0926542
0.0756507
0.0573709
0.0392639
0.0230871
0.0104832
0.00261989
0
0
0.00289494
0.0116566
0.0255688
0.0429557
0.0617467
0.0801948
0.0973529
0.113098
0.127823
0.142116
0.156655
0.172279
0.189985
0.210573
0.233934
0.258519
0.281561
0.3001
0.312211
0.317797
0.318585
0.317408
0.317193
0.320098
0.327143
0.338408
0.353653
0.37294
0.396841
0.426067
0.460744
0.499804
0.540927
0.581121
0.617565
0.648234
0.672
0.68831
0.696802
0.69725
0.689923
0.676149
0.658623
0.641058
0.627177
0.619486
0.6186
0.623493
0.632403
0.64373
0.656516
0.670474
0.685725
0.702445
0.72057
0.739646
0.758771
0.776572
0.79115
0.800126
0.80098
0.791727
0.771721
0.742155
0.705967
0.667157
0.629798
0.597158
0.571181
0.552353
0.539847
0.531798
0.525678
0.518706
0.508244
0.492139
0.469025
0.438627
0.40198
0.361385
0.319967
0.280893
0.246503
0.217764
0.194336
0.175168
0.159125
0.145224
0.132514
0.119945
0.10648
0.091386
0.0745387
0.0565733
0.0387957
0.0228734
0.0104179
0.00261192
0
0
0.00288017
0.0115462
0.0252579
0.0424225
0.0611634
0.0799706
0.098035
0.11511
0.131127
0.145956
0.159532
0.172244
0.185242
0.200202
0.218317
0.23914
0.260385
0.279015
0.292749
0.301072
0.305338
0.308119
0.312219
0.319786
0.331835
0.348269
0.368322
0.391114
0.415982
0.442428
0.469837
0.497246
0.523396
0.547093
0.567657
0.585123
0.600017
0.612863
0.623726
0.632127
0.637358
0.639012
0.637371
0.633427
0.628514
0.623794
0.619922
0.617094
0.615398
0.615206
0.617349
0.623011
0.633402
0.649391
0.671167
0.697994
0.72805
0.758401
0.785211
0.804253
0.811741
0.805277
0.784603
0.751829
0.711002
0.66717
0.625279
0.589281
0.561657
0.543309
0.533656
0.530807
0.531802
0.533007
0.530666
0.521545
0.503521
0.47601
0.440092
0.398266
0.353866
0.310291
0.270289
0.235512
0.206446
0.182659
0.163207
0.146948
0.132677
0.11916
0.10524
0.0900798
0.0734307
0.0557902
0.0383414
0.0226695
0.0103572
0.00260484
0
0
0.00286384
0.0114226
0.0249056
0.0418087
0.0604674
0.0796265
0.0986135
0.117032
0.134322
0.14963
0.162174
0.171905
0.180096
0.189261
0.201907
0.218689
0.237725
0.255819
0.270357
0.280521
0.287442
0.293573
0.30171
0.314073
0.331683
0.354183
0.380109
0.407428
0.434043
0.458129
0.478322
0.493876
0.504867
0.512351
0.518323
0.525328
0.535733
0.550964
0.571046
0.594649
0.61952
0.643053
0.662791
0.676767
0.68371
0.683188
0.675719
0.662859
0.647158
0.631906
0.620659
0.616648
0.622248
0.638654
0.66573
0.701935
0.744234
0.788098
0.82783
0.857372
0.871531
0.867264
0.844541
0.806424
0.7583
0.70656
0.657223
0.61494
0.582554
0.561112
0.550058
0.547418
0.549986
0.55366
0.554037
0.547233
0.530684
0.503664
0.467336
0.424332
0.378017
0.331713
0.288132
0.249129
0.215692
0.188008
0.165569
0.147325
0.131898
0.117814
0.103728
0.088677
0.0723088
0.0550214
0.0379044
0.0224776
0.0103019
0.00259871
0
0
0.00284638
0.011289
0.0245194
0.0411169
0.0596217
0.0790144
0.0987261
0.118188
0.136374
0.151817
0.163168
0.17009
0.174047
0.178326
0.186565
0.200248
0.217587
0.235047
0.249699
0.260558
0.268701
0.27662
0.287257
0.303034
0.325089
0.3529
0.384427
0.416671
0.44638
0.470694
0.48768
0.496766
0.499027
0.497221
0.495389
0.497984
0.508684
0.529373
0.559752
0.597601
0.639337
0.680586
0.716736
0.743536
0.757756
0.757826
0.744312
0.720065
0.689911
0.659893
0.636179
0.623911
0.626332
0.644476
0.677357
0.722291
0.775028
0.829774
0.87951
0.916912
0.935813
0.932737
0.907875
0.865067
0.810772
0.752435
0.696871
0.649173
0.612313
0.587241
0.573199
0.568005
0.568306
0.56992
0.568419
0.559938
0.541991
0.513974
0.477146
0.434095
0.387931
0.341546
0.297222
0.256606
0.220854
0.190648
0.166043
0.146335
0.130169
0.115882
0.101918
0.087161
0.071169
0.0542694
0.0374883
0.0222993
0.0102522
0.00259353
0
0
0.00282827
0.0111492
0.0241082
0.0403523
0.0585943
0.078
0.0980529
0.118007
0.136464
0.151526
0.161527
0.16608
0.166975
0.168202
0.174171
0.186624
0.203404
0.220508
0.234803
0.245311
0.253209
0.26116
0.272373
0.289594
0.314208
0.345706
0.381764
0.418869
0.453169
0.481299
0.50105
0.511875
0.515149
0.514099
0.51329
0.51764
0.531165
0.555921
0.591561
0.635538
0.68364
0.730614
0.770853
0.799202
0.811828
0.807043
0.785853
0.752051
0.711751
0.672389
0.641384
0.624724
0.625892
0.645517
0.681754
0.730924
0.787892
0.846219
0.898511
0.937342
0.956676
0.953338
0.927891
0.884508
0.829847
0.771375
0.715777
0.667926
0.630538
0.604313
0.588265
0.580075
0.576432
0.573453
0.567248
0.554613
0.533678
0.504266
0.467759
0.426511
0.383068
0.339548
0.297466
0.257962
0.222103
0.190917
0.165058
0.144374
0.127766
0.113518
0.0998766
0.0855585
0.0700223
0.0535398
0.0370958
0.0221358
0.0102082
0.00258928
0
0
0.00281004
0.0110072
0.0236826
0.0395262
0.0573717
0.0764969
0.0963825
0.116128
0.134103
0.148221
0.156801
0.159685
0.159144
0.159737
0.166071
0.17939
0.196806
0.21398
0.227839
0.237591
0.244593
0.251703
0.262391
0.27971
0.305295
0.338761
0.377809
0.418921
0.458279
0.492579
0.519643
0.538819
0.551131
0.559143
0.566497
0.577112
0.594227
0.619547
0.652794
0.691747
0.732647
0.770813
0.801361
0.819985
0.82375
0.81176
0.785575
0.749189
0.708519
0.670452
0.641622
0.627193
0.629941
0.649944
0.684915
0.73084
0.782495
0.833802
0.878281
0.909849
0.923918
0.918454
0.894507
0.855944
0.80843
0.758046
0.710066
0.668236
0.63458
0.609542
0.592218
0.580598
0.571877
0.56288
0.550617
0.532869
0.508646
0.478331
0.443409
0.405844
0.367378
0.32911
0.29158
0.255252
0.220971
0.189995
0.163551
0.142155
0.125174
0.111003
0.0977462
0.0839313
0.0688929
0.0528416
0.0367298
0.0219874
0.0101699
0.00258587
0
0
0.00279219
0.0108674
0.0232554
0.038659
0.0559699
0.0744952
0.0936625
0.112463
0.129202
0.141879
0.14911
0.151236
0.151096
0.153487
0.162434
0.178054
0.196806
0.214464
0.228353
0.237995
0.244902
0.251985
0.262746
0.280261
0.306189
0.340237
0.380354
0.423465
0.466313
0.506126
0.541023
0.570215
0.594026
0.613745
0.63131
0.648839
0.668072
0.689898
0.714075
0.739235
0.763139
0.783087
0.796407
0.800951
0.795569
0.78048
0.757454
0.72972
0.701531
0.677472
0.661653
0.656978
0.664678
0.684187
0.713339
0.74876
0.786293
0.821408
0.849682
0.867399
0.872194
0.863546
0.842862
0.813072
0.777847
0.740748
0.704615
0.671359
0.642048
0.617057
0.596108
0.578232
0.561823
0.544906
0.525606
0.502656
0.475751
0.445586
0.413509
0.380909
0.348597
0.316588
0.284458
0.252033
0.219929
0.18958
0.16271
0.140515
0.122953
0.108675
0.0957059
0.0823622
0.0678136
0.0521852
0.0363926
0.021854
0.0101367
0.00258321
0
0
0.00277523
0.010734
0.022841
0.0377821
0.0544422
0.0720793
0.0900295
0.107236
0.122116
0.13302
0.139144
0.141515
0.143423
0.149311
0.161876
0.180016
0.200098
0.218567
0.23344
0.244618
0.253639
0.263156
0.276213
0.295363
0.321879
0.355432
0.394372
0.436383
0.479142
0.520741
0.559839
0.595639
0.62779
0.656263
0.681228
0.702927
0.721549
0.737144
0.749601
0.758698
0.764201
0.765972
0.764065
0.758802
0.750836
0.741193
0.731259
0.72266
0.717041
0.715759
0.719633
0.728819
0.742836
0.760683
0.780937
0.801824
0.821305
0.837261
0.847792
0.851583
0.848188
0.838111
0.822616
0.803283
0.781471
0.757923
0.732765
0.705877
0.677367
0.647787
0.617969
0.58864
0.560096
0.532132
0.504248
0.475983
0.447232
0.418364
0.390031
0.362706
0.336206
0.309629
0.281866
0.252373
0.221687
0.191406
0.163651
0.140197
0.1216
0.106847
0.0939308
0.0809365
0.0668191
0.0515815
0.0360857
0.0217347
0.0101079
0.00258113
0
0
0.00275963
0.0106114
0.0224555
0.0369371
0.0528808
0.0694328
0.0858163
0.10099
0.113645
0.122698
0.128114
0.131601
0.136509
0.146219
0.161819
0.181517
0.202293
0.221697
0.238626
0.253367
0.267282
0.282332
0.300496
0.323184
0.350851
0.38297
0.418358
0.455664
0.493747
0.531827
0.569379
0.605908
0.64074
0.672929
0.701303
0.724631
0.741866
0.752395
0.756247
0.754199
0.747737
0.738873
0.729862
0.722879
0.71975
0.721746
0.729466
0.742758
0.76069
0.781601
0.803351
0.823763
0.841142
0.854634
0.864228
0.870439
0.873876
0.874958
0.873881
0.870767
0.865849
0.859562
0.852433
0.844685
0.835703
0.823787
0.806613
0.782251
0.750112
0.711243
0.667905
0.622816
0.578488
0.536818
0.498925
0.465131
0.435132
0.408295
0.383892
0.361044
0.338532
0.314856
0.28872
0.259657
0.228389
0.196732
0.167088
0.141638
0.121416
0.105729
0.0925539
0.0797253
0.0659398
0.051039
0.0358091
0.0216278
0.0100826
0.00257945
0
0
0.00274579
0.0105036
0.0221153
0.0361736
0.0514094
0.0668239
0.0815278
0.0945567
0.104987
0.112425
0.11761
0.122662
0.130394
0.142721
0.159499
0.179024
0.199403
0.219499
0.239151
0.25896
0.279888
0.302823
0.328222
0.355932
0.38526
0.415261
0.445133
0.474532
0.503671
0.533154
0.563606
0.595262
0.627655
0.659531
0.688998
0.713894
0.732265
0.742863
0.745527
0.741365
0.732654
0.722483
0.714221
0.710948
0.714976
0.727519
0.748505
0.776503
0.808786
0.841642
0.87103
0.89351
0.90715
0.912029
0.910064
0.904241
0.897598
0.892409
0.889828
0.890014
0.892557
0.896933
0.902614
0.908594
0.912623
0.910992
0.899487
0.875059
0.837129
0.78776
0.730852
0.670992
0.612554
0.559154
0.513243
0.475746
0.445943
0.421878
0.401087
0.381146
0.359906
0.335666
0.30749
0.275497
0.24093
0.205937
0.173115
0.144848
0.122433
0.105386
0.0916405
0.0787727
0.0651961
0.0505628
0.0355613
0.021531
0.0100595
0.00257797
0
0
0.00273406
0.0104139
0.0218359
0.0355427
0.0501669
0.0645679
0.0777718
0.088941
0.0975805
0.10394
0.109291
0.115654
0.124847
0.137497
0.153006
0.170385
0.189077
0.209236
0.231529
0.256714
0.285179
0.31661
0.34988
0.383219
0.414659
0.442601
0.466346
0.486344
0.504098
0.5217
0.541199
0.563976
0.590332
0.619365
0.649134
0.677072
0.700555
0.717527
0.727038
0.729575
0.727046
0.722439
0.719214
0.720609
0.729014
0.745522
0.769676
0.799403
0.831203
0.860664
0.883383
0.896124
0.897845
0.890145
0.876865
0.862928
0.852858
0.849578
0.853935
0.865047
0.881157
0.900434
0.921151
0.941056
0.956525
0.962584
0.954291
0.928713
0.88619
0.830196
0.766113
0.699811
0.636643
0.580912
0.535419
0.500915
0.475846
0.456875
0.440005
0.421621
0.399076
0.370969
0.337239
0.29906
0.258536
0.218304
0.181123
0.149385
0.124407
0.105727
0.0911807
0.0780899
0.0645951
0.0501527
0.0353389
0.0214412
0.0100374
0.00257646
0
0
0.00272466
0.010345
0.0216299
0.0350898
0.0492823
0.0629649
0.0751318
0.0851021
0.0927487
0.0987206
0.104344
0.111036
0.119589
0.129985
0.141932
0.155514
0.171467
0.190964
0.215169
0.24475
0.279501
0.318135
0.35831
0.396983
0.431061
0.458189
0.477417
0.489506
0.496765
0.502452
0.509957
0.522031
0.540248
0.56476
0.59432
0.626513
0.658243
0.6864
0.7086
0.723786
0.732491
0.736677
0.739185
0.742982
0.750409
0.762596
0.779146
0.798121
0.816343
0.830041
0.835805
0.831676
0.818013
0.797755
0.775846
0.757913
0.74864
0.7505
0.763382
0.785196
0.81295
0.843599
0.874198
0.90139
0.920893
0.927861
0.918309
0.890803
0.847283
0.792524
0.732704
0.673931
0.621314
0.578479
0.547126
0.526567
0.513724
0.503964
0.492408
0.475068
0.449539
0.415295
0.373591
0.326999
0.278736
0.23206
0.189882
0.154455
0.126886
0.106546
0.091101
0.0776569
0.0641303
0.0498028
0.0351362
0.0213546
0.0100147
0.00257471
0
0
0.00271774
0.010298
0.021505
0.0348459
0.0488467
0.062225
0.0739999
0.0836352
0.0911983
0.0973447
0.10296
0.108643
0.11452
0.120639
0.127567
0.136641
0.149656
0.168275
0.193571
0.225844
0.264497
0.307831
0.352989
0.396281
0.433896
0.462795
0.481475
0.490362
0.491719
0.489129
0.486738
0.48851
0.497619
0.515951
0.543675
0.579022
0.618529
0.657822
0.692697
0.720147
0.738989
0.749936
0.755126
0.757322
0.759034
0.761816
0.765886
0.770103
0.772311
0.769979
0.761027
0.744684
0.722087
0.696376
0.672103
0.654075
0.64601
0.649541
0.664005
0.686963
0.715025
0.744493
0.771606
0.792524
0.803409
0.801031
0.783831
0.752869
0.711963
0.666785
0.623407
0.586964
0.560836
0.546242
0.542076
0.54507
0.550434
0.552844
0.547471
0.530847
0.501489
0.460174
0.409693
0.354116
0.297819
0.2447
0.197787
0.159087
0.129331
0.107577
0.0912889
0.0774299
0.0637823
0.0495017
0.0349455
0.0212669
0.00998976
0.00257249
0
0
0.00271332
0.0102733
0.0214631
0.0348209
0.0488905
0.0624075
0.0744435
0.0845309
0.0926877
0.0992097
0.104293
0.10785
0.109824
0.110859
0.112755
0.118172
0.129553
0.148178
0.174282
0.207683
0.247864
0.29349
0.342017
0.389837
0.432929
0.467721
0.491859
0.504672
0.507267
0.502329
0.493721
0.486022
0.483969
0.491624
0.511233
0.542224
0.581112
0.62254
0.660896
0.691803
0.713025
0.724646
0.728586
0.72773
0.724963
0.722409
0.720996
0.720389
0.719251
0.715767
0.708296
0.696019
0.679384
0.660209
0.641336
0.625893
0.616422
0.614194
0.618956
0.629076
0.641915
0.654234
0.662578
0.66371
0.655179
0.63604
0.607497
0.573125
0.538329
0.509086
0.490392
0.484992
0.492852
0.511408
0.536338
0.562412
0.584186
0.596572
0.595418
0.578161
0.54443
0.496297
0.437928
0.374642
0.311741
0.253596
0.203247
0.162376
0.131255
0.108572
0.0916246
0.0773521
0.0635227
0.0492335
0.0347576
0.0211735
0.00996111
0.00256958
0
0
0.0027113
0.0102697
0.0214995
0.0350012
0.049376
0.0634075
0.0761965
0.0872186
0.0962225
0.102968
0.107025
0.107967
0.106017
0.102795
0.101543
0.106047
0.118492
0.138715
0.165792
0.199429
0.239824
0.286704
0.338539
0.392436
0.444604
0.491044
0.5282
0.55348
0.565669
0.565239
0.554526
0.537673
0.520229
0.508213
0.506548
0.51723
0.538373
0.565067
0.591497
0.61303
0.627413
0.634934
0.637782
0.639
0.641474
0.647204
0.656941
0.670156
0.685276
0.700127
0.712447
0.720359
0.722734
0.719412
0.711231
0.699771
0.68685
0.673925
0.661641
0.649717
0.637131
0.622466
0.6043
0.581603
0.554225
0.523384
0.491919
0.463959
0.443919
0.435225
0.439481
0.456358
0.483833
0.518451
0.555651
0.590255
0.617005
0.631109
0.628836
0.6082
0.569558
0.515797
0.451882
0.383789
0.31724
0.256731
0.205133
0.163736
0.132356
0.109362
0.092008
0.0773643
0.0633171
0.0489784
0.0345618
0.0210696
0.00992721
0.0025658
0
0
0.0027115
0.0102846
0.0216028
0.0353512
0.0502074
0.0649962
0.0787842
0.090865
0.100604
0.107259
0.110044
0.108642
0.104029
0.0991486
0.0985161
0.105844
0.121561
0.14389
0.171594
0.205015
0.245474
0.294052
0.350568
0.413207
0.478675
0.542584
0.599904
0.645559
0.67524
0.686371
0.678908
0.655671
0.622002
0.584794
0.551011
0.52591
0.511486
0.506172
0.506307
0.508495
0.511293
0.515452
0.522979
0.535853
0.555168
0.580956
0.612384
0.64801
0.685952
0.724041
0.759919
0.79113
0.815294
0.830477
0.835651
0.830959
0.817544
0.796988
0.770705
0.73965
0.704501
0.666146
0.626108
0.586667
0.550668
0.521085
0.500368
0.489707
0.488656
0.495622
0.508933
0.527543
0.550762
0.577362
0.604861
0.629489
0.646743
0.652173
0.642247
0.615155
0.571425
0.514058
0.448007
0.37911
0.31284
0.253365
0.203161
0.163091
0.132598
0.109894
0.092375
0.0774124
0.0631291
0.0487149
0.034347
0.0209503
0.00988667
0.00256098
0
0
0.00271361
0.0103146
0.0217568
0.0358195
0.0512537
0.0668911
0.0816912
0.0946878
0.104869
0.111165
0.112803
0.11008
0.105269
0.102789
0.107255
0.120086
0.139289
0.162636
0.18974
0.222132
0.262374
0.312843
0.374684
0.447221
0.527778
0.611683
0.692481
0.762587
0.814507
0.842437
0.843723
0.819613
0.775008
0.71732
0.654863
0.595203
0.543843
0.503587
0.474975
0.457617
0.451416
0.456639
0.473032
0.499244
0.533221
0.573003
0.617128
0.664501
0.714026
0.764268
0.8132
0.858124
0.895903
0.923572
0.939113
0.94196
0.932918
0.913577
0.885613
0.85047
0.809599
0.765035
0.719789
0.677712
0.642752
0.617932
0.60447
0.601441
0.606198
0.615385
0.626081
0.636526
0.646107
0.654695
0.661761
0.665764
0.664117
0.653706
0.631737
0.596656
0.548838
0.490771
0.426629
0.361329
0.299449
0.244397
0.198072
0.160932
0.132219
0.110226
0.0926989
0.0774516
0.0629227
0.0484212
0.0341021
0.0208114
0.00983834
0.002555
0
0
0.00271727
0.0103554
0.0219421
0.036347
0.0523746
0.0688201
0.0844819
0.0981204
0.10844
0.114294
0.115324
0.112986
0.111298
0.115598
0.12856
0.148159
0.170748
0.194415
0.219898
0.250016
0.288562
0.339083
0.403882
0.483365
0.575597
0.675947
0.777038
0.869372
0.942836
0.988821
1.00229
0.982995
0.935456
0.86773
0.789546
0.710431
0.638311
0.578811
0.535292
0.509372
0.50133
0.510006
0.532668
0.565581
0.605097
0.648458
0.693909
0.740335
0.786794
0.832122
0.874693
0.912412
0.943024
0.964702
0.976657
0.979376
0.97431
0.963169
0.947282
0.927443
0.904318
0.879042
0.85348
0.82988
0.810133
0.795132
0.784605
0.777384
0.771811
0.766105
0.758701
0.748579
0.73545
0.719623
0.701554
0.68126
0.65795
0.630092
0.595935
0.554285
0.50518
0.450178
0.392114
0.334427
0.280351
0.232281
0.191494
0.158184
0.131643
0.110488
0.0929803
0.0774463
0.062665
0.0480764
0.0338168
0.020649
0.00978136
0.0025478
0
0
0.00272206
0.0104022
0.0221378
0.0368742
0.0534413
0.0705612
0.0868512
0.100841
0.111095
0.116656
0.117981
0.118145
0.122888
0.137118
0.160345
0.187819
0.215033
0.240254
0.264844
0.292456
0.327755
0.375141
0.437811
0.517161
0.612211
0.718984
0.830171
0.935605
1.02385
1.0846
1.11116
1.1021
1.06147
0.997619
0.921198
0.842982
0.772229
0.71577
0.67783
0.660291
0.662945
0.683547
0.717977
0.760945
0.807049
0.851701
0.891589
0.924691
0.950034
0.96734
0.976728
0.978605
0.973815
0.963924
0.951381
0.939272
0.930636
0.927611
0.930874
0.939715
0.952618
0.967903
0.983978
0.999129
1.0112
1.01756
1.01558
1.00332
0.980134
0.946856
0.905521
0.858813
0.809495
0.759954
0.7119
0.666169
0.622645
0.580384
0.537981
0.494138
0.448198
0.400453
0.352087
0.30482
0.260437
0.220372
0.185467
0.155919
0.131332
0.110825
0.093231
0.0773686
0.0623276
0.0476624
0.0334828
0.0204604
0.00971522
0.00253934
0
0
0.00272751
0.0104501
0.0223239
0.0373475
0.0543486
0.0719563
0.0886229
0.102726
0.112853
0.118479
0.121181
0.125816
0.13917
0.164515
0.198546
0.234948
0.268672
0.297807
0.323756
0.350378
0.382589
0.425004
0.481079
0.552716
0.639854
0.73979
0.846586
0.95122
1.04292
1.1115
1.14992
1.15611
1.13347
1.08986
1.03559
0.98122
0.935747
0.905631
0.894544
0.903565
0.931371
0.974308
1.02662
1.08117
1.13064
1.16876
1.1912
1.19585
1.18268
1.15335
1.11068
1.05843
1.00115
0.944206
0.893579
0.855259
0.834303
0.833774
0.854064
0.892907
0.945984
1.00771
1.07185
1.13185
1.18121
1.21383
1.22482
1.21122
1.1728
1.11226
1.03488
0.947519
0.857322
0.770438
0.691177
0.621685
0.562133
0.511227
0.466861
0.426748
0.388922
0.352053
0.31556
0.279563
0.244695
0.211824
0.181756
0.154999
0.131642
0.111348
0.0934598
0.0771964
0.0618876
0.0471649
0.033094
0.0202441
0.00963982
0.00252966
0
0
0.00273316
0.0104947
0.0224822
0.0377227
0.0550193
0.0729094
0.0897244
0.10379
0.113865
0.120027
0.125085
0.135377
0.157777
0.193622
0.237827
0.283282
0.32447
0.359059
0.388151
0.41547
0.445863
0.483761
0.532235
0.592803
0.665496
0.748644
0.838398
0.928536
1.01116
1.0784
1.12448
1.14748
1.14989
1.13794
1.11991
1.10429
1.0982
1.10648
1.13137
1.1725
1.22695
1.28941
1.35266
1.4086
1.4495
1.4693
1.46449
1.43432
1.38055
1.30688
1.21842
1.12126
1.02225
0.928783
0.848433
0.788353
0.754522
0.750878
0.778418
0.834568
0.913262
1.00581
1.10213
1.19191
1.26557
1.31495
1.33405
1.31959
1.27163
1.19378
1.09287
0.977977
0.859003
0.745067
0.64319
0.557497
0.489089
0.436508
0.396607
0.365496
0.339349
0.314971
0.29018
0.26398
0.236476
0.208538
0.181328
0.155862
0.132747
0.112109
0.0936666
0.0769131
0.0613294
0.046575
0.0326471
0.0199998
0.00955551
0.00251884
0
0
0.00273856
0.0105317
0.0225981
0.0379671
0.0554042
0.0733746
0.0901532
0.104118
0.114313
0.12148
0.129496
0.145519
0.175774
0.220082
0.272505
0.32557
0.373338
0.412966
0.445111
0.473261
0.502222
0.536374
0.578443
0.629201
0.687865
0.752606
0.820793
0.889011
0.953242
1.00949
1.0548
1.08831
1.1117
1.12896
1.14546
1.16675
1.19741
1.2401
1.29502
1.3597
1.4292
1.49672
1.55463
1.59565
1.61406
1.60657
1.57261
1.51418
1.43517
1.34085
1.23734
1.13129
1.02954
0.938624
0.86414
0.810224
0.779645
0.774423
0.79603
0.84432
0.915777
1.00285
1.09507
1.18107
1.25039
1.29466
1.30818
1.28819
1.23508
1.1524
1.04664
0.926532
0.801895
0.682314
0.575814
0.487868
0.420816
0.373765
0.343069
0.323427
0.309253
0.295823
0.27995
0.260211
0.236777
0.210913
0.184319
0.15855
0.13466
0.113107
0.0938434
0.0765083
0.060645
0.0458896
0.0321428
0.019729
0.00946311
0.00250703
0
0
0.00274331
0.0105577
0.0226605
0.0380594
0.0554781
0.0733431
0.0899467
0.103815
0.114346
0.122885
0.133976
0.154814
0.190637
0.240355
0.297827
0.355522
0.407224
0.449626
0.482919
0.510305
0.5366
0.56641
0.60261
0.64569
0.694074
0.745009
0.795538
0.843223
0.88652
0.924854
0.958581
0.988942
1.01806
1.04886
1.08473
1.12888
1.18338
1.24813
1.32032
1.39452
1.4635
1.51954
1.55586
1.56793
1.55416
1.51602
1.45748
1.38401
1.30177
1.21691
1.13541
1.06268
1.00303
0.958733
0.929583
0.91343
0.907771
0.911429
0.925189
0.950806
0.988794
1.03647
1.08764
1.13415
1.16792
1.18257
1.17409
1.1409
1.08367
1.00522
0.910298
0.805259
0.697487
0.594565
0.503343
0.429029
0.374356
0.338951
0.319286
0.309686
0.304003
0.297075
0.285532
0.268045
0.245118
0.2185
0.190417
0.162884
0.137294
0.114308
0.0939776
0.0759783
0.0598355
0.0451123
0.0315853
0.0194349
0.00936391
0.00249443
0
0
0.00274703
0.0105702
0.0226625
0.0379894
0.055236
0.0728306
0.0891576
0.102971
0.114048
0.124177
0.138058
0.16225
0.200906
0.252517
0.311176
0.3696
0.421559
0.463479
0.495149
0.519414
0.540977
0.56469
0.593918
0.629535
0.669885
0.711576
0.750721
0.78418
0.810448
0.830007
0.845148
0.859455
0.877207
0.9028
0.940073
0.991364
1.05642
1.13165
1.21025
1.2833
1.34144
1.37673
1.38427
1.36322
1.31692
1.25207
1.17723
1.10123
1.03204
0.976199
0.938687
0.922247
0.926351
0.946693
0.976226
1.00744
1.03458
1.0549
1.06861
1.07774
1.08442
1.08937
1.09126
1.08716
1.07382
1.04866
1.01045
0.959266
0.896444
0.82431
0.745977
0.665135
0.585864
0.512422
0.448874
0.398486
0.362924
0.341548
0.331291
0.327389
0.324624
0.318508
0.306124
0.286525
0.260623
0.230613
0.199148
0.16858
0.140504
0.115649
0.0940521
0.0753257
0.0589104
0.0442537
0.0309829
0.019122
0.00925963
0.00248127
0
0
0.00274944
0.0105674
0.0226009
0.0377564
0.0546881
0.0718679
0.0878386
0.101642
0.113423
0.125216
0.141416
0.167476
0.206449
0.25667
0.312752
0.36798
0.416467
0.454684
0.48219
0.501417
0.516687
0.532757
0.553334
0.57996
0.611601
0.645084
0.676156
0.700796
0.716363
0.722355
0.720718
0.715829
0.714159
0.723346
0.750289
0.798467
0.865923
0.945259
1.02547
1.09446
1.14139
1.15874
1.14367
1.09861
1.03086
0.950991
0.870788
0.801194
0.751067
0.726782
0.731818
0.765653
0.822854
0.893881
0.967528
1.03364
1.08508
1.11854
1.13426
1.13482
1.12365
1.10376
1.07698
1.04398
1.00458
0.958254
0.904627
0.844082
0.778213
0.709871
0.642604
0.579766
0.523866
0.476475
0.438504
0.410342
0.391661
0.381061
0.375936
0.372746
0.367627
0.3572
0.339361
0.31377
0.281839
0.246185
0.209788
0.175195
0.144052
0.11703
0.0940393
0.074557
0.0578871
0.0433305
0.0303473
0.0187966
0.00915239
0.00246783
0
0
0.00275032
0.0105486
0.0224765
0.0373686
0.0538574
0.0704956
0.0860359
0.0998448
0.112405
0.125825
0.143889
0.170723
0.208264
0.254749
0.305429
0.354412
0.396513
0.428628
0.450362
0.463813
0.472706
0.481215
0.492807
0.509336
0.530574
0.554302
0.576975
0.594715
0.604328
0.604118
0.594513
0.578656
0.562964
0.557013
0.571257
0.612043
0.677298
0.757073
0.837574
0.904992
0.948085
0.959906
0.938889
0.889103
0.819452
0.7419
0.669163
0.612583
0.580855
0.579515
0.610265
0.66997
0.750605
0.840864
0.92864
1.00341
1.058
1.08943
1.09879
1.09014
1.06909
1.04127
1.0111
0.980866
0.950318
0.916949
0.877282
0.828763
0.771441
0.708527
0.645491
0.588126
0.540582
0.504418
0.478955
0.462306
0.452169
0.446062
0.441271
0.434843
0.423844
0.405872
0.379697
0.345709
0.305894
0.263288
0.221119
0.182018
0.14757
0.118288
0.0938932
0.0736787
0.0567889
0.0423653
0.0296938
0.0184663
0.00904462
0.00245443
0
0
0.00274953
0.0105138
0.0222931
0.036841
0.0527773
0.0687624
0.0837922
0.0975724
0.110885
0.125804
0.145393
0.172468
0.207889
0.249704
0.293734
0.334989
0.369213
0.394037
0.409451
0.417497
0.421412
0.424606
0.429781
0.438376
0.450366
0.464375
0.478089
0.488852
0.494266
0.492704
0.483767
0.468926
0.452462
0.442245
0.448703
0.480116
0.536727
0.609968
0.686753
0.753843
0.800498
0.820074
0.810977
0.776803
0.725545
0.667926
0.615326
0.577894
0.563223
0.575485
0.614674
0.676289
0.752022
0.831377
0.903673
0.959959
0.994528
1.00576
0.996192
0.971801
0.940749
0.911561
0.890848
0.881024
0.879161
0.878079
0.869352
0.846708
0.808352
0.757479
0.700986
0.646922
0.601687
0.568233
0.54602
0.532346
0.523822
0.517174
0.509395
0.497704
0.479647
0.453468
0.41862
0.376122
0.328481
0.279099
0.231405
0.188061
0.150549
0.119204
0.0935464
0.0726946
0.0556429
0.0413848
0.0290401
0.0181397
0.00893902
0.0024414
0
0
0.00274701
0.0104639
0.0220575
0.036195
0.0514905
0.0667275
0.0811568
0.0948158
0.108747
0.124949
0.14582
0.17307
0.206624
0.244256
0.282152
0.316074
0.34265
0.360336
0.369739
0.37322
0.374028
0.375291
0.379202
0.386564
0.396777
0.408189
0.418691
0.42633
0.429773
0.428499
0.422807
0.413876
0.404172
0.398083
0.401995
0.422446
0.462369
0.518517
0.58254
0.644128
0.693866
0.725209
0.735641
0.726982
0.704796
0.677065
0.652507
0.638954
0.641992
0.66393
0.703274
0.754984
0.811511
0.864299
0.905366
0.928671
0.931116
0.91307
0.878485
0.834622
0.791295
0.759121
0.746273
0.7546
0.778094
0.80548
0.824935
0.828039
0.811843
0.779035
0.736474
0.69253
0.654167
0.624972
0.604938
0.591702
0.582065
0.57288
0.561285
0.54469
0.520893
0.488441
0.447135
0.398356
0.344939
0.290543
0.238742
0.19223
0.152421
0.119523
0.0929186
0.0716063
0.0544786
0.0404185
0.0284058
0.017826
0.00883839
0.00242906
0
0
0.00274279
0.0104006
0.0217789
0.0354575
0.050049
0.0644639
0.0782005
0.0916001
0.105928
0.123109
0.145023
0.172573
0.204999
0.239816
0.273387
0.301942
0.322711
0.334756
0.339227
0.338989
0.337827
0.339483
0.346686
0.360348
0.379294
0.400691
0.421022
0.437126
0.446978
0.450047
0.447226
0.440478
0.432441
0.42624
0.425445
0.433793
0.454151
0.486925
0.529092
0.574831
0.61738
0.651097
0.672962
0.683197
0.685006
0.683611
0.684927
0.694146
0.714452
0.746119
0.786281
0.82949
0.868884
0.897628
0.910269
0.90372
0.877722
0.834844
0.78026
0.721522
0.668241
0.630921
0.617839
0.630636
0.662535
0.701516
0.735393
0.755446
0.758046
0.744686
0.720658
0.69272
0.66661
0.645435
0.629548
0.6175
0.607139
0.596194
0.582392
0.563449
0.537265
0.502398
0.45865
0.407446
0.351709
0.295202
0.241589
0.193611
0.152693
0.119019
0.0919368
0.0704174
0.053327
0.0394976
0.0278113
0.0175348
0.00874556
0.00241775
0
0
0.00273695
0.0103258
0.0214683
0.0346592
0.0485137
0.0620635
0.075031
0.0880203
0.102478
0.120274
0.14293
0.170833
0.202821
0.236262
0.267623
0.29338
0.311042
0.319918
0.321358
0.318491
0.315658
0.31766
0.328629
0.350553
0.382262
0.419803
0.457875
0.491359
0.516416
0.531065
0.535315
0.530926
0.520927
0.509012
0.498933
0.493979
0.496497
0.507418
0.525843
0.549062
0.573278
0.594876
0.611649
0.623507
0.632459
0.641989
0.656046
0.677873
0.708895
0.748
0.791451
0.833488
0.867433
0.887061
0.887924
0.868304
0.829543
0.775748
0.71311
0.649219
0.592496
0.551356
0.532246
0.5367
0.559892
0.592645
0.625163
0.649923
0.663082
0.664609
0.657357
0.645399
0.632314
0.620186
0.609566
0.600026
0.590672
0.580306
0.567336
0.549751
0.525402
0.492623
0.450956
0.401614
0.3474
0.292037
0.239212
0.19173
0.151091
0.117561
0.0905642
0.0691426
0.052222
0.0386539
0.027277
0.0172754
0.00866328
0.0024078
0
0
0.00272966
0.0102424
0.0211379
0.0338345
0.0469538
0.0596387
0.0718044
0.0842689
0.0986178
0.116676
0.139724
0.167854
0.199721
0.232695
0.26337
0.288381
0.305341
0.313553
0.314256
0.310427
0.306418
0.307535
0.31913
0.344728
0.384154
0.43344
0.486451
0.536774
0.579026
0.609576
0.626845
0.631285
0.625104
0.611776
0.59537
0.579773
0.56795
0.561411
0.560038
0.562326
0.566027
0.569031
0.57019
0.569805
0.569655
0.572608
0.581924
0.600348
0.629119
0.667229
0.711215
0.755576
0.793696
0.819087
0.826732
0.814212
0.782282
0.734727
0.6776
0.618143
0.563721
0.520819
0.493953
0.484532
0.490338
0.506324
0.526403
0.545217
0.559259
0.567227
0.569631
0.567947
0.563745
0.558188
0.551977
0.545477
0.53875
0.531369
0.522172
0.50922
0.490169
0.463011
0.426921
0.382796
0.333196
0.281694
0.231918
0.186705
0.147655
0.11517
0.0888266
0.0678178
0.0512022
0.0379191
0.0268227
0.0170566
0.00859409
0.00239947
0
0
0.00272114
0.0101531
0.0208008
0.0330192
0.0454444
0.0573208
0.0687245
0.080641
0.0947514
0.112829
0.135974
0.164095
0.195797
0.228554
0.259151
0.284393
0.301964
0.311103
0.312839
0.30979
0.305804
0.305712
0.314887
0.337856
0.376189
0.427478
0.486354
0.54634
0.601352
0.646595
0.679028
0.697534
0.702842
0.697242
0.684073
0.66703
0.649389
0.633337
0.619622
0.607667
0.596108
0.583574
0.569385
0.553973
0.538918
0.526726
0.520455
0.523175
0.537193
0.563136
0.599264
0.641407
0.683588
0.719124
0.741964
0.747953
0.735718
0.706899
0.665693
0.617889
0.569698
0.526675
0.492877
0.470349
0.459015
0.456999
0.461307
0.468663
0.476238
0.48212
0.485407
0.486025
0.484428
0.481342
0.477587
0.473905
0.470704
0.467716
0.463746
0.456692
0.443993
0.423425
0.393951
0.35624
0.312604
0.266377
0.22101
0.179263
0.142767
0.112042
0.0868309
0.0665089
0.0503136
0.0373248
0.0264666
0.0168864
0.0085402
0.00239301
0
0
0.00271165
0.0100611
0.0204701
0.0322495
0.0440628
0.0552515
0.0660269
0.0775021
0.0914146
0.109465
0.132578
0.16051
0.191856
0.224242
0.254691
0.280227
0.298638
0.309126
0.312558
0.311235
0.308436
0.308055
0.314408
0.331685
0.362618
0.407072
0.461848
0.521778
0.581143
0.634774
0.678752
0.710763
0.73019
0.73797
0.736247
0.727839
0.715589
0.701712
0.687345
0.67244
0.656085
0.637125
0.614871
0.589606
0.562752
0.536711
0.514531
0.499528
0.4948
0.502516
0.523041
0.554334
0.592032
0.630255
0.662792
0.684329
0.691456
0.68321
0.66108
0.628494
0.589993
0.550324
0.513645
0.482965
0.45985
0.444396
0.435461
0.431111
0.429191
0.427873
0.42601
0.423248
0.419908
0.416729
0.414527
0.413846
0.41463
0.416014
0.416301
0.413183
0.404223
0.387507
0.362275
0.329268
0.290629
0.24935
0.208514
0.170599
0.137101
0.108542
0.0847667
0.0653156
0.0496116
0.0369024
0.0262249
0.0167716
0.00850341
0.00238862
0
0
0.00270151
0.0099694
0.0201585
0.0315594
0.0428825
0.0535676
0.0639421
0.0752126
0.0891347
0.107307
0.130461
0.158193
0.189072
0.220877
0.250897
0.276415
0.295363
0.306925
0.311829
0.312165
0.310861
0.311128
0.316144
0.328922
0.351928
0.386267
0.430948
0.482901
0.537751
0.590862
0.638215
0.676986
0.705781
0.724615
0.734677
0.737938
0.736647
0.732763
0.727447
0.720762
0.711729
0.698781
0.680503
0.656374
0.627249
0.59539
0.564104
0.537152
0.518107
0.509735
0.513385
0.528531
0.552698
0.581858
0.611175
0.635857
0.651943
0.656899
0.649949
0.63207
0.605679
0.5741
0.540919
0.509364
0.481799
0.459418
0.442207
0.429213
0.419058
0.410517
0.402954
0.396461
0.391686
0.389422
0.390091
0.39333
0.397863
0.401692
0.402503
0.398125
0.386911
0.368036
0.341691
0.309112
0.272401
0.234111
0.196718
0.162147
0.131511
0.10515
0.082891
0.0643679
0.0491592
0.0366821
0.0261114
0.0167171
0.00848504
0.00238643
0
0
0.00269104
0.00988119
0.0198774
0.0309785
0.0419649
0.0523801
0.0626473
0.0740253
0.0882417
0.106763
0.130125
0.157756
0.188191
0.219346
0.248784
0.274081
0.293338
0.305707
0.311726
0.31326
0.31306
0.314116
0.319092
0.330093
0.348646
0.375584
0.410678
0.452304
0.497561
0.542879
0.584819
0.620741
0.649177
0.669901
0.683784
0.692497
0.698112
0.702601
0.70729
0.712375
0.716726
0.718155
0.714149
0.70284
0.683816
0.65847
0.629748
0.601444
0.577315
0.560295
0.552
0.552577
0.560879
0.574798
0.591631
0.608409
0.622206
0.630482
0.63144
0.62433
0.609584
0.588715
0.563983
0.537904
0.512727
0.490021
0.470489
0.454069
0.440297
0.428774
0.419517
0.413031
0.410043
0.410983
0.415445
0.421909
0.427894
0.430504
0.427131
0.416045
0.396713
0.369777
0.336802
0.2999
0.261361
0.223337
0.187579
0.155252
0.126867
0.102392
0.0814954
0.063813
0.0490236
0.0366914
0.0261361
0.0167262
0.00848583
0.00238651
0
0
0.00268059
0.00979925
0.0196364
0.0305294
0.0413527
0.0517545
0.0622215
0.0740035
0.0887364
0.10773
0.131345
0.158885
0.18887
0.219359
0.248203
0.273301
0.292953
0.306277
0.313548
0.31629
0.317033
0.318738
0.324098
0.335009
0.352424
0.376477
0.406526
0.441066
0.477728
0.513608
0.545862
0.572319
0.591891
0.604705
0.611984
0.615789
0.618628
0.622969
0.630642
0.642246
0.656782
0.671769
0.683917
0.69015
0.6886
0.679193
0.663621
0.644765
0.625817
0.609477
0.597464
0.590448
0.588265
0.590199
0.595179
0.601868
0.60871
0.614031
0.616242
0.614105
0.607011
0.595143
0.579441
0.561365
0.542536
0.52438
0.507889
0.493584
0.481676
0.472321
0.465827
0.462643
0.463123
0.467097
0.473489
0.480165
0.484177
0.482367
0.472153
0.452222
0.422875
0.38591
0.344102
0.300495
0.257783
0.217948
0.18216
0.15085
0.123876
0.100739
0.0808596
0.0637955
0.0492677
0.0369526
0.0263052
0.0168002
0.00850592
0.00238886
0
0
0.0026705
0.00972611
0.0194429
0.0302259
0.0410636
0.0516987
0.06263
0.0750128
0.0903142
0.109667
0.133305
0.160475
0.189742
0.219349
0.247464
0.27235
0.29256
0.307227
0.316366
0.321082
0.323516
0.326454
0.332658
0.344168
0.361926
0.385777
0.414634
0.446578
0.479007
0.508964
0.533684
0.551165
0.560582
0.562457
0.558558
0.551607
0.544821
0.541349
0.543623
0.552759
0.568207
0.58783
0.608461
0.626752
0.640039
0.646946
0.64756
0.643166
0.635708
0.627201
0.619322
0.613226
0.609525
0.608312
0.609183
0.611329
0.613722
0.61533
0.615276
0.612904
0.607834
0.600026
0.589825
0.577941
0.565323
0.552972
0.541765
0.532342
0.525114
0.520329
0.518158
0.518679
0.521744
0.526744
0.53237
0.536504
0.53639
0.529121
0.512368
0.485103
0.448014
0.403428
0.35474
0.30557
0.25897
0.216949
0.180394
0.149268
0.12294
0.100524
0.081202
0.0644324
0.0499401
0.037479
0.0266197
0.016938
0.00854481
0.00239341
0
0
0.00266111
0.00966388
0.0193015
0.0300722
0.0410889
0.0521653
0.0637445
0.0767946
0.092538
0.111914
0.135072
0.161277
0.189214
0.217363
0.244252
0.268556
0.289161
0.305316
0.316871
0.324539
0.329969
0.335527
0.343747
0.356677
0.375394
0.399846
0.428909
0.460523
0.491937
0.52011
0.542246
0.55632
0.561479
0.558239
0.548428
0.534896
0.521012
0.510027
0.504437
0.505524
0.513213
0.526259
0.542668
0.560176
0.576676
0.590548
0.600875
0.607505
0.610965
0.612278
0.612726
0.613573
0.615739
0.619484
0.624248
0.628825
0.631844
0.632291
0.629806
0.624627
0.61732
0.608516
0.598793
0.588697
0.578794
0.569689
0.561967
0.556104
0.552399
0.550935
0.551592
0.554048
0.557753
0.561853
0.565074
0.565641
0.561332
0.549791
0.529081
0.498342
0.458252
0.411062
0.360127
0.309105
0.261134
0.218276
0.181376
0.150261
0.124113
0.101884
0.0826402
0.0657907
0.051065
0.0382719
0.0270748
0.0171363
0.00860136
0.00240002
0
0
0.00265274
0.00961419
0.0192141
0.0300624
0.0413965
0.0530657
0.0653899
0.0790742
0.0950411
0.114021
0.136104
0.160628
0.186448
0.212326
0.237183
0.260148
0.280516
0.297761
0.311705
0.322758
0.332074
0.341447
0.352916
0.368228
0.388389
0.413436
0.442405
0.473477
0.504262
0.53221
0.555022
0.571019
0.579408
0.580444
0.57542
0.566452
0.556024
0.54641
0.539167
0.534927
0.533559
0.534583
0.53755
0.542172
0.548193
0.555225
0.562735
0.570207
0.577362
0.584327
0.591648
0.600099
0.610248
0.621947
0.634054
0.644634
0.651626
0.653622
0.650328
0.642524
0.631611
0.619077
0.606131
0.593619
0.582123
0.572093
0.563914
0.557883
0.554145
0.552624
0.552998
0.5547
0.556956
0.558806
0.559107
0.556491
0.54936
0.536001
0.514915
0.485313
0.44757
0.403397
0.355564
0.307275
0.261421
0.220016
0.183982
0.153267
0.127178
0.104764
0.0851751
0.067874
0.0526345
0.0393178
0.0276593
0.0173893
0.00867386
0.0024085
0
0
0.00264567
0.00957819
0.0191798
0.0301824
0.0419369
0.0542903
0.0673903
0.0816412
0.0976489
0.115932
0.136532
0.158873
0.181996
0.204949
0.227041
0.247857
0.26713
0.284635
0.300261
0.314215
0.327216
0.340485
0.355474
0.373451
0.3951
0.4203
0.448126
0.477086
0.505508
0.531899
0.555156
0.574607
0.58998
0.6014
0.6094
0.614853
0.618716
0.621619
0.623518
0.623668
0.621027
0.614925
0.60563
0.594431
0.583197
0.573696
0.567116
0.563974
0.564321
0.568049
0.57512
0.585585
0.599307
0.615504
0.632439
0.647594
0.658338
0.662776
0.660322
0.651738
0.638688
0.623102
0.606669
0.590609
0.575702
0.562426
0.551086
0.541867
0.534839
0.52991
0.526793
0.524977
0.523741
0.522208
0.519408
0.51432
0.505872
0.492937
0.474429
0.449585
0.418338
0.381591
0.341184
0.2995
0.258899
0.221198
0.187399
0.157714
0.131778
0.10897
0.0887017
0.0706207
0.0546071
0.0405878
0.028356
0.0176892
0.00876002
0.00241858
0
0
0.00264016
0.00955653
0.0191954
0.0304118
0.0426515
0.0557274
0.0695966
0.0843748
0.100385
0.117964
0.13711
0.157326
0.17781
0.197839
0.217035
0.235359
0.252919
0.269769
0.285903
0.301433
0.316793
0.332792
0.350413
0.370449
0.393133
0.417946
0.443725
0.46908
0.492944
0.514973
0.53558
0.555603
0.575836
0.596707
0.618252
0.640253
0.662272
0.683472
0.702344
0.71669
0.724059
0.722592
0.711856
0.693207
0.669468
0.644098
0.620297
0.600435
0.585911
0.577325
0.574766
0.578016
0.586503
0.599059
0.613718
0.627859
0.638751
0.644298
0.643571
0.636914
0.625602
0.611303
0.595582
0.579623
0.564167
0.549592
0.53605
0.523584
0.51222
0.502007
0.492986
0.485119
0.478187
0.471732
0.465093
0.45751
0.448228
0.436504
0.421587
0.402763
0.379572
0.3521
0.321138
0.288072
0.254523
0.221947
0.191347
0.163198
0.137551
0.114227
0.0930374
0.0739146
0.0569105
0.0420387
0.0291417
0.0180263
0.00885711
0.00242996
0
0
0.00263641
0.00954937
0.0192559
0.0307269
0.0434796
0.0572746
0.071893
0.0872213
0.103383
0.120604
0.138871
0.157743
0.176507
0.19455
0.21164
0.227924
0.243699
0.259185
0.274494
0.289805
0.305559
0.322487
0.341381
0.362705
0.386231
0.410892
0.435008
0.456875
0.475513
0.491214
0.505576
0.520931
0.539437
0.562338
0.589794
0.621189
0.655465
0.691147
0.726083
0.757296
0.781257
0.794669
0.795438
0.783401
0.760433
0.729943
0.695991
0.662417
0.632258
0.607528
0.589308
0.57792
0.573041
0.573704
0.578303
0.584774
0.590994
0.595256
0.596607
0.594901
0.590577
0.584319
0.576757
0.568282
0.559006
0.548798
0.537395
0.524539
0.510151
0.494459
0.478045
0.461739
0.446371
0.43246
0.420027
0.408624
0.397564
0.386145
0.373715
0.359611
0.343165
0.323877
0.301649
0.276891
0.250411
0.223157
0.195982
0.169518
0.144178
0.12024
0.0979544
0.0776012
0.0594487
0.043616
0.0299892
0.0183894
0.00896207
0.00244231
0
0
0.00263459
0.0095565
0.0193552
0.0311028
0.0443648
0.0588444
0.0741888
0.0901467
0.106758
0.124236
0.142602
0.161443
0.180027
0.197678
0.214077
0.229295
0.243602
0.257264
0.27056
0.28397
0.298322
0.314691
0.334025
0.356681
0.382051
0.408487
0.433593
0.45491
0.470826
0.481346
0.488325
0.494921
0.504477
0.519405
0.540743
0.56844
0.601851
0.639916
0.680937
0.722269
0.76032
0.791024
0.810678
0.816834
0.808905
0.788277
0.757905
0.721597
0.683244
0.646234
0.613119
0.585517
0.564147
0.548949
0.539281
0.534197
0.532734
0.53412
0.537824
0.543431
0.550441
0.558125
0.565528
0.571572
0.575173
0.575308
0.571062
0.561724
0.546964
0.52705
0.502994
0.47652
0.449774
0.424808
0.403001
0.384718
0.36942
0.356127
0.343848
0.331726
0.318956
0.304754
0.288484
0.269829
0.248858
0.225951
0.201659
0.176596
0.151398
0.126714
0.103205
0.0815042
0.0621111
0.0452575
0.0308679
0.0187663
0.0090716
0.00245527
0
0
0.00263479
0.00957735
0.0194868
0.0315167
0.0452584
0.060365
0.0764062
0.0930932
0.110498
0.128911
0.148414
0.168568
0.188492
0.20725
0.224206
0.239153
0.252201
0.26367
0.274134
0.284614
0.296627
0.311912
0.331869
0.356983
0.386474
0.418251
0.449179
0.475719
0.494909
0.505387
0.508005
0.505631
0.50216
0.501251
0.505502
0.516393
0.53468
0.560657
0.594035
0.633577
0.676788
0.719922
0.758415
0.787681
0.804064
0.805614
0.792444
0.766586
0.731436
0.691012
0.649231
0.609377
0.573843
0.544139
0.521096
0.505138
0.496503
0.495342
0.501628
0.514885
0.533894
0.556626
0.580524
0.602959
0.621586
0.634464
0.640022
0.637056
0.624861
0.603472
0.573898
0.538217
0.499411
0.460891
0.425751
0.39598
0.37203
0.353047
0.337572
0.32416
0.311602
0.298864
0.285037
0.269397
0.251494
0.231196
0.208671
0.184365
0.158966
0.133362
0.108539
0.0854407
0.0647813
0.0468984
0.0317464
0.0191448
0.00918234
0.00246846
0
0
0.00263708
0.00961114
0.0196444
0.0319487
0.0461219
0.0617799
0.078472
0.0959579
0.114425
0.134288
0.155674
0.17804
0.200241
0.220938
0.239041
0.253965
0.26567
0.274628
0.281878
0.289132
0.298705
0.313086
0.334237
0.362983
0.398693
0.439197
0.480854
0.51897
0.548735
0.566534
0.571089
0.563868
0.548539
0.529774
0.512077
0.499167
0.493953
0.498717
0.515114
0.54383
0.584056
0.63305
0.686105
0.737084
0.779479
0.807722
0.818352
0.810662
0.786647
0.750317
0.70665
0.660586
0.616359
0.577253
0.545649
0.523166
0.510781
0.508934
0.517582
0.536052
0.562735
0.594981
0.629439
0.662682
0.691711
0.71411
0.727954
0.731705
0.724257
0.705155
0.674882
0.635073
0.588542
0.539029
0.490606
0.446828
0.409885
0.380207
0.35677
0.33785
0.321705
0.306847
0.292056
0.27633
0.258883
0.239194
0.217058
0.192663
0.166617
0.1399
0.113713
0.089232
0.0673457
0.0484752
0.0325941
0.0195126
0.00929102
0.00248153
0
0
0.00264145
0.00965698
0.0198225
0.0323839
0.0469284
0.0630482
0.0803174
0.0985994
0.118233
0.139749
0.163276
0.18812
0.212826
0.235623
0.25495
0.269852
0.280177
0.286628
0.290775
0.295009
0.30232
0.315761
0.337769
0.369639
0.411266
0.460892
0.514826
0.567498
0.612298
0.643138
0.656178
0.650929
0.630251
0.599367
0.564459
0.531524
0.505801
0.491648
0.492469
0.510425
0.545902
0.596968
0.659058
0.725177
0.786826
0.835634
0.865218
0.872594
0.858611
0.827318
0.784624
0.736849
0.689659
0.647568
0.613846
0.590558
0.57862
0.577959
0.587802
0.606861
0.633301
0.664668
0.698084
0.730674
0.759947
0.783885
0.800803
0.809157
0.807518
0.79474
0.770278
0.734543
0.689155
0.636975
0.5818
0.527723
0.478272
0.43564
0.400373
0.371639
0.347863
0.327315
0.308421
0.289856
0.270529
0.249592
0.226507
0.201175
0.174033
0.146041
0.118494
0.0927129
0.0697
0.0499298
0.0333829
0.0198588
0.0093946
0.00249414
0
0
0.00264787
0.00971389
0.020017
0.0328128
0.0476631
0.0641456
0.0818852
0.100867
0.121566
0.144592
0.17004
0.197065
0.223963
0.248629
0.269129
0.284207
0.293617
0.298238
0.300027
0.301808
0.306888
0.318526
0.339424
0.37141
0.415188
0.469838
0.532122
0.596205
0.654362
0.69873
0.723446
0.726292
0.709188
0.677441
0.638245
0.599136
0.566926
0.547182
0.544022
0.559936
0.595486
0.648862
0.715413
0.787602
0.855899
0.910696
0.944597
0.954181
0.940521
0.908397
0.864659
0.81648
0.770076
0.730122
0.699639
0.680076
0.671417
0.672434
0.681142
0.695339
0.712989
0.732393
0.752231
0.771552
0.789697
0.806097
0.819998
0.830225
0.835121
0.832696
0.820994
0.798584
0.765065
0.721422
0.670085
0.614586
0.558873
0.506466
0.45974
0.419621
0.385733
0.356864
0.331461
0.307973
0.285011
0.261415
0.23634
0.209406
0.180839
0.151496
0.122671
0.095739
0.0717552
0.0512129
0.0340888
0.0201737
0.00949041
0.00250597
0
0
0.00265624
0.00978094
0.0202248
0.0332315
0.0483231
0.0650661
0.0831407
0.102636
0.12412
0.148228
0.175006
0.203529
0.231982
0.258109
0.279788
0.295582
0.305131
0.30931
0.310118
0.31035
0.313154
0.321623
0.338539
0.36624
0.406299
0.458753
0.521126
0.587976
0.651566
0.703619
0.737564
0.75038
0.743333
0.721422
0.691888
0.662506
0.640255
0.630617
0.637377
0.662548
0.706098
0.765419
0.834866
0.906001
0.968923
1.01448
1.03655
1.03354
1.00842
0.967543
0.91869
0.869273
0.825111
0.789968
0.765598
0.751956
0.747444
0.749277
0.754093
0.758773
0.761216
0.760796
0.75833
0.755624
0.754766
0.757422
0.764295
0.774838
0.787219
0.798537
0.805252
0.803802
0.791331
0.766368
0.729268
0.682239
0.628895
0.573436
0.519722
0.47052
0.427154
0.389602
0.356892
0.327586
0.300149
0.273182
0.24558
0.216716
0.186612
0.155984
0.126059
0.0981943
0.0734423
0.0522869
0.0346932
0.0204496
0.00957623
0.00251678
0
0
0.00266643
0.00985722
0.0204445
0.0336411
0.0489174
0.0658237
0.0840825
0.103847
0.125713
0.150293
0.177604
0.206728
0.235917
0.262985
0.285842
0.303008
0.313992
0.319435
0.320967
0.320881
0.321782
0.326383
0.337453
0.357704
0.389297
0.432878
0.486596
0.545804
0.603796
0.653428
0.689068
0.708184
0.711969
0.704853
0.693176
0.683667
0.682274
0.693536
0.720296
0.763422
0.821355
0.889664
0.961063
1.0263
1.07599
1.10284
1.10357
1.07971
1.03696
0.983483
0.927815
0.877115
0.836211
0.807379
0.790584
0.783847
0.783655
0.785504
0.784724
0.777548
0.762134
0.739161
0.711703
0.684409
0.662262
0.649351
0.648
0.658368
0.678485
0.704578
0.731604
0.753979
0.766476
0.765176
0.748248
0.716317
0.672249
0.620403
0.565571
0.511948
0.46241
0.418267
0.379446
0.344952
0.313347
0.283148
0.253099
0.222407
0.190933
0.159259
0.128516
0.0999977
0.0747166
0.0531274
0.0351838
0.0206811
0.00965044
0.00252635
0
0
0.00267827
0.00994192
0.0206761
0.0340477
0.0494647
0.0664526
0.08475
0.104521
0.126328
0.150721
0.177706
0.206475
0.235496
0.262856
0.286698
0.305637
0.319059
0.327212
0.331095
0.332256
0.332653
0.334642
0.340945
0.354351
0.376959
0.409192
0.4492
0.493061
0.535754
0.572503
0.600106
0.617808
0.627454
0.632911
0.639103
0.651054
0.673156
0.708569
0.758619
0.82222
0.895496
0.971844
1.04264
1.09869
1.13213
1.13845
1.11767
1.07443
1.01674
0.95404
0.895059
0.84638
0.811702
0.791811
0.784903
0.787049
0.792772
0.795873
0.790572
0.772812
0.741378
0.698402
0.649001
0.600143
0.559098
0.531939
0.522436
0.531474
0.557014
0.594525
0.637707
0.679407
0.712667
0.731818
0.733435
0.716888
0.684271
0.639722
0.588346
0.535057
0.483686
0.436516
0.394289
0.35655
0.322137
0.289657
0.257843
0.225847
0.19345
0.161139
0.129954
0.10111
0.0755597
0.053725
0.035555
0.0208655
0.00971202
0.00253456
0
0
0.00269156
0.0100343
0.0209203
0.0344603
0.0499923
0.0670046
0.0852234
0.104773
0.126125
0.149738
0.17563
0.203157
0.231112
0.257984
0.282292
0.302867
0.319035
0.330669
0.338158
0.34241
0.344931
0.347872
0.353821
0.365144
0.383006
0.406639
0.433419
0.459762
0.482393
0.499436
0.510991
0.519001
0.526579
0.537255
0.554554
0.581851
0.622037
0.676718
0.745256
0.824219
0.907457
0.986775
1.05314
1.09833
1.11677
1.1069
1.07171
1.01812
0.955316
0.89288
0.838984
0.799287
0.776454
0.770132
0.777178
0.792092
0.807754
0.816559
0.811899
0.789669
0.749346
0.694258
0.630902
0.567572
0.512758
0.473735
0.455477
0.459759
0.484685
0.525096
0.573741
0.622615
0.664129
0.692141
0.702804
0.695026
0.670409
0.632631
0.586464
0.536697
0.487275
0.440793
0.398397
0.36002
0.324801
0.291535
0.259071
0.226615
0.193956
0.161547
0.130361
0.10154
0.0759818
0.0540849
0.0358082
0.0210023
0.00976059
0.00254131
0
0
0.00270608
0.0101335
0.0211786
0.0348904
0.050532
0.0675451
0.0856169
0.104792
0.125413
0.14783
0.172068
0.197672
0.223779
0.249326
0.273266
0.294738
0.313146
0.32819
0.33994
0.349008
0.356724
0.365089
0.37626
0.391585
0.410663
0.431108
0.449275
0.461637
0.466251
0.463728
0.457244
0.451451
0.450805
0.458523
0.476907
0.508194
0.554432
0.616171
0.69118
0.774186
0.857546
0.932417
0.990244
1.02442
1.03178
1.01344
0.974569
0.923158
0.868247
0.818262
0.779875
0.757427
0.752686
0.764682
0.789659
0.821352
0.851792
0.87267
0.877018
0.860757
0.823629
0.769201
0.704013
0.636243
0.574354
0.52602
0.497151
0.490689
0.505473
0.536349
0.575732
0.615532
0.648587
0.669548
0.675382
0.665495
0.641471
0.606464
0.564401
0.519169
0.473985
0.431011
0.391264
0.354754
0.320797
0.288388
0.256547
0.224613
0.192454
0.160536
0.129802
0.101343
0.0760204
0.0542266
0.035951
0.0210937
0.00979643
0.00254661
0
0
0.00272156
0.0102389
0.0214526
0.0353494
0.0511174
0.0681449
0.086065
0.104821
0.124609
0.145659
0.167992
0.19131
0.21505
0.238538
0.261139
0.282349
0.301812
0.319355
0.335107
0.349709
0.36444
0.380974
0.400661
0.423563
0.447835
0.469936
0.485654
0.491603
0.486669
0.472879
0.455102
0.439378
0.430585
0.431225
0.442434
0.465769
0.503345
0.555994
0.621437
0.694047
0.765976
0.828751
0.874935
0.899681
0.901881
0.884423
0.853376
0.816366
0.780848
0.752989
0.737324
0.736805
0.752672
0.784
0.827271
0.876455
0.923806
0.961276
0.982151
0.982399
0.96132
0.921406
0.867636
0.806577
0.745547
0.691812
0.651592
0.628726
0.623391
0.631828
0.647564
0.663441
0.673385
0.673429
0.661992
0.639603
0.608281
0.570799
0.530041
0.488532
0.448174
0.410125
0.374793
0.341938
0.310871
0.280705
0.250625
0.220126
0.189182
0.158305
0.128431
0.100626
0.075738
0.054182
0.0359967
0.0211438
0.00982037
0.0025505
0
0
0.00273774
0.0103496
0.0217434
0.0358479
0.051779
0.068872
0.0867036
0.105117
0.124167
0.143966
0.164509
0.185594
0.206853
0.227879
0.248341
0.268064
0.287039
0.305445
0.323723
0.34269
0.363508
0.387345
0.414707
0.444768
0.475087
0.501977
0.521459
0.530533
0.528381
0.517002
0.500788
0.484945
0.4735
0.468386
0.470364
0.480641
0.501274
0.533798
0.577365
0.62806
0.679724
0.725559
0.759801
0.779091
0.783261
0.775214
0.759919
0.742944
0.729264
0.722835
0.72675
0.743394
0.77411
0.818484
0.873761
0.934877
0.995223
1.04792
1.08715
1.10904
1.11198
1.09649
1.06491
1.02115
0.97037
0.918432
0.870889
0.831757
0.802442
0.781385
0.764707
0.747632
0.726067
0.697708
0.662391
0.621701
0.578136
0.534228
0.491928
0.452402
0.416106
0.382972
0.352549
0.324119
0.296808
0.269737
0.242194
0.213792
0.184602
0.155183
0.126472
0.0995295
0.075216
0.053992
0.035963
0.0211587
0.00983377
0.00255311
0
0
0.00275434
0.0104644
0.0220515
0.0363933
0.0525408
0.0697823
0.0876492
0.105907
0.124501
0.143443
0.162686
0.182053
0.201248
0.219962
0.237996
0.255373
0.272385
0.289588
0.307782
0.327951
0.351127
0.378083
0.408934
0.442787
0.47764
0.510647
0.538715
0.559284
0.571059
0.574405
0.571183
0.564068
0.555718
0.548334
0.543796
0.544026
0.551008
0.566197
0.589677
0.619671
0.652778
0.68481
0.711875
0.731314
0.74224
0.74555
0.743516
0.739203
0.736007
0.73737
0.746563
0.76634
0.798397
0.842783
0.897559
0.958966
1.02213
1.08204
1.1343
1.17552
1.20328
1.21598
1.213
1.19496
1.16396
1.12337
1.07711
1.02871
0.980444
0.932901
0.885201
0.835721
0.783093
0.727021
0.668603
0.610058
0.554003
0.502644
0.457235
0.417964
0.3842
0.354863
0.3287
0.304452
0.280947
0.257196
0.232489
0.206494
0.179335
0.151591
0.124199
0.0982202
0.0745469
0.053703
0.03587
0.0211456
0.00983838
0.00255461
0
0
0.00277104
0.0105823
0.022376
0.0369894
0.053417
0.0709108
0.0889799
0.107353
0.125915
0.144617
0.16337
0.181967
0.200075
0.21731
0.233392
0.248305
0.262416
0.276486
0.291568
0.30884
0.329403
0.354087
0.383269
0.416732
0.45358
0.492242
0.530594
0.566182
0.596558
0.619704
0.634474
0.640931
0.640439
0.635448
0.629048
0.624426
0.624355
0.630796
0.644621
0.66547
0.691779
0.720989
0.749942
0.775397
0.794611
0.805901
0.809074
0.805602
0.798474
0.791703
0.789584
0.795857
0.812996
0.841777
0.881268
0.929229
0.982768
1.03894
1.09503
1.14831
1.19581
1.23413
1.25985
1.27022
1.26386
1.24112
1.20393
1.15511
1.09758
1.03375
0.965304
0.893409
0.819187
0.744138
0.670299
0.600063
0.535735
0.479029
0.430725
0.390603
0.357643
0.330338
0.306989
0.285912
0.2656
0.244844
0.222829
0.199193
0.174052
0.147979
0.121896
0.096866
0.0738232
0.053362
0.0357393
0.0211125
0.0098363
0.00255519
0
0
0.00278756
0.0107018
0.0227148
0.0376348
0.0544095
0.0722667
0.090721
0.109516
0.128542
0.147744
0.167015
0.186101
0.204555
0.221783
0.237204
0.250475
0.261711
0.271593
0.281309
0.29237
0.306354
0.324703
0.348565
0.378658
0.415115
0.45729
0.503593
0.551446
0.597491
0.638139
0.670351
0.692384
0.704195
0.707403
0.704902
0.70032
0.697486
0.699904
0.710246
0.729881
0.75852
0.794093
0.832917
0.870234
0.901063
0.921231
0.928307
0.9222
0.905265
0.881891
0.857615
0.837957
0.827314
0.828281
0.841628
0.866821
0.902706
0.947916
1.00079
1.0589
1.11857
1.17473
1.22154
1.25337
1.2661
1.2579
1.22951
1.18361
1.12393
1.05432
0.978158
0.89828
0.817107
0.736869
0.659689
0.587509
0.521942
0.464117
0.414585
0.373296
0.339621
0.312399
0.29004
0.270704
0.252577
0.234137
0.21435
0.192734
0.169353
0.144747
0.119812
0.0956146
0.073127
0.0530122
0.0355914
0.0210678
0.00982976
0.00255512
0
0
0.00280358
0.0108212
0.0230641
0.0383232
0.0555075
0.0738308
0.0928395
0.112343
0.132308
0.15274
0.173561
0.194487
0.214935
0.234019
0.250695
0.264038
0.273603
0.279718
0.2836
0.287245
0.293119
0.303722
0.321135
0.346677
0.380766
0.422934
0.471869
0.525376
0.580376
0.633135
0.679797
0.717093
0.742976
0.757055
0.760812
0.757581
0.752191
0.750225
0.75693
0.776006
0.808625
0.852997
0.904609
0.957011
1.00297
1.03576
1.05048
1.045
1.02052
0.981435
0.9345
0.887467
0.847501
0.819963
0.807934
0.812504
0.833443
0.869703
0.919404
0.97935
1.0445
1.10799
1.16199
1.19928
1.21484
1.20685
1.17675
1.12842
1.06689
0.997135
0.923282
0.848369
0.774476
0.703
0.634905
0.570886
0.511501
0.457284
0.408813
0.366661
0.331209
0.302335
0.279158
0.260043
0.242959
0.226003
0.207809
0.187705
0.165662
0.142179
0.118128
0.0945728
0.0725206
0.0526886
0.0354449
0.0210193
0.00982112
0.00255465
0
0
0.0028188
0.0109385
0.0234185
0.0390432
0.0566885
0.0755579
0.0952471
0.115673
0.136939
0.159176
0.182398
0.206336
0.230297
0.253097
0.273159
0.288846
0.298956
0.303249
0.302797
0.300012
0.298307
0.30136
0.312151
0.332254
0.361855
0.400409
0.447189
0.501156
0.560277
0.62096
0.678228
0.726669
0.761761
0.781074
0.785072
0.777331
0.764116
0.753289
0.752666
0.768108
0.80195
0.852461
0.914378
0.980004
1.04042
1.08683
1.11201
1.11178
1.08602
1.03903
0.978718
0.915105
0.85822
0.816197
0.794021
0.793331
0.813177
0.851059
0.903419
0.965353
1.03013
1.08939
1.13446
1.15829
1.15721
1.13161
1.08555
1.02534
0.957832
0.888928
0.822638
0.760896
0.703941
0.650957
0.600713
0.552048
0.504241
0.457258
0.411852
0.369441
0.331708
0.299977
0.27453
0.254287
0.237154
0.220828
0.20354
0.184364
0.163167
0.140403
0.116925
0.093794
0.0720401
0.052416
0.0353149
0.0209746
0.00981266
0.00255406
0
0
0.00283296
0.0110518
0.0237715
0.0397794
0.05792
0.0773827
0.0978136
0.119258
0.141994
0.166335
0.192438
0.220111
0.248616
0.276528
0.301794
0.322068
0.335344
0.340671
0.338704
0.331876
0.324069
0.319759
0.322798
0.335419
0.358259
0.391363
0.434973
0.489015
0.551576
0.617829
0.6805
0.731711
0.765168
0.77788
0.770989
0.749712
0.722469
0.699319
0.689773
0.700369
0.733089
0.785494
0.851978
0.924812
0.994755
1.05193
1.0874
1.09525
1.07424
1.02865
0.967621
0.903346
0.848404
0.812882
0.802185
0.81657
0.852521
0.904629
0.966572
1.03108
1.08982
1.13397
1.15582
1.15064
1.11803
1.06207
0.99032
0.91191
0.835442
0.767233
0.710342
0.66464
0.627724
0.596121
0.56626
0.535133
0.500749
0.462483
0.421214
0.37913
0.33917
0.304118
0.27557
0.253231
0.235119
0.218606
0.201522
0.182681
0.161832
0.13939
0.116188
0.0932774
0.071695
0.0522082
0.0352131
0.02094
0.00980657
0.00255363
0
0
0.00284577
0.0111589
0.0241156
0.0405131
0.0591633
0.0792277
0.100386
0.122804
0.146944
0.173326
0.20229
0.233776
0.267077
0.300646
0.332086
0.358489
0.377124
0.386287
0.385986
0.378217
0.366681
0.356025
0.350788
0.354495
0.36946
0.397323
0.439245
0.494841
0.560511
0.628931
0.690476
0.73584
0.758626
0.757057
0.734472
0.698655
0.660234
0.630301
0.617596
0.626355
0.656391
0.705012
0.768345
0.840806
0.914094
0.977614
1.02073
1.03579
1.02074
0.980148
0.924622
0.868533
0.826554
0.809719
0.822541
0.862911
0.924367
0.998354
1.07523
1.14467
1.19642
1.2217
1.21491
1.17507
1.10627
1.01706
0.918604
0.822442
0.738069
0.671122
0.622723
0.590295
0.569256
0.554467
0.540966
0.524405
0.501617
0.471241
0.434031
0.392659
0.350985
0.312946
0.281245
0.256361
0.236573
0.219108
0.201525
0.182428
0.161464
0.138998
0.115828
0.0929783
0.071473
0.0520695
0.0351479
0.0209212
0.00980485
0.00255362
0
0
0.00285702
0.0112575
0.0244424
0.0412239
0.0603767
0.0810137
0.102814
0.126023
0.151264
0.17925
0.210518
0.245173
0.282621
0.321319
0.358722
0.391579
0.41663
0.431507
0.435508
0.42996
0.418037
0.404171
0.393279
0.390098
0.398772
0.422496
0.462708
0.517759
0.582043
0.646603
0.701224
0.73717
0.749591
0.738855
0.710478
0.673649
0.638692
0.61409
0.604426
0.610756
0.633166
0.672709
0.730144
0.802379
0.880381
0.950803
1.00013
1.01898
1.00494
0.963558
0.907263
0.852612
0.816263
0.810317
0.838975
0.898637
0.98056
1.07326
1.16377
1.23878
1.28629
1.29767
1.26937
1.20383
1.10917
0.997579
0.882903
0.777819
0.691262
0.626907
0.583536
0.557083
0.542709
0.535531
0.530435
0.522265
0.50677
0.481741
0.447579
0.40708
0.364554
0.324537
0.290354
0.263008
0.24111
0.222003
0.203219
0.183292
0.161795
0.139024
0.115713
0.0928277
0.071349
0.0519983
0.0351248
0.0209227
0.00980923
0.00255427
0
0
0.00286651
0.0113456
0.0247437
0.0418909
0.0615192
0.0826686
0.104968
0.128682
0.154527
0.183367
0.215916
0.252461
0.292579
0.334861
0.376817
0.415108
0.446206
0.467279
0.477013
0.476067
0.467029
0.453998
0.441989
0.43631
0.441864
0.462175
0.49816
0.547204
0.60323
0.657948
0.70293
0.73185
0.742178
0.735714
0.717718
0.694915
0.673243
0.656572
0.647349
0.648844
0.666971
0.708834
0.777382
0.866551
0.96182
1.0452
1.10081
1.11901
1.09857
1.04685
0.978147
0.910594
0.862197
0.846436
0.868763
0.925926
1.00815
1.10192
1.19208
1.26377
1.30455
1.30653
1.26783
1.193
1.09208
0.978515
0.866311
0.766978
0.687187
0.628179
0.587413
0.5612
0.546174
0.538861
0.534753
0.528488
0.515252
0.492314
0.459755
0.420214
0.377916
0.337335
0.301787
0.27243
0.248214
0.226878
0.206238
0.184944
0.162551
0.139265
0.11571
0.0927548
0.0712958
0.0519909
0.0351478
0.020948
0.00982119
0.00255581
0
0
0.0028741
0.0114213
0.0250113
0.0424937
0.0625534
0.0841338
0.106762
0.13064
0.15649
0.185249
0.217765
0.254504
0.295263
0.338883
0.383112
0.424777
0.460351
0.486788
0.502337
0.507072
0.502992
0.49374
0.484078
0.479172
0.483648
0.50042
0.529716
0.56884
0.612862
0.655945
0.692836
0.720084
0.73658
0.743212
0.741884
0.734608
0.723428
0.711472
0.704691
0.712934
0.748002
0.817465
0.918349
1.03679
1.15308
1.24752
1.30493
1.31766
1.28693
1.22222
1.13908
1.0557
0.98923
0.95233
0.950715
0.982363
1.03872
1.10706
1.17299
1.22288
1.24599
1.23621
1.19307
1.12171
1.03164
0.934584
0.841712
0.761108
0.696353
0.647021
0.610706
0.585016
0.568078
0.557632
0.55009
0.540808
0.525496
0.501694
0.469449
0.431054
0.390132
0.35043
0.314671
0.28384
0.257234
0.233222
0.210187
0.18708
0.1635
0.139555
0.115717
0.0927065
0.0712943
0.0520457
0.0352205
0.0210002
0.00984188
0.00255839
0
0
0.00287969
0.0114829
0.0252382
0.0430142
0.0634475
0.0853686
0.108157
0.131873
0.157142
0.18488
0.216001
0.251141
0.290358
0.332847
0.37676
0.419303
0.457199
0.487422
0.507967
0.518412
0.520119
0.516062
0.510364
0.507557
0.511601
0.524843
0.547405
0.577383
0.611734
0.647292
0.681428
0.712153
0.737792
0.756646
0.767133
0.768706
0.763386
0.757352
0.761616
0.790024
0.853447
0.953097
1.07881
1.21292
1.3356
1.42921
1.48159
1.48826
1.45298
1.38656
1.30406
1.22123
1.15137
1.10319
1.07993
1.07959
1.09594
1.12007
1.14211
1.15307
1.14638
1.11899
1.07182
1.00945
0.938905
0.867896
0.802828
0.747427
0.702491
0.666812
0.638576
0.616297
0.598817
0.584634
0.571367
0.555987
0.535756
0.509213
0.476627
0.439768
0.401207
0.363463
0.3283
0.296377
0.267368
0.240419
0.214648
0.189431
0.164477
0.139796
0.115681
0.0926617
0.071341
0.0521656
0.0353463
0.0210813
0.00987213
0.00256216
0
0
0.00288326
0.0115293
0.0254181
0.0434367
0.0641759
0.0863492
0.109161
0.132469
0.156709
0.182674
0.211272
0.243275
0.279044
0.31822
0.359498
0.400641
0.438822
0.471241
0.495813
0.511726
0.519687
0.521846
0.521428
0.522117
0.527272
0.539157
0.558532
0.584827
0.616703
0.652498
0.690232
0.72729
0.760266
0.785418
0.799875
0.803289
0.799417
0.796938
0.808436
0.846478
0.91765
1.01872
1.13788
1.25892
1.3655
1.44449
1.48845
1.49694
1.47603
1.43595
1.3877
1.34
1.29789
1.26299
1.23451
1.21026
1.1873
1.1625
1.13306
1.09712
1.05408
1.00486
0.951786
0.898181
0.847611
0.802932
0.765544
0.735208
0.71046
0.68935
0.670133
0.651617
0.633094
0.613977
0.593472
0.570581
0.544445
0.514767
0.481995
0.447161
0.41152
0.376182
0.341901
0.309047
0.277701
0.247796
0.219206
0.191784
0.165391
0.139964
0.115609
0.0926363
0.07145
0.0523589
0.0355289
0.0211926
0.00991241
0.00256719
0
0
0.00288483
0.0115598
0.0255465
0.0437491
0.0647198
0.0870654
0.109815
0.132597
0.155601
0.179417
0.204863
0.232804
0.263902
0.298301
0.33534
0.37347
0.410471
0.443938
0.471899
0.493319
0.508381
0.518463
0.525888
0.533504
0.544167
0.560243
0.583237
0.613641
0.650921
0.693467
0.738485
0.782028
0.819433
0.846281
0.859708
0.859771
0.850429
0.839664
0.838118
0.855826
0.897961
0.962262
1.04006
1.11979
1.19074
1.24618
1.28507
1.31192
1.33413
1.35782
1.38439
1.41008
1.42823
1.43226
1.41772
1.38304
1.32947
1.26057
1.18148
1.09813
1.01643
0.941572
0.877485
0.826448
0.788922
0.763597
0.747691
0.737504
0.729163
0.71936
0.705907
0.68792
0.665606
0.639796
0.611461
0.581418
0.550262
0.518425
0.486202
0.45374
0.42102
0.387936
0.354453
0.320761
0.287315
0.254717
0.223508
0.193997
0.16623
0.140105
0.11556
0.0926789
0.0716502
0.0526379
0.0357716
0.0213348
0.00996284
0.00257353
0
0
0.0028845
0.0115742
0.0256209
0.0439429
0.0650661
0.087515
0.110172
0.132458
0.154315
0.1761
0.198489
0.222364
0.248628
0.277887
0.310122
0.344507
0.379509
0.413265
0.444108
0.47104
0.493995
0.513847
0.532223
0.551214
0.573054
0.599799
0.63298
0.67326
0.72012
0.771652
0.824552
0.874398
0.916237
0.945433
0.958644
0.95477
0.935637
0.906193
0.873896
0.847083
0.832493
0.832928
0.846654
0.86933
0.897468
0.931511
0.976633
1.04004
1.12567
1.22999
1.34212
1.44725
1.53064
1.5805
1.58992
1.55774
1.48846
1.39098
1.2767
1.15745
1.04391
0.944549
0.865038
0.808028
0.773061
0.756726
0.753236
0.755574
0.757018
0.752532
0.739547
0.717933
0.689336
0.65624
0.621137
0.585998
0.552048
0.519755
0.48893
0.458902
0.428743
0.397553
0.364795
0.330539
0.295489
0.260731
0.227339
0.196031
0.167055
0.140322
0.115631
0.0928578
0.0719772
0.0530152
0.0360764
0.0215073
0.0100231
0.00258116
0
0
0.00288244
0.0115729
0.0256407
0.0440142
0.0652071
0.0876973
0.110276
0.13222
0.153293
0.173669
0.193888
0.214809
0.237449
0.262698
0.290971
0.321994
0.354843
0.388239
0.421001
0.452451
0.482629
0.512248
0.542476
0.574673
0.610167
0.650103
0.695299
0.746055
0.801896
0.861316
0.92162
0.978959
1.02859
1.06542
1.08475
1.08318
1.05954
1.01556
0.955955
0.887824
0.819411
0.758549
0.711555
0.683255
0.678159
0.701538
0.758499
0.85098
0.975196
1.12148
1.27571
1.42114
1.54058
1.61925
1.64777
1.62431
1.55471
1.45065
1.32662
1.1969
1.07354
0.965668
0.879493
0.818517
0.78316
0.770018
0.771874
0.779339
0.783519
0.778298
0.761312
0.733585
0.698289
0.659294
0.620006
0.582731
0.548531
0.517404
0.488616
0.461001
0.433186
0.403853
0.372113
0.33787
0.301926
0.265697
0.230676
0.197947
0.167981
0.140739
0.115927
0.0932394
0.0724622
0.0534993
0.0364429
0.0217086
0.0100927
0.00259001
0
0
0.00287887
0.011557
0.0256074
0.0439632
0.0651401
0.0876094
0.110139
0.131964
0.152784
0.172718
0.192275
0.212315
0.233875
0.257858
0.284705
0.314247
0.345802
0.378504
0.411708
0.445304
0.479785
0.51605
0.555052
0.597469
0.643581
0.693368
0.746739
0.803697
0.864249
0.928027
0.993722
1.05858
1.11825
1.16711
1.19909
1.20888
1.19317
1.15168
1.08776
1.0081
0.921798
0.838964
0.769195
0.720477
0.698587
0.70701
0.747244
0.819074
0.920131
1.04451
1.18139
1.3152
1.42803
1.50371
1.53209
1.51148
1.44848
1.35537
1.24636
1.13437
1.02938
0.938456
0.866537
0.816852
0.790159
0.783299
0.78884
0.796988
0.798775
0.788638
0.765329
0.731226
0.690709
0.648399
0.607873
0.571104
0.538567
0.50973
0.483542
0.458686
0.433608
0.406667
0.376596
0.343067
0.306914
0.269825
0.233669
0.19987
0.169122
0.141455
0.11652
0.0938655
0.0731201
0.0540901
0.0368668
0.0219357
0.0101705
0.00259996
0
0
0.00287408
0.0115282
0.0255248
0.0437951
0.0648674
0.0872444
0.109741
0.13165
0.15275
0.173259
0.193806
0.215344
0.238893
0.265149
0.294166
0.325338
0.35769
0.390351
0.423013
0.456165
0.490975
0.528843
0.570794
0.617049
0.666987
0.71956
0.773946
0.83008
0.888694
0.950722
1.01627
1.08365
1.14901
1.20679
1.25075
1.27535
1.27698
1.25497
1.21204
1.1541
1.08915
1.0256
0.970329
0.927462
0.898576
0.884326
0.886458
0.908574
0.954285
1.02315
1.10741
1.19252
1.26147
1.30022
1.30177
1.26755
1.20596
1.1288
1.04749
0.970573
0.90341
0.849225
0.810261
0.787857
0.781334
0.786748
0.797011
0.803817
0.800344
0.783239
0.753131
0.713714
0.670036
0.626774
0.587099
0.552381
0.522575
0.496873
0.474154
0.453006
0.431574
0.407743
0.379825
0.347329
0.311234
0.273556
0.236535
0.201899
0.170521
0.142493
0.117418
0.0947328
0.0739409
0.0547767
0.0373402
0.0221845
0.0102552
0.00261085
0
0
0.00286839
0.0114886
0.0253991
0.0435197
0.0643979
0.0865953
0.109028
0.131131
0.152867
0.174679
0.197426
0.222216
0.250023
0.281211
0.315235
0.350762
0.38617
0.420207
0.45256
0.484079
0.516534
0.551915
0.591559
0.635535
0.682664
0.731185
0.779771
0.828331
0.878086
0.930765
0.987258
1.04652
1.10537
1.15931
1.20375
1.23518
1.25197
1.25464
1.24572
1.22916
1.2092
1.18915
1.17031
1.15186
1.13191
1.10941
1.08603
1.06694
1.05898
1.06635
1.08608
1.10766
1.11764
1.1059
1.06971
1.0141
0.94916
0.885729
0.831785
0.791098
0.764289
0.750647
0.74904
0.757607
0.772999
0.790126
0.802859
0.805533
0.794568
0.769484
0.732866
0.689337
0.644016
0.601133
0.563258
0.53129
0.504964
0.4834
0.465315
0.448862
0.431542
0.410677
0.384358
0.352256
0.315739
0.277246
0.239348
0.203973
0.172078
0.143754
0.118544
0.095785
0.0748874
0.0555368
0.0378512
0.0224497
0.0103453
0.00262248
0
0
0.00286217
0.0114411
0.0252383
0.0431519
0.0637479
0.0856604
0.107935
0.130191
0.152626
0.175945
0.201248
0.229767
0.262375
0.299058
0.338673
0.37919
0.418341
0.454415
0.486911
0.516797
0.546197
0.577555
0.612551
0.651319
0.692419
0.733637
0.773206
0.810745
0.84734
0.88463
0.923434
0.962846
1.00047
1.0336
1.0606
1.08174
1.09924
1.11648
1.13674
1.16188
1.19153
1.22301
1.25193
1.27313
1.28179
1.27466
1.2512
1.21431
1.16982
1.12432
1.08177
1.0414
0.998699
0.949317
0.892742
0.833363
0.778574
0.735451
0.708152
0.697361
0.701345
0.71711
0.740863
0.768068
0.793632
0.812408
0.819976
0.813496
0.792395
0.758552
0.715846
0.669151
0.623149
0.581407
0.545977
0.517502
0.495589
0.479077
0.466055
0.453815
0.43915
0.419172
0.392297
0.358812
0.32069
0.280779
0.241828
0.205774
0.173504
0.145012
0.119735
0.0969194
0.0759005
0.0563394
0.0383852
0.0227254
0.0104388
0.00263462
0
0
0.0028558
0.0113887
0.025052
0.0427113
0.062943
0.0844519
0.106412
0.128623
0.151493
0.175944
0.203234
0.234611
0.270773
0.31135
0.354734
0.39842
0.439731
0.476671
0.508607
0.536538
0.562772
0.590048
0.62036
0.654021
0.689524
0.72432
0.756082
0.783701
0.807422
0.828042
0.845763
0.859606
0.867926
0.869766
0.866276
0.86148
0.861913
0.874918
0.905938
0.956071
1.02147
1.09482
1.16748
1.23117
1.2788
1.30486
1.30596
1.28139
1.23358
1.16791
1.09161
1.0121
0.935508
0.8662
0.807239
0.761036
0.729435
0.713311
0.712219
0.724373
0.74681
0.775577
0.806023
0.833235
0.852599
0.860412
0.854431
0.834258
0.801426
0.759125
0.711585
0.663266
0.61809
0.5789
0.547242
0.523386
0.50644
0.494453
0.484548
0.473273
0.457288
0.434253
0.403526
0.366323
0.325231
0.283321
0.24325
0.206718
0.174355
0.145947
0.120783
0.0980087
0.0769107
0.05715
0.0389263
0.0230051
0.0105339
0.00264702
0
0
0.00284968
0.0113347
0.0248517
0.0422217
0.0620194
0.083003
0.10445
0.126291
0.149077
0.173833
0.201838
0.234228
0.271465
0.312881
0.356603
0.399954
0.440186
0.475306
0.504708
0.529424
0.551853
0.574951
0.601057
0.630834
0.662916
0.694521
0.722648
0.745094
0.760753
0.76915
0.769752
0.761709
0.744349
0.718215
0.686145
0.653966
0.630418
0.625649
0.64779
0.699067
0.774814
0.86602
0.962559
1.05506
1.13554
1.19743
1.23567
1.24707
1.231
1.18998
1.12968
1.05818
0.984579
0.91732
0.862907
0.825224
0.805511
0.802721
0.814023
0.835332
0.861857
0.888642
0.911045
0.925135
0.928034
0.918203
0.895605
0.861687
0.819139
0.771471
0.722501
0.675842
0.634461
0.600334
0.574218
0.555547
0.542473
0.532087
0.520878
0.505406
0.48307
0.452761
0.415134
0.372371
0.327487
0.283477
0.242609
0.206096
0.174143
0.146236
0.121482
0.0989339
0.0778533
0.0579362
0.0394594
0.0232825
0.0106285
0.0026594
0
0
0.0028442
0.0112825
0.0246492
0.0417105
0.0610232
0.0813729
0.102096
0.123192
0.14525
0.169274
0.196419
0.227597
0.263003
0.301765
0.341968
0.381083
0.416652
0.446975
0.471621
0.491644
0.50943
0.528086
0.550384
0.57757
0.608708
0.64101
0.670895
0.695036
0.710825
0.716335
0.710194
0.691745
0.661479
0.621537
0.57602
0.531068
0.494639
0.475662
0.481904
0.516847
0.57813
0.659053
0.751221
0.846393
0.937333
1.01803
1.08361
1.13031
1.15572
1.15934
1.14295
1.11069
1.06861
1.02386
0.983613
0.953854
0.93813
0.936746
0.946885
0.963668
0.981557
0.99551
1.00164
0.997517
0.982189
0.9561
0.920836
0.878806
0.832885
0.786103
0.741367
0.701203
0.667459
0.641
0.621467
0.607203
0.595433
0.582719
0.565636
0.541533
0.509151
0.468933
0.422879
0.373988
0.325459
0.279938
0.239061
0.203368
0.172528
0.145668
0.121704
0.0996176
0.0786842
0.0586736
0.0399716
0.0235515
0.0107206
0.00267149
0
0
0.0028397
0.0112357
0.0244571
0.0412075
0.0600096
0.079647
0.0994685
0.11947
0.140192
0.162509
0.187352
0.215347
0.246437
0.279664
0.313292
0.345241
0.373646
0.397337
0.416151
0.431089
0.444342
0.459014
0.478295
0.504169
0.53638
0.57244
0.608603
0.640908
0.665732
0.680006
0.681531
0.669512
0.645003
0.610985
0.572022
0.533719
0.502119
0.483033
0.481161
0.499085
0.536536
0.590402
0.65558
0.726357
0.797705
0.865962
0.928622
0.983602
1.02866
1.06146
1.08034
1.0852
1.07816
1.06358
1.04711
1.03417
1.0282
1.02959
1.03593
1.04316
1.04703
1.04417
1.03262
1.01199
0.983186
0.948065
0.908883
0.867924
0.827314
0.788992
0.754679
0.725712
0.702761
0.685527
0.672582
0.661419
0.648787
0.631281
0.606095
0.57173
0.528421
0.478119
0.424011
0.369727
0.318484
0.272458
0.232549
0.198551
0.169538
0.144261
0.121453
0.100053
0.0793906
0.0593494
0.0404537
0.0238071
0.0108084
0.00268301
0
0
0.00283651
0.0111973
0.0242875
0.0407431
0.0590395
0.0779317
0.0967392
0.115403
0.134354
0.154289
0.175888
0.199507
0.224914
0.251207
0.277021
0.300937
0.321881
0.339341
0.353424
0.364921
0.37552
0.387924
0.405408
0.430543
0.463838
0.503469
0.546175
0.588285
0.626192
0.656582
0.676925
0.686161
0.685089
0.67611
0.662523
0.647826
0.635343
0.628124
0.628795
0.639115
0.659323
0.687735
0.721053
0.755506
0.788346
0.818878
0.848297
0.878317
0.909465
0.940289
0.968024
0.990148
1.00574
1.01588
1.02294
1.02918
1.03554
1.04114
1.04382
1.04105
1.03091
1.0127
0.987062
0.955852
0.921574
0.886706
0.853149
0.822087
0.794235
0.770163
0.750385
0.735169
0.724204
0.71635
0.709546
0.700937
0.687248
0.665412
0.633337
0.590556
0.538504
0.480283
0.41997
0.361688
0.308705
0.262856
0.224443
0.192582
0.165767
0.142359
0.120904
0.100314
0.0799949
0.0599639
0.0409002
0.0240451
0.0108902
0.00269372
0
0
0.00283489
0.0111703
0.0241516
0.0403466
0.0581752
0.0763451
0.0941189
0.111353
0.128358
0.145667
0.163773
0.182875
0.202714
0.222605
0.241684
0.259261
0.275058
0.289165
0.301836
0.313402
0.324578
0.336973
0.353192
0.375954
0.406667
0.444756
0.488209
0.534462
0.580803
0.62457
0.66362
0.696952
0.724904
0.748699
0.769642
0.78851
0.805467
0.820422
0.833444
0.844844
0.854802
0.862848
0.867721
0.867953
0.862973
0.854119
0.844768
0.839245
0.840943
0.850847
0.86749
0.888171
0.910335
0.93217
0.952352
0.969455
0.981632
0.986814
0.983248
0.970085
0.947764
0.918121
0.884165
0.849495
0.817411
0.790082
0.768214
0.751419
0.73894
0.730179
0.724752
0.722225
0.72179
0.722042
0.720875
0.71554
0.70295
0.680305
0.645875
0.599648
0.543578
0.48129
0.417348
0.35629
0.301684
0.255478
0.217829
0.187476
0.162429
0.140636
0.120399
0.100552
0.0805502
0.0605285
0.0413093
0.0242623
0.0109644
0.00270336
0
0
0.002835
0.0111567
0.0240588
0.040044
0.0574749
0.0750044
0.0918271
0.107711
0.122866
0.137735
0.152753
0.168148
0.183843
0.199526
0.214878
0.229836
0.244687
0.259877
0.275592
0.291479
0.306889
0.321659
0.336836
0.354602
0.377255
0.406072
0.440976
0.480944
0.524501
0.57013
0.616748
0.664079
0.712548
0.762632
0.814016
0.865045
0.912798
0.953767
0.984816
1.00392
1.01036
1.00449
0.987366
0.96067
0.926978
0.890012
0.854495
0.825333
0.806354
0.799298
0.80364
0.817208
0.836949
0.859379
0.880788
0.897494
0.906296
0.904986
0.892746
0.870312
0.839917
0.805031
0.769826
0.73832
0.713367
0.695993
0.685533
0.68045
0.67922
0.680751
0.684336
0.689411
0.695308
0.701002
0.704851
0.704455
0.69683
0.679009
0.648902
0.606058
0.552036
0.490232
0.425256
0.362015
0.304728
0.256096
0.216862
0.18595
0.161144
0.139977
0.120375
0.100959
0.081126
0.0610608
0.0416815
0.0244562
0.0110299
0.00271172
0
0
0.00283697
0.0111584
0.0240164
0.0398563
0.0569875
0.0740125
0.090063
0.104831
0.118463
0.131389
0.144129
0.157127
0.170672
0.184932
0.200096
0.216538
0.234867
0.25569
0.279051
0.303901
0.328187
0.34974
0.367463
0.381984
0.39537
0.410127
0.428213
0.450641
0.477718
0.509622
0.546926
0.590731
0.642251
0.701966
0.768737
0.839301
0.908445
0.969924
1.01782
1.04781
1.05796
1.04886
1.0232
0.985242
0.940205
0.893656
0.85087
0.816129
0.792152
0.779884
0.778673
0.786583
0.800618
0.816928
0.831259
0.839706
0.839512
0.829568
0.810483
0.784274
0.753914
0.722829
0.694349
0.671061
0.65424
0.643701
0.638236
0.636347
0.636801
0.638833
0.64212
0.646683
0.652687
0.660056
0.667934
0.674253
0.675749
0.6686
0.64947
0.616535
0.570127
0.512806
0.448912
0.383705
0.322301
0.26864
0.224703
0.190265
0.163345
0.141187
0.121235
0.101711
0.0817884
0.0615787
0.0420182
0.0246252
0.0110855
0.00271864
0
0
0.0028408
0.0111759
0.0240288
0.0397971
0.0567474
0.0734455
0.08898
0.10299
0.115586
0.127232
0.138609
0.150477
0.163575
0.178583
0.196179
0.217153
0.242454
0.272865
0.308232
0.346733
0.384953
0.418898
0.445393
0.463066
0.472532
0.475843
0.475671
0.474707
0.475527
0.480801
0.493497
0.516706
0.552997
0.603498
0.667068
0.739863
0.815581
0.886474
0.944911
0.985018
1.00391
1.00215
0.983381
0.953265
0.918103
0.883518
0.853573
0.830501
0.81499
0.806693
0.804625
0.807236
0.81228
0.816864
0.817947
0.813212
0.801824
0.784648
0.763791
0.741761
0.720674
0.701851
0.685818
0.672503
0.661429
0.651884
0.643109
0.634516
0.625872
0.617443
0.610088
0.605226
0.604553
0.609381
0.619733
0.633601
0.646884
0.65421
0.650307
0.63139
0.596121
0.545939
0.484764
0.418154
0.352149
0.29202
0.241225
0.200808
0.169514
0.144631
0.123194
0.102912
0.0825773
0.0620932
0.0423203
0.0247679
0.0111305
0.00272398
0
0
0.00284642
0.0112094
0.0240973
0.039872
0.0567704
0.0733435
0.0886674
0.102358
0.114508
0.125612
0.136496
0.148214
0.16194
0.178885
0.200294
0.22751
0.261879
0.304178
0.353691
0.407587
0.461225
0.509282
0.547127
0.571822
0.582477
0.580053
0.566904
0.546374
0.522583
0.50031
0.484764
0.481053
0.493334
0.523852
0.572155
0.634729
0.705267
0.775677
0.837687
0.884675
0.913191
0.923674
0.920031
0.908179
0.894052
0.881896
0.873545
0.868809
0.866434
0.86498
0.863201
0.859984
0.854151
0.844482
0.830177
0.811543
0.790404
0.769772
0.752781
0.741393
0.73561
0.733595
0.732526
0.729619
0.722818
0.71101
0.69393
0.672022
0.646437
0.619135
0.592967
0.571522
0.558568
0.557025
0.567668
0.588164
0.613137
0.635347
0.647442
0.643632
0.620871
0.579396
0.522564
0.456048
0.38659
0.320582
0.262812
0.215634
0.178789
0.150001
0.126163
0.104544
0.0834905
0.0626038
0.0425864
0.0248833
0.0111643
0.00272762
0
0
0.00285365
0.0112579
0.0242201
0.0400778
0.0570522
0.0737046
0.089138
0.102986
0.115337
0.126692
0.137942
0.15033
0.165374
0.184774
0.210346
0.243909
0.286916
0.339711
0.400722
0.4662
0.530772
0.588563
0.634377
0.664538
0.677261
0.672661
0.652608
0.620565
0.581399
0.541072
0.506106
0.482795
0.476287
0.489671
0.523263
0.574264
0.636981
0.703734
0.766363
0.81806
0.85498
0.877069
0.887654
0.891854
0.894433
0.898114
0.903116
0.907881
0.910292
0.908598
0.901757
0.889339
0.87135
0.848298
0.821572
0.79388
0.769211
0.751954
0.745383
0.75023
0.764163
0.782408
0.799136
0.808983
0.808114
0.794633
0.768471
0.73111
0.685398
0.635494
0.586751
0.545289
0.517083
0.506552
0.514952
0.539395
0.573253
0.607722
0.63378
0.64395
0.633637
0.601844
0.551181
0.487131
0.416767
0.34722
0.284273
0.231375
0.189273
0.156369
0.129747
0.106456
0.0844772
0.0630954
0.0428127
0.0249701
0.0111867
0.00272953
0
0
0.00286224
0.0113197
0.0243916
0.0404023
0.0575677
0.0744836
0.0903231
0.104788
0.117996
0.130429
0.142953
0.156842
0.173752
0.195629
0.224543
0.262363
0.310209
0.367753
0.432731
0.501005
0.567245
0.625925
0.672246
0.702739
0.715527
0.71041
0.688906
0.654266
0.611361
0.566306
0.525786
0.496199
0.482785
0.488874
0.515278
0.559931
0.617996
0.682602
0.746176
0.802083
0.846127
0.877326
0.897594
0.910386
0.918913
0.924794
0.927775
0.926428
0.919217
0.905275
0.884623
0.85803
0.82684
0.793068
0.759702
0.730905
0.711615
0.706342
0.717507
0.744141
0.781614
0.82254
0.858503
0.881944
0.887571
0.872949
0.838387
0.786533
0.721997
0.651088
0.581459
0.521395
0.478593
0.458473
0.462487
0.487359
0.52581
0.568242
0.60462
0.626248
0.627237
0.605428
0.562554
0.503611
0.43558
0.365858
0.300778
0.244541
0.198733
0.162494
0.133344
0.108396
0.0854464
0.0635405
0.0429925
0.0250272
0.0111974
0.00272968
0
0
0.00287187
0.0113922
0.0246039
0.0408252
0.0582737
0.0755959
0.0920754
0.10754
0.122181
0.136459
0.151129
0.167293
0.18641
0.210201
0.240421
0.278459
0.324818
0.378624
0.437428
0.497465
0.554311
0.603677
0.642037
0.666957
0.677206
0.672804
0.655118
0.626955
0.592501
0.556957
0.52589
0.504484
0.496906
0.505859
0.532195
0.57455
0.629242
0.69071
0.752531
0.808767
0.855197
0.889985
0.91349
0.927325
0.93315
0.931816
0.923259
0.907031
0.88304
0.852005
0.815482
0.775626
0.735039
0.69685
0.664934
0.643882
0.638363
0.651817
0.684907
0.734473
0.793558
0.85266
0.901771
0.932472
0.939362
0.920527
0.877249
0.813407
0.734953
0.649524
0.565988
0.49361
0.440701
0.412897
0.411686
0.433937
0.472631
0.518243
0.560427
0.589836
0.599745
0.587114
0.552848
0.501234
0.438738
0.372494
0.30887
0.252395
0.205225
0.167168
0.136311
0.11007
0.0862847
0.0639035
0.0431175
0.0250536
0.0111964
0.00272811
0
0
0.00288214
0.0114723
0.024846
0.04132
0.0591121
0.0769256
0.0941822
0.110887
0.127356
0.144033
0.161479
0.180408
0.201704
0.226339
0.25519
0.288761
0.326867
0.36841
0.411385
0.453191
0.491123
0.522867
0.546812
0.562112
0.56863
0.566899
0.558171
0.544498
0.528682
0.514016
0.503858
0.501226
0.50852
0.527333
0.55819
0.600196
0.650822
0.706071
0.761114
0.811239
0.852761
0.883565
0.903076
0.911727
0.910265
0.899281
0.8792
0.850627
0.81477
0.773618
0.729817
0.686412
0.646688
0.614218
0.592942
0.58693
0.599599
0.632454
0.683828
0.748268
0.817066
0.879891
0.926987
0.951109
0.948589
0.919356
0.866262
0.794229
0.709627
0.619932
0.53343
0.458573
0.402839
0.371328
0.365645
0.383485
0.418858
0.462986
0.505899
0.538358
0.553522
0.547996
0.522059
0.47916
0.424846
0.365447
0.306815
0.253353
0.20747
0.169497
0.138114
0.11121
0.086881
0.0641475
0.0431791
0.0250484
0.0111842
0.00272488
0
0
0.00289261
0.0115563
0.0251053
0.0418555
0.0600159
0.0783379
0.0963896
0.114388
0.13281
0.152093
0.172532
0.194285
0.217371
0.241642
0.266744
0.292091
0.316874
0.340118
0.360829
0.37821
0.391879
0.401982
0.409156
0.414332
0.418516
0.422626
0.427443
0.433648
0.441871
0.452753
0.466999
0.485417
0.50889
0.538214
0.573779
0.615205
0.661081
0.708951
0.755619
0.797699
0.832226
0.857102
0.871248
0.87446
0.867139
0.850064
0.824359
0.791607
0.753958
0.714109
0.6751
0.640067
0.612091
0.594183
0.589272
0.599944
0.627728
0.672016
0.729111
0.792075
0.851762
0.898752
0.925485
0.927768
0.905193
0.860498
0.798352
0.724192
0.64355
0.561951
0.485055
0.418615
0.36799
0.337351
0.328797
0.341407
0.370624
0.408846
0.447173
0.477367
0.493341
0.491962
0.473162
0.439466
0.395155
0.345263
0.294623
0.247084
0.204998
0.169035
0.138429
0.111629
0.0871479
0.0642413
0.0431697
0.0250111
0.011161
0.0027201
0
0
0.00290283
0.0116403
0.0253682
0.0423983
0.0609155
0.0796947
0.0984349
0.117571
0.137767
0.159463
0.182662
0.206891
0.2312
0.254204
0.274236
0.289636
0.299112
0.302086
0.298915
0.290953
0.280414
0.270057
0.262769
0.261075
0.26672
0.280373
0.301589
0.329014
0.360782
0.394977
0.43006
0.465146
0.50009
0.535347
0.571652
0.609604
0.649275
0.689978
0.730227
0.767917
0.800637
0.826047
0.842225
0.847952
0.842891
0.827679
0.803932
0.774137
0.741416
0.709188
0.680786
0.659127
0.646495
0.644478
0.654028
0.67546
0.708143
0.749791
0.795778
0.839212
0.872147
0.887598
0.881455
0.853491
0.807091
0.747903
0.682057
0.614666
0.549138
0.487453
0.431061
0.381821
0.342443
0.316234
0.306055
0.312561
0.332842
0.360905
0.389601
0.412484
0.424943
0.424621
0.411316
0.386577
0.353157
0.31444
0.273873
0.234428
0.198134
0.16582
0.137184
0.111249
0.0870374
0.0641648
0.0430845
0.024942
0.0111276
0.00271392
0
0
0.00291232
0.0117201
0.0256206
0.0429158
0.0617453
0.0808707
0.100082
0.120012
0.141518
0.165069
0.190413
0.216501
0.241498
0.262918
0.277962
0.284092
0.279725
0.264811
0.241128
0.212171
0.1827
0.157989
0.142834
0.14043
0.151839
0.176552
0.212995
0.258474
0.309308
0.361463
0.411381
0.456669
0.496453
0.531324
0.562947
0.593473
0.62493
0.658699
0.69515
0.733437
0.771522
0.806435
0.834789
0.853465
0.860338
0.854872
0.838397
0.813955
0.785744
0.758327
0.735848
0.721427
0.716796
0.722197
0.736583
0.757978
0.783715
0.810296
0.833104
0.846555
0.84515
0.825173
0.78622
0.73173
0.668184
0.603258
0.543599
0.493007
0.451754
0.417455
0.387053
0.358806
0.333291
0.313127
0.301572
0.300472
0.308757
0.322691
0.337528
0.349117
0.354676
0.352843
0.34336
0.326747
0.304104
0.277015
0.247392
0.217164
0.187867
0.160316
0.134549
0.110106
0.0865472
0.0639126
0.0429223
0.0248421
0.0110848
0.0027065
0
0
0.00292063
0.0117918
0.0258492
0.0433778
0.06245
0.0817686
0.101155
0.121394
0.143531
0.168112
0.194735
0.221941
0.247263
0.267437
0.278886
0.278513
0.264631
0.237727
0.200821
0.159333
0.12056
0.0925743
0.0808328
0.0840212
0.0996301
0.12978
0.175795
0.234328
0.299131
0.363477
0.421765
0.470496
0.508682
0.537678
0.560572
0.581347
0.60405
0.63204
0.667354
0.710194
0.758671
0.808919
0.855672
0.893291
0.917047
0.924341
0.915438
0.89345
0.863546
0.831704
0.803449
0.782875
0.772072
0.770942
0.777445
0.788189
0.799113
0.805925
0.804306
0.790225
0.760745
0.7152
0.656159
0.589486
0.523232
0.46559
0.422461
0.395428
0.381336
0.374125
0.367765
0.358484
0.345537
0.3307
0.316899
0.306542
0.300341
0.297261
0.295455
0.293312
0.289904
0.284778
0.27752
0.26757
0.254427
0.238002
0.218784
0.197678
0.175633
0.153295
0.130878
0.108336
0.0857172
0.0634937
0.0426859
0.0247133
0.0110336
0.00269805
0
0
0.00292733
0.0118517
0.0260418
0.0437593
0.0629893
0.0823305
0.101566
0.121563
0.143544
0.168195
0.195119
0.222703
0.248198
0.267983
0.278134
0.275331
0.257917
0.226785
0.185821
0.141878
0.104339
0.0827455
0.0785097
0.0839942
0.0988661
0.131559
0.184833
0.252497
0.325372
0.394785
0.454127
0.499772
0.531362
0.551437
0.564574
0.57634
0.592297
0.617133
0.653898
0.703334
0.763429
0.829379
0.894162
0.949777
0.988971
1.00699
1.00274
0.979015
0.941552
0.897553
0.854023
0.816492
0.788236
0.769968
0.759988
0.754766
0.749805
0.74048
0.722677
0.693371
0.651305
0.597724
0.536761
0.475052
0.420472
0.380132
0.358063
0.35347
0.361008
0.373172
0.383052
0.386091
0.380659
0.367649
0.349426
0.328627
0.307325
0.286846
0.26809
0.251895
0.238998
0.229583
0.222868
0.217243
0.210932
0.202647
0.191835
0.178529
0.163038
0.145671
0.126636
0.10614
0.0846193
0.0629298
0.0423817
0.0245583
0.0109751
0.00268877
0
0
0.00293206
0.0118965
0.0261883
0.0440414
0.0633415
0.0825453
0.101327
0.120561
0.141613
0.165383
0.191664
0.218975
0.244661
0.265168
0.276615
0.275706
0.260814
0.232896
0.195947
0.156821
0.124127
0.104921
0.0997842
0.105719
0.1256
0.165442
0.224509
0.295338
0.368435
0.435122
0.489144
0.527581
0.551026
0.563045
0.56916
0.575703
0.588784
0.613428
0.652847
0.707771
0.77595
0.852025
0.928046
0.994751
1.04345
1.06802
1.06626
1.04034
0.995969
0.940834
0.882845
0.828656
0.782752
0.747062
0.721012
0.701967
0.685998
0.668767
0.646369
0.616114
0.577235
0.531392
0.4827
0.437064
0.400848
0.379132
0.373926
0.383152
0.401211
0.420923
0.435685
0.440972
0.434906
0.417984
0.392273
0.360525
0.325607
0.290333
0.257484
0.229665
0.20873
0.195026
0.18715
0.182689
0.179311
0.17535
0.169781
0.161983
0.151568
0.138338
0.1223
0.103741
0.0833422
0.0622508
0.0420195
0.0243807
0.0109108
0.0026789
0
0
0.0029345
0.0119236
0.0262808
0.0442125
0.0635038
0.0824491
0.100557
0.118628
0.138129
0.160225
0.185076
0.211608
0.237584
0.259845
0.274802
0.279264
0.271448
0.251862
0.223698
0.192504
0.164918
0.146549
0.14038
0.148198
0.172789
0.215607
0.27348
0.339401
0.405143
0.463407
0.509253
0.540842
0.559443
0.568826
0.574306
0.581724
0.596573
0.623273
0.664553
0.720868
0.789941
0.866626
0.943352
1.01126
1.06191
1.08906
1.09005
1.06629
1.02272
0.966471
0.905217
0.845732
0.792916
0.749411
0.715661
0.690288
0.670627
0.653329
0.635032
0.613102
0.586378
0.555705
0.523951
0.495378
0.474447
0.464403
0.466028
0.477074
0.49275
0.507111
0.514716
0.511872
0.497139
0.471099
0.435724
0.393722
0.348179
0.302486
0.260284
0.225011
0.198902
0.181934
0.171897
0.165893
0.161759
0.158267
0.154531
0.149564
0.142323
0.13201
0.118284
0.101347
0.0819757
0.0614902
0.0416107
0.0241847
0.010842
0.00266867
0
0
0.00293444
0.011931
0.026314
0.0442676
0.0634904
0.0821185
0.099465
0.116191
0.133794
0.153719
0.176614
0.202013
0.228318
0.252938
0.27265
0.284292
0.285682
0.276481
0.258655
0.236281
0.214656
0.199035
0.193707
0.201841
0.225263
0.263365
0.312516
0.367016
0.420765
0.468697
0.507678
0.536822
0.557309
0.571907
0.58438
0.598887
0.619411
0.649191
0.690179
0.74255
0.804372
0.871568
0.938289
0.997736
1.04334
1.07005
1.07539
1.05999
1.02733
0.98285
0.932754
0.882734
0.837133
0.798557
0.767948
0.744893
0.728003
0.715222
0.704112
0.692267
0.677926
0.660608
0.641435
0.622863
0.607823
0.598575
0.595684
0.597552
0.600719
0.600852
0.593988
0.577533
0.550678
0.51422
0.470028
0.420539
0.368544
0.317247
0.270266
0.231134
0.202092
0.182818
0.170594
0.162225
0.155767
0.150568
0.146229
0.141797
0.135859
0.127122
0.114871
0.0991165
0.0805965
0.0606799
0.0411673
0.0239748
0.0107703
0.00265831
0
0
0
0
0
0
0
0
0
0
0
0
0
0
0
0
0
0
0
0
0
0
0
1.25485e-07
0
0
1.14392e-07
0
0
0
0
0
2.20914e-07
0
0
2.04261e-07
1.37841e-07
0
0
0
2.56928e-07
2.46653e-07
0
0
0
2.81617e-07
9.77029e-08
0
0
0
1.65512e-07
3.58523e-07
1.93013e-07
1.47321e-07
1.11176e-07
2.45303e-07
0
1.89383e-07
0
0
0
0
0
2.84781e-07
1.51949e-07
0
0
2.54987e-07
0
0
0
0
0
0
0
2.44635e-07
0
0
0
0
0
0
0
0
0
0
0
0
0
0
0
0
0
0
0
0
0
0
0
0
0
