NUMBER_OF_POINTS=10000
DIMENSION=1
TYPE=Scalar
0
0.00647628
0.0260163
0.0587039
0.104593
0.163828
0.23674
0.3239
0.426099
0.544262
0.679278
0.831647
1.00084
1.1844
1.37709
1.57069
1.75483
1.91885
2.05412
2.15613
2.22536
2.26691
2.28899
2.30098
2.31157
2.32752
2.35319
2.39046
2.43909
2.49691
2.56016
2.62395
2.68339
2.73486
2.77737
2.81297
2.84613
2.8821
2.92498
2.97604
3.03297
3.09013
3.13955
3.17232
3.18009
3.15659
3.09915
3.00983
2.89574
2.76824
2.64116
2.52851
2.44238
2.39123
2.37861
2.40242
2.45533
2.52645
2.60362
2.67539
2.73222
2.76717
2.77637
2.75931
2.71885
2.66043
2.59082
2.51662
2.44306
2.37327
2.3082
2.24701
2.18771
2.12786
2.06516
1.99789
1.92513
1.84691
1.76407
1.67798
1.59001
1.50095
1.41067
1.31805
1.22135
1.1189
1.00979
0.894386
0.774509
0.653197
0.534263
0.421726
0.319265
0.229776
0.1551
0.0959447
0.0520073
0.0222697
0.00537681
0
0
0.00648355
0.0260755
0.0589178
0.105158
0.16509
0.23927
0.328549
0.434013
0.556789
0.697735
0.856945
1.03306
1.22248
1.41873
1.61256
1.79295
1.94903
2.07244
2.15921
2.2106
2.23268
2.23467
2.22697
2.21916
2.21874
2.23057
2.25687
2.29754
2.35065
2.41289
2.48029
2.54917
2.61723
2.68436
2.75264
2.82546
2.90589
2.995
3.09061
3.18694
3.27532
3.34538
3.38675
3.39064
3.35159
3.26893
3.14787
2.99941
2.83889
2.68337
2.54875
2.44763
2.38831
2.37418
2.40306
2.46684
2.55249
2.64472
2.72885
2.79315
2.83
2.83627
2.81319
2.7657
2.70111
2.62744
2.55169
2.47872
2.41082
2.34802
2.28877
2.2306
2.17083
2.10701
2.03736
1.96104
1.87823
1.79005
1.69815
1.60419
1.5093
1.41364
1.31637
1.216
1.11099
1.00045
0.884652
0.765199
0.644897
0.527326
0.416298
0.315316
0.22714
0.153521
0.0951246
0.0516628
0.0221695
0.0053647
0
0
0.00648925
0.0261159
0.0590469
0.105467
0.165734
0.240506
0.330763
0.437704
0.562477
0.705768
0.867238
1.04482
1.23404
1.42762
1.61574
1.78721
1.93141
2.04056
2.11146
2.14633
2.15214
2.13906
2.11827
2.1
2.09221
2.09997
2.12556
2.16881
2.2277
2.29893
2.3786
2.46311
2.55001
2.63863
2.72994
2.82584
2.92777
3.03536
3.14542
3.25177
3.3458
3.41767
3.45782
3.45865
3.41615
3.33134
3.21112
3.068
2.9182
2.77867
2.6637
2.58293
2.54097
2.53826
2.57146
2.63331
2.71275
2.79624
2.87012
2.92299
2.94738
2.94058
2.90457
2.84521
2.77071
2.68961
2.60889
2.53275
2.46248
2.39716
2.33472
2.27269
2.20871
2.14076
2.06729
1.98746
1.9013
1.80967
1.71402
1.61593
1.51654
1.41622
1.3144
1.20996
1.10171
0.989017
0.872253
0.752977
0.63379
0.517978
0.409017
0.310099
0.223743
0.151548
0.0941381
0.0512653
0.0220589
0.00535194
0
0
0.00649331
0.026137
0.0590896
0.105513
0.165738
0.24039
0.330406
0.436894
0.560831
0.702606
0.861447
1.03478
1.21766
1.40255
1.57966
1.73821
1.8683
1.963
2.02006
2.04255
2.03821
2.01779
1.99289
1.97393
1.96878
1.98223
2.01607
2.06965
2.14043
2.22457
2.31754
2.41478
2.51257
2.60862
2.70233
2.79436
2.88578
2.97688
3.06631
3.15068
3.22469
3.282
3.31629
3.32258
3.29858
3.24585
3.17043
3.08253
2.99487
2.91995
2.86709
2.84061
2.83989
2.861
2.89848
2.94626
2.9977
3.04553
3.08221
3.10093
3.09689
3.0683
3.01683
2.94733
2.86661
2.78167
2.69798
2.61832
2.54292
2.47033
2.39864
2.32621
2.25188
2.17472
2.09387
2.00864
1.9187
1.8243
1.72621
1.62545
1.52287
1.41874
1.31272
1.20405
1.09203
0.976493
0.858149
0.738669
0.620529
0.506688
0.400192
0.3038
0.21968
0.149226
0.0930023
0.05082
0.021939
0.00533866
0
0
0.00649571
0.0261394
0.0590499
0.105311
0.165138
0.238999
0.32762
0.431835
0.552274
0.688935
0.840666
1.00463
1.17588
1.34717
1.50944
1.65291
1.76881
1.85133
1.89911
1.91581
1.90949
1.89094
1.87153
1.86122
1.86717
1.89327
1.94045
2.00729
2.09069
2.18625
2.28861
2.39193
2.49069
2.58066
2.65963
2.72756
2.78614
2.8378
2.88475
2.92827
2.96842
3.00426
3.03434
3.05729
3.07249
3.08076
3.08471
3.08871
3.09802
3.11716
3.14801
3.18872
3.23404
3.27707
3.31159
3.33361
3.34177
3.33649
3.31865
3.2888
3.24699
3.19339
3.12906
3.05629
2.97826
2.89812
2.81787
2.7378
2.65681
2.57343
2.48687
2.39736
2.30592
2.21351
2.12054
2.02672
1.93134
1.83381
1.73386
1.63154
1.52696
1.42006
1.31047
1.19777
1.08182
0.963081
0.842768
0.722819
0.605663
0.493933
0.390185
0.296657
0.215092
0.146626
0.0917452
0.0503355
0.0218116
0.005325
0
0
0.00649654
0.0261248
0.0589375
0.104895
0.164025
0.236535
0.322812
0.423271
0.538079
0.666794
0.807977
0.958795
1.1147
1.26936
1.415
1.54337
1.64721
1.72193
1.76692
1.78603
1.78699
1.77984
1.77492
1.78095
1.80373
1.84591
1.90746
1.98648
2.0798
2.1831
2.29077
2.39609
2.49206
2.57269
2.63436
2.67655
2.70177
2.7147
2.72108
2.72671
2.73684
2.75594
2.7875
2.83386
2.89597
2.97319
3.06355
3.16406
3.27095
3.37949
3.48368
3.57615
3.64886
3.69476
3.70961
3.69344
3.65061
3.58857
3.51571
3.43932
3.36419
3.2925
3.2244
3.15887
3.09425
3.02837
2.95854
2.88178
2.79561
2.69905
2.59326
2.48131
2.36717
2.25441
2.14511
2.03967
1.93711
1.83587
1.73442
1.63151
1.52619
1.41773
1.30557
1.18954
1.07006
0.94829
0.826074
0.705704
0.589626
0.480169
0.379383
0.288951
0.210151
0.143834
0.0904037
0.0498233
0.0216788
0.00531112
0
0
0.00649595
0.0260959
0.0587667
0.104314
0.162532
0.233304
0.316599
0.412339
0.520177
0.639252
0.767948
0.903666
1.04263
1.17982
1.30921
1.42445
1.52006
1.5927
1.64228
1.67234
1.68958
1.70244
1.71933
1.74698
1.7894
1.84793
1.92196
2.00979
2.10907
2.21654
2.32741
2.43512
2.53204
2.61105
2.66734
2.69968
2.71064
2.70594
2.69322
2.68093
2.67747
2.69077
2.72773
2.79349
2.89033
3.01675
3.16727
3.33304
3.50296
3.6649
3.80674
3.91744
3.98818
4.01373
3.99374
3.93322
3.84204
3.73313
3.61996
3.51394
3.42255
3.34861
3.2907
3.24413
3.2022
3.15731
3.10204
3.03035
2.93882
2.82753
2.70019
2.56318
2.42382
2.28843
2.16094
2.04253
1.93207
1.8271
1.72473
1.62229
1.51757
1.40895
1.29556
1.17737
1.05533
0.931317
0.807801
0.687462
0.57279
0.465844
0.368194
0.280986
0.205048
0.140953
0.0890206
0.0492969
0.0215433
0.0052972
0
0
0.00649417
0.0260559
0.0585553
0.103629
0.160821
0.229673
0.309725
0.400403
0.500876
0.609931
0.725898
0.846584
0.969187
1.09023
1.20565
1.3112
1.40324
1.47963
1.54055
1.58879
1.62935
1.66828
1.71136
1.76279
1.8247
1.8974
1.98016
2.07213
2.17248
2.27988
2.3914
2.50185
2.60426
2.69132
2.75742
2.80021
2.82111
2.82493
2.81888
2.81135
2.81116
2.82695
2.86669
2.93668
3.04031
3.17657
3.33941
3.51806
3.69843
3.865
4.00289
4.09964
4.14693
4.14177
4.08723
3.99223
3.87035
3.73759
3.60968
3.49933
3.41433
3.35659
3.32242
3.30362
3.28911
3.26688
3.22594
3.15831
3.0605
2.93422
2.78594
2.6252
2.4623
2.30593
2.16161
2.03122
1.91359
1.80554
1.70306
1.6021
1.49919
1.3918
1.27863
1.15974
1.03655
0.911561
0.787805
0.668298
0.555566
0.451428
0.357038
0.27308
0.199987
0.13809
0.0876423
0.0487709
0.021408
0.00528344
0
0
0.00649147
0.0260087
0.058323
0.102907
0.159066
0.226034
0.302964
0.388864
0.482512
0.582455
0.687074
0.794657
0.903408
1.01138
1.11642
1.21633
1.30917
1.39387
1.47061
1.54109
1.60812
1.67495
1.74439
1.81813
1.89658
1.97927
2.06566
2.15582
2.25054
2.3506
2.45551
2.56256
2.66672
2.76179
2.84216
2.90435
2.94784
2.97502
2.99053
3.00049
3.01175
3.03145
3.06662
3.12341
3.20591
3.3148
3.44619
3.59144
3.73807
3.8716
3.97781
4.04494
4.06565
4.03831
3.96743
3.8632
3.73997
3.61388
3.50021
3.41079
3.35209
3.32428
3.32141
3.33258
3.34384
3.34059
3.31016
3.24409
3.13975
3.00071
2.83575
2.65676
2.47603
2.30375
2.14648
2.00671
1.88342
1.77311
1.671
1.57199
1.47155
1.36631
1.25456
1.1364
1.0136
0.889113
0.766397
0.648686
0.538498
0.437448
0.346358
0.265553
0.195168
0.135353
0.0863152
0.0482602
0.0212757
0.00527003
0
0
0.00648816
0.0259584
0.0580899
0.102212
0.157436
0.22275
0.297025
0.378971
0.467121
0.55991
0.655843
0.75367
0.852456
0.951524
1.05032
1.14831
1.24498
1.33999
1.43334
1.52539
1.61679
1.70811
1.7995
1.89052
1.98018
2.06739
2.15157
2.23325
2.31417
2.39667
2.48264
2.57226
2.66357
2.75282
2.83564
2.90827
2.96849
3.01594
3.05196
3.07926
3.1016
3.12354
3.15023
3.18694
3.23813
3.30627
3.39055
3.48629
3.58511
3.67616
3.74799
3.79075
3.79806
3.76846
3.70589
3.61932
3.52129
3.42585
3.34603
3.29156
3.26706
3.27112
3.29647
3.33106
3.36005
3.3684
3.3435
3.27759
3.16918
3.02312
2.84938
2.66078
2.47025
2.28857
2.12293
1.97646
1.84864
1.73617
1.63397
1.53634
1.43801
1.33499
1.22524
1.10882
0.987688
0.865045
0.744542
0.629487
0.522329
0.424506
0.336605
0.258716
0.190784
0.132842
0.0850828
0.047779
0.0211493
0.00525714
0
0
0.00648455
0.0259089
0.0578748
0.101603
0.156072
0.22012
0.292458
0.371655
0.456153
0.544397
0.635054
0.727223
0.820548
0.915171
1.01156
1.11026
1.21164
1.31572
1.42213
1.53013
1.63864
1.74629
1.85144
1.95222
2.04665
2.13298
2.21016
2.27841
2.3394
2.39606
2.45179
2.50942
2.57031
2.63412
2.69902
2.76246
2.82187
2.87522
2.9213
2.95985
2.99168
3.01876
3.04422
3.0721
3.10663
3.15117
3.20701
3.27255
3.34298
3.41096
3.46792
3.5058
3.51888
3.50512
3.46689
3.41076
3.34646
3.28511
3.23712
3.21019
3.20777
3.22823
3.26479
3.30641
3.33947
3.35009
3.32668
3.26219
3.1554
3.01101
2.83848
2.6499
2.45771
2.27266
2.10243
1.95108
1.81899
1.70347
1.59967
1.50175
1.40408
1.30238
1.19438
1.08005
0.961308
0.841371
0.723841
0.611936
0.507978
0.413258
0.328228
0.252856
0.187
0.130644
0.0839828
0.0473395
0.0210313
0.00524495
0
0
0.00648099
0.025864
0.0576939
0.101127
0.155082
0.218346
0.289603
0.367425
0.450302
0.53678
0.625675
0.716268
0.808418
0.902533
0.999401
1.09989
1.20461
1.31359
1.42612
1.54083
1.65583
1.76899
1.87803
1.98058
2.07424
2.15668
2.22608
2.28161
2.32399
2.35558
2.38012
2.40197
2.42516
2.45264
2.48589
2.52496
2.5688
2.61571
2.66379
2.71133
2.75724
2.80137
2.84478
2.88962
2.93869
2.99456
3.05859
3.13001
3.20559
3.27983
3.34586
3.39679
3.42719
3.43439
3.41921
3.38604
3.34205
3.29587
3.25597
3.22914
3.21928
3.22656
3.24703
3.27285
3.29321
3.29622
3.27109
3.21043
3.11168
2.97754
2.81522
2.6349
2.44782
2.26444
2.09295
1.93839
1.80221
1.68259
1.57529
1.4748
1.37569
1.27371
1.16653
1.05395
0.937681
0.820667
0.70626
0.597459
0.496423
0.404345
0.321624
0.24821
0.183949
0.128828
0.0830446
0.0469518
0.0209237
0.00523359
0
0
0.00647777
0.0258268
0.0575599
0.100817
0.154526
0.217519
0.28856
0.366334
0.449471
0.536659
0.626804
0.719181
0.813504
0.909911
1.00884
1.11078
1.216
1.32425
1.43468
1.54595
1.65646
1.7646
1.86877
1.96723
2.0579
2.13826
2.20561
2.25773
2.29358
2.31397
2.3217
2.32118
2.31767
2.3164
2.3218
2.33712
2.36422
2.40363
2.4548
2.51631
2.58633
2.66303
2.74504
2.83164
2.92266
3.01807
3.11728
3.21854
3.31847
3.41213
3.49357
3.5568
3.59695
3.61135
3.60028
3.567
3.51729
3.45843
3.39802
3.34293
3.29843
3.26748
3.24998
3.24224
3.23702
3.22456
3.19448
3.13811
3.05042
2.93105
2.7842
2.61761
2.44098
2.26416
2.09544
1.94042
1.80134
1.67731
1.56503
1.45992
1.35729
1.25333
1.14576
1.03419
0.919919
0.805427
0.693668
0.58736
0.488515
0.398283
0.317092
0.244939
0.181719
0.127435
0.0822873
0.0466225
0.020828
0.00522315
0
0
0.00647519
0.0257999
0.0574808
0.100687
0.154419
0.21762
0.289204
0.368024
0.452879
0.54258
0.636041
0.732359
0.830834
0.930953
1.03233
1.13461
1.23731
1.33978
1.44125
1.54105
1.63883
1.73469
1.82894
1.92158
2.0117
2.09708
2.17433
2.23956
2.2895
2.32249
2.33916
2.34253
2.33751
2.33017
2.3269
2.33363
2.35526
2.39522
2.45519
2.53501
2.63283
2.74557
2.86945
3.00061
3.13545
3.27065
3.403
3.52896
3.64443
3.74467
3.82464
3.87969
3.90635
3.90318
3.87125
3.81425
3.73797
3.64948
3.55624
3.46522
3.38239
3.31218
3.25683
3.2155
3.18378
3.15391
3.11628
3.06156
2.98294
2.87762
2.74721
2.59711
2.43509
2.26961
2.10815
1.95602
1.81583
1.68763
1.56952
1.45839
1.35077
1.24354
1.13459
1.02321
0.910163
0.797365
0.68732
0.582478
0.484761
0.395352
0.314769
0.24311
0.180338
0.126481
0.0817189
0.046355
0.0207451
0.00521371
0
0
0.00647346
0.0257848
0.0574603
0.100737
0.154731
0.218536
0.291229
0.371828
0.459264
0.552405
0.650088
0.751124
0.854281
0.958258
1.06169
1.16321
1.26148
1.35545
1.44461
1.52933
1.61114
1.69258
1.77668
1.86593
1.9612
2.06099
2.1614
2.25684
2.34145
2.41046
2.46144
2.49479
2.51382
2.52416
2.53293
2.54774
2.57564
2.62223
2.69089
2.78247
2.89526
3.02543
3.16771
3.31621
3.46509
3.60894
3.74291
3.86258
3.96381
4.04274
4.09588
4.12057
4.11542
4.0808
4.01919
3.93511
3.83467
3.72484
3.61262
3.50432
3.40511
3.31866
3.24683
3.18909
3.14212
3.09991
3.05459
2.99814
2.92416
2.82923
2.71347
2.58015
2.43467
2.2832
2.13146
1.98389
1.84327
1.7108
1.58632
1.46851
1.3553
1.2443
1.13345
1.02164
0.909024
0.796941
0.687487
0.582925
0.485168
0.395504
0.314595
0.242671
0.179775
0.125952
0.0813349
0.046149
0.0206752
0.00520527
0
0
0.00647279
0.0257824
0.0574975
0.100953
0.1554
0.220083
0.294214
0.376908
0.467142
0.563746
0.665409
0.770647
0.877748
0.984754
1.0895
1.18976
1.28354
1.3695
1.44743
1.51881
1.58699
1.65699
1.73454
1.8247
1.93025
2.05059
2.18146
2.31578
2.44508
2.56136
2.65865
2.7342
2.78888
2.82701
2.85552
2.88276
2.91698
2.96502
3.03119
3.11672
3.21984
3.33631
3.46029
3.58535
3.70525
3.81461
3.90907
3.98538
4.04121
4.07504
4.08604
4.07411
4.04
3.98544
3.91331
3.82757
3.733
3.63474
3.53772
3.44607
3.36276
3.28938
3.22606
3.17139
3.12246
3.07496
3.0238
2.96381
2.89077
2.80216
2.6975
2.57823
2.4472
2.30804
2.16453
2.02025
1.87831
1.7412
1.61043
1.48637
1.36807
1.25363
1.14092
1.02836
0.915517
0.803254
0.693368
0.588024
0.489201
0.398344
0.3163
0.243454
0.179937
0.125804
0.0811199
0.0460006
0.0206178
0.00519782
0
0
0.00647329
0.0257927
0.0575875
0.101307
0.156338
0.222042
0.297694
0.382402
0.475061
0.574367
0.678822
0.786717
0.896078
1.00463
1.10983
1.20908
1.30009
1.38143
1.45321
1.51763
1.57927
1.64469
1.72144
1.81633
1.9336
2.0735
2.2317
2.40002
2.56794
2.72461
2.86096
2.97118
3.05369
3.1112
3.14996
3.1785
3.20585
3.23982
3.28557
3.34483
3.41595
3.49456
3.57472
3.65012
3.71517
3.76569
3.79931
3.81545
3.8151
3.80039
3.7741
3.73915
3.69819
3.65338
3.60633
3.55816
3.50969
3.46157
3.41426
3.36803
3.32287
3.27842
3.23397
3.18847
3.14051
3.08842
3.03026
2.96405
2.88799
2.80068
2.70137
2.59011
2.46773
2.33588
2.19697
2.05406
1.91061
1.77001
1.63493
1.50673
1.38512
1.26842
1.15433
1.04092
0.927408
0.814323
0.703291
0.596447
0.495869
0.403181
0.319435
0.24519
0.18068
0.125969
0.0810482
0.0459027
0.0205716
0.00519129
0
0
0.00647504
0.025815
0.0577222
0.101765
0.157447
0.224189
0.30123
0.387544
0.481818
0.582513
0.687941
0.796304
0.90566
1.01387
1.1186
1.21747
1.30841
1.39022
1.46328
1.53004
1.59531
1.66581
1.74919
1.85241
1.98
2.13248
2.30569
2.49115
2.67748
2.85249
3.00537
3.12853
3.21873
3.27739
3.31004
3.32505
3.33196
3.3395
3.35396
3.37808
3.41087
3.44828
3.48449
3.51338
3.5299
3.53098
3.51607
3.48718
3.44845
3.4055
3.36447
3.33095
3.30905
3.30059
3.30495
3.31923
3.33892
3.35877
3.37363
3.37916
3.37231
3.35157
3.31688
3.26938
3.21091
3.14348
3.06873
2.98758
2.90015
2.80587
2.70381
2.5931
2.47334
2.34494
2.20937
2.06914
1.92747
1.7878
1.65299
1.52458
1.40247
1.28513
1.17033
1.05616
0.941752
0.827543
0.715079
0.606482
0.503904
0.409133
0.323427
0.247537
0.181819
0.126362
0.0810866
0.0458459
0.0205353
0.00518558
0
0
0.00647803
0.0258479
0.0578914
0.102289
0.158628
0.226317
0.304459
0.391768
0.486603
0.587123
0.691467
0.797892
0.90479
1.01061
1.11378
1.21273
1.30614
1.39344
1.47532
1.55419
1.63423
1.72094
1.82017
1.93692
2.07401
2.23105
2.40386
2.58474
2.76348
2.9291
3.07173
3.18432
3.2637
3.31096
3.33109
3.33197
3.32281
3.31239
3.30732
3.31083
3.32238
3.33826
3.35288
3.36037
3.35611
3.33782
3.30611
3.26451
3.21889
3.17663
3.14537
3.13179
3.1403
3.17216
3.22502
3.29312
3.36809
3.44022
3.49989
3.53888
3.55153
3.53533
3.49108
3.42243
3.33488
3.23456
3.127
3.01626
2.90452
2.79224
2.67864
2.56237
2.44217
2.31736
2.18816
2.05582
1.92235
1.79013
1.66126
1.53691
1.41704
1.30047
1.18552
1.0707
0.955417
0.840171
0.726454
0.61633
0.511961
0.415254
0.327656
0.250119
0.18315
0.126885
0.0811969
0.045819
0.0205066
0.00518058
0
0
0.00648223
0.0258895
0.0580837
0.102842
0.159792
0.228265
0.307132
0.394752
0.489077
0.58792
0.68928
0.79159
0.893795
0.995258
1.09557
1.19443
1.29173
1.38785
1.48401
1.58243
1.68617
1.79852
1.92211
2.05818
2.20612
2.36323
2.52492
2.68501
2.8364
2.97203
3.08598
3.1745
3.23663
3.27446
3.29286
3.2987
3.29964
3.30271
3.31281
3.33177
3.35803
3.38727
3.41367
3.43148
3.43646
3.42695
3.40428
3.37264
3.33843
3.30927
3.29276
3.29536
3.32119
3.37118
3.44261
3.52912
3.62133
3.70795
3.77737
3.81927
3.82617
3.79448
3.72494
3.62234
3.49441
3.35029
3.19891
3.04758
2.90119
2.76204
2.6303
2.50463
2.38297
2.26322
2.14372
2.0236
1.90284
1.78204
1.66211
1.54375
1.42711
1.31172
1.19674
1.08141
0.965539
0.849729
0.735367
0.624363
0.518805
0.420655
0.331524
0.25257
0.184469
0.12744
0.0813391
0.0458097
0.0204832
0.00517612
0
0
0.00648753
0.0259376
0.0582873
0.103388
0.160867
0.22992
0.309125
0.396432
0.489355
0.585369
0.682366
0.779021
0.874932
0.970503
1.06667
1.16461
1.26568
1.3714
1.48358
1.6042
1.73487
1.87617
2.02699
2.18435
2.34381
2.50022
2.64852
2.78441
2.90467
3.00744
3.09231
3.16035
3.21402
3.25702
3.29399
3.33002
3.36991
3.41729
3.47373
3.53824
3.60725
3.67526
3.73598
3.78368
3.81439
3.82674
3.82219
3.80487
3.78089
3.75755
3.74216
3.74104
3.75841
3.79563
3.85067
3.91816
3.98974
4.05499
4.10275
4.12266
4.10673
4.05054
3.95401
3.82131
3.66011
3.48026
3.29213
3.10511
2.92643
2.76054
2.6091
2.47139
2.34499
2.22663
2.11293
2.00106
1.88907
1.77605
1.66194
1.5471
1.43199
1.3168
1.20145
1.08579
0.969891
0.854327
0.740252
0.629315
0.523448
0.424603
0.334524
0.254566
0.18559
0.127933
0.0814748
0.0458059
0.0204629
0.00517206
0
0
0.00649379
0.0259899
0.0584908
0.103897
0.161802
0.231224
0.31043
0.396962
0.48793
0.58052
0.672563
0.762993
0.852031
0.941061
1.03228
1.12831
1.23184
1.34547
1.47144
1.61117
1.76463
1.92969
2.10194
2.27509
2.44215
2.59675
2.73433
2.85291
2.95317
3.03801
3.11188
3.17979
3.24651
3.31602
3.39114
3.47356
3.56375
3.66103
3.76346
3.86793
3.97022
4.06547
4.14881
4.21606
4.26445
4.29307
4.303
4.29723
4.28034
4.25805
4.23649
4.2214
4.21713
4.22587
4.24704
4.27718
4.31021
4.33811
4.35187
4.34276
4.30356
4.22975
4.12016
3.97731
3.80697
3.61732
3.41767
3.21713
3.02334
2.84166
2.67476
2.52282
2.38407
2.25552
2.13381
2.01585
1.89929
1.78274
1.6657
1.54833
1.43105
1.31423
1.19801
1.08233
0.967193
0.852886
0.740192
0.63041
0.525244
0.42659
0.336283
0.255857
0.186364
0.128286
0.08157
0.0457963
0.0204433
0.00516823
0
0
0.00650086
0.0260441
0.0586845
0.104348
0.162563
0.232167
0.311132
0.396656
0.485536
0.574765
0.662182
0.746969
0.829856
0.912994
0.999562
1.09325
1.19776
1.31628
1.45099
1.60238
1.7687
1.94559
2.12641
2.30328
2.4686
2.61666
2.74485
2.85418
2.94896
3.03575
3.12192
3.21398
3.31629
3.43029
3.5545
3.68513
3.81716
3.94539
4.06533
4.17372
4.26859
4.34911
4.41527
4.46757
4.5068
4.5338
4.54949
4.55496
4.55166
4.54167
4.52768
4.51276
4.49978
4.49082
4.48647
4.48554
4.48501
4.48026
4.46571
4.43549
4.38431
4.30823
4.2053
4.07597
3.92309
3.75162
3.56786
3.3785
3.18954
3.0056
2.82947
2.66223
2.50366
2.35275
2.20818
2.06869
1.93326
1.80122
1.67225
1.54629
1.42336
1.30337
1.18602
1.07082
0.957305
0.845266
0.735006
0.627418
0.523942
0.426373
0.336594
0.256287
0.186688
0.128442
0.0815975
0.0457712
0.0204223
0.00516448
0
0
0.00650852
0.0260978
0.05886
0.104722
0.163136
0.232773
0.311373
0.395899
0.482978
0.569553
0.653555
0.734404
0.8132
0.892577
0.97627
1.06851
1.17334
1.29389
1.43169
1.58603
1.75355
1.92845
2.10318
2.26989
2.42209
2.55619
2.67248
2.77518
2.8716
2.97053
3.08016
3.20611
3.34992
3.50855
3.6749
3.83932
3.99161
4.12305
4.22798
4.30462
4.35501
4.38432
4.39962
4.40842
4.41719
4.43035
4.44962
4.47417
4.50132
4.52756
4.54961
4.56518
4.57322
4.57378
4.56752
4.55515
4.53693
4.5124
4.48031
4.43866
4.38495
4.31651
4.23097
4.12678
4.00368
3.86292
3.70713
3.53981
3.36469
3.18515
3.00388
2.8229
2.64377
2.46785
2.29642
2.13062
1.97143
1.8195
1.67512
1.53823
1.40839
1.28486
1.16661
1.05245
0.941263
0.832263
0.725232
0.620653
0.519682
0.423977
0.335421
0.255801
0.186513
0.128365
0.0815382
0.0457233
0.0203981
0.00516067
0
0
0.00651659
0.0261493
0.059011
0.105011
0.163523
0.233089
0.311314
0.39507
0.480984
0.566113
0.648584
0.728058
0.805872
0.884842
0.968791
1.06186
1.16775
1.28885
1.42564
1.57611
1.73582
1.89831
2.05626
2.20295
2.33391
2.44816
2.54878
2.64248
2.73829
2.84548
2.9713
3.119
3.28657
3.46676
3.64821
3.8176
3.96221
4.0724
4.14329
4.1756
4.17538
4.15296
4.12118
4.09325
4.08057
4.09074
4.1264
4.18503
4.25983
4.3415
4.42028
4.48779
4.53823
4.56874
4.57915
4.57132
4.54831
4.51351
4.46994
4.41959
4.36297
4.29906
4.22559
4.13968
4.03871
3.92106
3.78648
3.63608
3.47197
3.29678
3.11326
2.92417
2.73226
2.54033
2.35117
2.16741
1.99133
1.82465
1.66837
1.52274
1.38731
1.26103
1.14239
1.02964
0.921099
0.815452
0.712019
0.610897
0.512954
0.419678
0.332896
0.254444
0.185839
0.128044
0.0813822
0.0456476
0.0203693
0.00515671
0
0
0.00652486
0.0261967
0.0591334
0.105211
0.163735
0.233173
0.311104
0.394466
0.480069
0.565237
0.648396
0.729446
0.809831
0.892273
0.980239
1.07724
1.18603
1.3079
1.44212
1.58573
1.73376
1.87992
2.01783
2.14239
2.25117
2.34531
2.42962
2.51179
2.60075
2.70454
2.8282
2.97221
3.13184
3.29774
3.45749
3.59801
3.70806
3.78047
3.81356
3.81142
3.78334
3.74226
3.70282
3.67913
3.68258
3.72004
3.79277
3.89617
4.02077
4.15403
4.28275
4.3953
4.48324
4.54201
4.57085
4.57212
4.55033
4.51105
4.45974
4.40077
4.33663
4.26764
4.1921
4.10707
4.00932
3.89634
3.76698
3.62161
3.46187
3.29019
3.10933
2.9221
2.73122
2.53935
2.34908
2.16296
1.98338
1.81242
1.65166
1.50204
1.36366
1.23582
1.1171
1.00564
0.899466
0.796916
0.696934
0.599274
0.50452
0.413952
0.329285
0.252344
0.184717
0.127491
0.0811288
0.0455416
0.0203352
0.00515251
0
0
0.00653311
0.0262389
0.0592251
0.105324
0.16379
0.233078
0.310851
0.394265
0.480466
0.567174
0.653173
0.738579
0.824803
0.914213
1.00958
1.11339
1.22722
1.35116
1.48354
1.62092
1.75846
1.89068
2.0125
2.12042
2.21351
2.29392
2.36668
2.43868
2.51705
2.60729
2.71161
2.82812
2.95089
3.07104
3.17842
3.2638
3.32082
3.34753
3.34703
3.32708
3.29888
3.27523
3.2684
3.28826
3.34096
3.42815
3.54688
3.68992
3.84673
4.00503
4.15267
4.27951
4.37853
4.44639
4.48317
4.49163
4.47624
4.44208
4.39388
4.33518
4.26785
4.19201
4.10645
4.00929
3.89887
3.77445
3.63656
3.48692
3.32798
3.16238
2.99242
2.81985
2.64586
2.47128
2.29696
2.124
1.95399
1.78889
1.63081
1.48161
1.34252
1.21381
1.09476
0.983846
0.87917
0.778902
0.681723
0.587089
0.4953
0.407403
0.324952
0.249696
0.183235
0.126738
0.0807849
0.0454059
0.0202953
0.00514803
0
0
0.00654117
0.026275
0.0592857
0.105357
0.16371
0.232847
0.310617
0.394509
0.482117
0.571629
0.662196
0.754072
0.848478
0.947213
1.05212
1.16454
1.28483
1.41212
1.54424
1.67783
1.80878
1.93281
2.04632
2.1471
2.23497
2.31194
2.38187
2.44946
2.51892
2.59256
2.66986
2.74738
2.81945
2.8795
2.92174
2.94265
2.94218
2.92427
2.8966
2.8695
2.85432
2.86138
2.89819
2.9682
3.07042
3.19989
3.3485
3.50625
3.66257
3.80783
3.93453
4.03809
4.11692
4.17199
4.20594
4.22214
4.22366
4.2126
4.18954
4.15355
4.10257
4.03411
3.94621
3.83831
3.71179
3.57001
3.41783
3.2606
3.10315
2.94882
2.79901
2.65321
2.50957
2.36572
2.21964
2.07038
1.91835
1.76538
1.61419
1.46783
1.32893
1.19914
1.07883
0.967218
0.862706
0.763486
0.668066
0.575645
0.486252
0.400688
0.320307
0.246729
0.181505
0.125829
0.0803645
0.0452429
0.02025
0.00514328
0
0
0.00654885
0.0263045
0.0593168
0.105318
0.163517
0.232516
0.310416
0.39512
0.484721
0.577882
0.674065
0.77354
0.877172
0.986025
1.10091
1.22201
1.3487
1.47945
1.61202
1.74363
1.87129
1.99222
2.1042
2.206
2.29763
2.38022
2.45573
2.52611
2.59235
2.65375
2.70763
2.74988
2.77606
2.78278
2.76898
2.73677
2.69164
2.64199
2.5981
2.57065
2.56898
2.59943
2.66413
2.76041
2.88128
3.01661
3.15488
3.28514
3.39882
3.49097
3.56079
3.6112
3.64769
3.67673
3.7041
3.7335
3.76563
3.79785
3.82446
3.83768
3.82915
3.79171
3.72108
3.61709
3.48409
3.33029
3.16627
3.00288
2.84894
2.70952
2.5852
2.47262
2.3659
2.25864
2.14553
2.02344
1.89181
1.75247
1.60893
1.46549
1.32628
1.19443
1.07155
0.957736
0.851875
0.752278
0.65735
0.566079
0.478252
0.394431
0.315759
0.243684
0.17965
0.124819
0.0798861
0.0450572
0.0201997
0.00513829
0
0
0.00655599
0.0263271
0.0593209
0.105218
0.163235
0.232105
0.310227
0.395938
0.487826
0.584973
0.687039
0.794161
0.906691
1.02484
1.14836
1.27641
1.40754
1.53991
1.67154
1.8005
1.92512
2.04406
2.15641
2.26168
2.3598
2.45098
2.53538
2.61257
2.68101
2.73781
2.77905
2.80075
2.8001
2.7767
2.73339
2.67632
2.61433
2.55768
2.51643
2.4989
2.51032
2.55193
2.62058
2.70905
2.80708
2.90306
2.98611
3.04804
3.08499
3.09809
3.09328
3.08005
3.06949
3.07205
3.09536
3.14257
3.21153
3.29476
3.38047
3.45431
3.50184
3.51108
3.47482
3.39215
3.26882
3.11641
2.95022
2.7863
2.63809
2.51337
2.41287
2.33085
2.25773
2.18323
2.09906
2.00025
1.88555
1.75695
1.61875
1.47641
1.33538
1.20011
1.07335
0.95602
0.847475
0.746179
0.65048
0.559212
0.471979
0.389148
0.311663
0.240781
0.177791
0.123763
0.0793707
0.0448549
0.0201457
0.00513315
0
0
0.00656247
0.0263431
0.0593017
0.10507
0.162885
0.231632
0.31001
0.396775
0.490947
0.591919
0.699406
0.813259
0.933184
1.05847
1.18786
1.31958
1.45159
1.58195
1.70909
1.83201
1.95026
2.06381
2.17279
2.27731
2.37735
2.47255
2.56205
2.64411
2.71591
2.77364
2.81321
2.83131
2.82664
2.80091
2.75913
2.70916
2.66048
2.62248
2.6027
2.60549
2.63126
2.67643
2.7339
2.79415
2.8467
2.8819
2.89276
2.87632
2.83455
2.77431
2.70647
2.64416
2.60064
2.587
2.61012
2.67132
2.7658
2.88295
3.00771
3.12268
3.21071
3.25767
3.25476
3.20006
3.09898
2.96355
2.81045
2.65788
2.5218
2.41205
2.33004
2.26915
2.21782
2.16361
2.09647
2.01049
1.90419
1.77983
1.64238
1.49815
1.35352
1.21379
1.08248
0.961033
0.84909
0.745218
0.647748
0.55545
0.467845
0.385193
0.308286
0.238198
0.176032
0.122714
0.0788403
0.0446427
0.0200893
0.00512796
0
0
0.00656817
0.0263527
0.0592634
0.104888
0.162492
0.231113
0.309733
0.397467
0.493668
0.597908
0.709812
0.828805
0.953862
1.08335
1.21505
1.34644
1.47507
1.59901
1.71719
1.82943
1.93631
2.03875
2.1377
2.23378
2.32719
2.4176
2.50402
2.58461
2.65656
2.71638
2.76063
2.78693
2.79506
2.78754
2.76969
2.74877
2.73266
2.72813
2.73937
2.76704
2.80811
2.85626
2.90298
2.93895
2.95563
2.9468
2.9098
2.84627
2.76226
2.66764
2.57489
2.49722
2.44654
2.43143
2.45565
2.51749
2.60995
2.72178
2.83898
2.94652
3.0303
3.07885
3.08498
3.04691
2.96881
2.86046
2.73593
2.61102
2.49981
2.41097
2.3454
2.2965
2.25307
2.20317
2.13738
2.05044
1.94149
1.81341
1.67168
1.52297
1.37394
1.23009
1.09499
0.970122
0.855119
0.748558
0.648817
0.554748
0.465954
0.382721
0.305781
0.236055
0.174453
0.121717
0.0783155
0.0444281
0.0200321
0.00512286
0
0
0.00657299
0.0263565
0.0592104
0.104684
0.162077
0.230568
0.309381
0.39791
0.495729
0.602453
0.717486
0.839741
0.967434
1.09806
1.22861
1.35596
1.47746
1.59135
1.69706
1.79512
1.88686
1.97391
2.05771
2.13932
2.21927
2.29764
2.37394
2.44701
2.51492
2.57525
2.62564
2.66465
2.69255
2.7117
2.72631
2.74166
2.76291
2.79378
2.83555
2.88661
2.94257
2.99702
3.04257
3.07223
3.08064
3.06506
3.02595
2.96707
2.89507
2.81879
2.74816
2.69279
2.66042
2.65546
2.67789
2.72326
2.7836
2.84917
2.91023
2.95839
2.98733
2.99292
2.97328
2.92893
2.8631
2.78193
2.69397
2.60862
2.5337
2.47294
2.42456
2.38186
2.33554
2.27659
2.1986
2.0988
1.97815
1.84058
1.69191
1.53868
1.387
1.24168
1.10559
0.979656
0.863191
0.754731
0.652836
0.556662
0.466116
0.381692
0.304179
0.234409
0.173106
0.120806
0.0778149
0.0442182
0.0199761
0.00511801
0
0
0.00657686
0.026355
0.0591472
0.104471
0.161662
0.230022
0.308967
0.398087
0.497064
0.605446
0.722331
0.846085
0.974212
1.10347
1.23023
1.35106
1.46331
1.56556
1.65782
1.74125
1.81777
1.88946
1.95808
2.02489
2.09068
2.15588
2.22055
2.28435
2.34644
2.40562
2.46069
2.51103
2.55708
2.60051
2.64394
2.69032
2.74206
2.8003
2.86439
2.93191
2.99891
3.06071
3.11269
3.15127
3.17457
3.18275
3.17792
3.16369
3.14451
3.12507
3.10964
3.1015
3.10231
3.11152
3.1261
3.1409
3.14968
3.14671
3.12825
3.09351
3.04453
2.98528
2.92029
2.85365
2.78863
2.72787
2.67351
2.62689
2.58766
2.55302
2.51762
2.4746
2.41723
2.34056
2.24245
2.12377
1.98799
1.84029
1.68662
1.53273
1.38338
1.24181
1.10947
0.986226
0.87091
0.762074
0.658685
0.560476
0.467914
0.381897
0.303403
0.233251
0.172009
0.120005
0.0773533
0.04402
0.019923
0.00511358
0
0
0.00657974
0.0263488
0.0590775
0.10426
0.161267
0.229506
0.308535
0.398064
0.497798
0.607142
0.724856
0.848792
0.97585
1.10222
1.22393
1.33745
1.44042
1.53195
1.61271
1.68457
1.74994
1.8112
1.87022
1.9282
1.98578
2.04329
2.10088
2.15858
2.21626
2.27368
2.33066
2.38737
2.44445
2.503
2.56428
2.62929
2.69835
2.7708
2.84504
2.91872
2.9892
3.05412
3.11194
3.16236
3.20648
3.24652
3.28524
3.32507
3.36736
3.41184
3.45647
3.49772
3.53092
3.5509
3.55269
3.53224
3.48733
3.41823
3.32817
3.22321
3.11151
3.00202
2.90285
2.81983
2.75571
2.71005
2.67968
2.6592
2.64168
2.61936
2.58464
2.53127
2.4554
2.3562
2.23578
2.0986
1.95048
1.79753
1.64528
1.49799
1.3583
1.22719
1.10418
0.98787
0.87661
0.769183
0.665237
0.565354
0.470787
0.383003
0.303288
0.232521
0.171156
0.119323
0.0769425
0.0438396
0.0198747
0.00510976
0
0
0.00658158
0.0263383
0.0590044
0.104059
0.16091
0.229052
0.308147
0.397969
0.498193
0.608054
0.725994
0.849433
0.974812
1.09796
1.21474
1.32181
1.41725
1.50089
1.57418
1.63968
1.70034
1.75874
1.81664
1.87486
1.93345
1.99206
2.05023
2.10764
2.16421
2.22019
2.27619
2.33313
2.39215
2.45431
2.52029
2.59009
2.66286
2.73703
2.81058
2.8815
2.94828
3.0103
3.06817
3.12377
3.18005
3.24036
3.3076
3.38315
3.46598
3.55223
3.63536
3.70695
3.75797
3.78028
3.76808
3.71905
3.63495
3.52163
3.38826
3.2461
3.10691
2.98125
2.87709
2.79873
2.74632
2.71604
2.70081
2.69137
2.67767
2.65032
2.60193
2.52821
2.4285
2.30569
2.16544
2.01493
1.86152
1.71149
1.56923
1.43682
1.3142
1.19968
1.0907
0.984686
0.87975
0.775182
0.671552
0.570477
0.474119
0.384611
0.303612
0.23212
0.170518
0.118764
0.0765906
0.0436825
0.0198329
0.00510671
0
0
0.00658236
0.026324
0.0589303
0.103875
0.160603
0.228687
0.307867
0.397953
0.498572
0.608803
0.726832
0.84976
0.973715
1.09432
1.20743
1.30996
1.40052
1.47967
1.54966
1.61376
1.67538
1.73729
1.80108
1.86704
1.9344
2.00176
2.06754
2.13047
2.18981
2.24562
2.29874
2.35072
2.40347
2.4588
2.5179
2.58105
2.64744
2.71545
2.783
2.84819
2.90976
2.96752
3.02256
3.07723
3.13472
3.19845
3.27106
3.35334
3.44338
3.53617
3.62383
3.6966
3.74442
3.75869
3.73401
3.6694
3.56888
3.44107
3.29801
3.15319
3.01941
2.90677
2.82119
2.76385
2.73135
2.71652
2.70967
2.70005
2.67739
2.63335
2.56274
2.46421
2.34039
2.1973
2.04318
1.8869
1.73643
1.59744
1.47254
1.3612
1.26038
1.16574
1.0729
0.978499
0.880759
0.779705
0.676937
0.575124
0.477321
0.38631
0.304134
0.231931
0.170054
0.118321
0.0763028
0.043553
0.0197992
0.00510459
0
0
0.00658209
0.0263062
0.0588562
0.10371
0.160353
0.228429
0.307746
0.398148
0.499223
0.609945
0.72833
0.85127
0.974694
1.0941
1.20534
1.30553
1.39368
1.47089
1.54008
1.60511
1.66989
1.73745
1.80936
1.88562
1.96479
2.04449
2.12191
2.19436
2.25981
2.31732
2.36727
2.41142
2.45257
2.49391
2.53832
2.58765
2.64241
2.70177
2.76395
2.82681
2.88843
2.9476
3.00416
3.05904
3.1141
3.17157
3.2333
3.29985
3.36979
3.43922
3.50204
3.55062
3.57713
3.57499
3.54031
3.473
3.37727
3.26129
3.13617
3.01409
2.90625
2.82076
2.76124
2.72635
2.71028
2.70403
2.69704
2.67881
2.64041
2.5757
2.48221
2.36143
2.21864
2.06206
1.90145
1.74651
1.60512
1.48191
1.37748
1.28863
1.20958
1.13384
1.05582
0.971825
0.88051
0.782692
0.680905
0.578704
0.479875
0.387727
0.304622
0.231838
0.169718
0.117985
0.0760822
0.0434548
0.0197749
0.00510356
0
0
0.00658076
0.0262849
0.0587821
0.103562
0.160157
0.228278
0.307805
0.398624
0.500323
0.611833
0.731083
0.854856
0.978946
1.09871
1.2099
1.30958
1.39684
1.47301
1.54134
1.60622
1.67208
1.74247
1.8194
1.90305
1.99188
2.0829
2.1722
2.25556
2.3292
2.39055
2.43888
2.47564
2.5043
2.52968
2.55687
2.59015
2.63213
2.68346
2.74303
2.80843
2.87665
2.94461
3.00978
3.07043
3.12587
3.17628
3.2223
3.26448
3.30261
3.33533
3.36003
3.37321
3.37106
3.35041
3.30957
3.24911
3.1722
3.08453
2.99368
2.90787
2.8345
2.77854
2.7414
2.72049
2.7097
2.70054
2.68363
2.65022
2.59348
2.50946
2.39773
2.26151
2.10742
1.94457
1.78327
1.63338
1.50244
1.39405
1.30708
1.23616
1.17356
1.11146
1.04372
0.966781
0.879766
0.784148
0.683111
0.580777
0.481382
0.388562
0.304888
0.23174
0.16947
0.117748
0.0759307
0.0433907
0.0197611
0.00510372
0
0
0.0065784
0.0262601
0.0587071
0.103428
0.160004
0.228216
0.308021
0.399367
0.501885
0.614519
0.735192
0.860641
0.986551
1.10808
1.22067
1.32105
1.40795
1.48253
1.54807
1.60929
1.6713
1.73853
1.81396
1.89864
1.99152
2.0896
2.18827
2.28199
2.36518
2.43336
2.48422
2.51829
2.53911
2.55255
2.56553
2.58456
2.61443
2.65755
2.71386
2.78116
2.85573
2.93292
3.00788
3.07612
3.13419
3.17999
3.2129
3.23349
3.24303
3.2429
3.23418
3.2174
3.19269
3.16005
3.11975
3.07269
3.02072
2.96659
2.91377
2.86586
2.82585
2.7953
2.77367
2.75812
2.74371
2.72411
2.69258
2.64297
2.57061
2.47315
2.35105
2.20786
2.05008
1.88654
1.72724
1.58175
1.45728
1.35686
1.27842
1.21561
1.1599
1.10309
1.03906
0.964507
0.878906
0.784041
0.683334
0.58107
0.481595
0.388627
0.304809
0.23157
0.169283
0.117602
0.0758493
0.0433626
0.0197586
0.00510516
0
0
0.00657504
0.0262317
0.0586291
0.1033
0.159875
0.228205
0.308328
0.400274
0.503745
0.617748
0.740255
0.868003
0.996581
1.12088
1.23591
1.33774
1.42445
1.49657
1.55716
1.61111
1.66424
1.72218
1.78932
1.86815
1.95878
2.05881
2.16359
2.26675
2.36125
2.44074
2.50097
2.54086
2.56292
2.57277
2.57792
2.58608
2.60371
2.63498
2.6814
2.74187
2.81311
2.89012
2.96686
3.03713
3.09542
3.13784
3.16264
3.17029
3.16315
3.14468
3.11865
3.08845
3.05673
3.02526
2.99511
2.96687
2.94085
2.91725
2.89622
2.87781
2.86176
2.84733
2.8331
2.81677
2.79527
2.7649
2.72169
2.66187
2.58236
2.48145
2.35941
2.21894
2.06532
1.90614
1.75034
1.60677
1.4823
1.38001
1.29821
1.23114
1.1709
1.10986
1.04231
0.965166
0.877953
0.782336
0.681517
0.579515
0.480444
0.387863
0.304341
0.231303
0.169145
0.117545
0.0758392
0.0433717
0.0197679
0.00510793
0
0
0.00657074
0.0261995
0.0585455
0.103168
0.159744
0.22819
0.308625
0.401163
0.505596
0.621022
0.745489
0.87578
1.00742
1.13508
1.25325
1.3573
1.44441
1.51432
1.5695
1.61484
1.65672
1.70194
1.75655
1.82479
1.90844
2.00634
2.11445
2.22626
2.3338
2.42904
2.50555
2.55987
2.59232
2.60683
2.61006
2.60988
2.61381
2.6278
2.65547
2.69776
2.75303
2.81728
2.8848
2.94896
3.00341
3.04319
3.06563
3.07083
3.06137
3.04162
3.0166
2.99101
2.96845
2.95104
2.93946
2.93313
2.93068
2.9302
2.92969
2.92726
2.9213
2.9106
2.8942
2.87128
2.84091
2.8018
2.75219
2.68991
2.61268
2.51863
2.40701
2.27889
2.13758
1.98858
1.83903
1.6965
1.56737
1.45527
1.36003
1.27796
1.2032
1.12959
1.0522
0.968164
0.876748
0.779115
0.677833
0.576289
0.478067
0.386357
0.303533
0.230961
0.169065
0.117581
0.0759019
0.0434188
0.0197891
0.00511205
0
0
0.00656556
0.0261631
0.0584531
0.10302
0.159581
0.228108
0.308787
0.40181
0.507054
0.623709
0.749926
0.882574
1.01721
1.14838
1.27026
1.37761
1.4668
1.53667
1.58893
1.62804
1.66057
1.69412
1.73611
1.79254
1.86704
1.9601
2.06879
2.18703
2.30639
2.41753
2.51188
2.58336
2.62955
2.65206
2.65602
2.64887
2.63888
2.63369
2.63918
2.65872
2.69287
2.73941
2.79377
2.8499
2.90139
2.94274
2.97053
2.98397
2.98494
2.97733
2.966
2.95557
2.94955
2.9497
2.956
2.96687
2.97966
2.99123
2.99851
2.99897
2.99095
2.97384
2.94793
2.91411
2.87342
2.82651
2.77326
2.71258
2.64252
2.56077
2.46532
2.35531
2.23165
2.09729
1.95704
1.81676
1.68216
1.5575
1.44454
1.34233
1.24778
1.15687
1.0659
0.972312
0.87508
0.774657
0.672735
0.571835
0.474811
0.384343
0.30252
0.230613
0.169073
0.117719
0.0760393
0.0435037
0.0198222
0.00511749
0
0
0.00655958
0.0261225
0.058349
0.102844
0.159356
0.227894
0.30869
0.401989
0.507734
0.625195
0.752634
0.887069
1.02422
1.15874
1.28479
1.39686
1.49079
1.56463
1.61919
1.65815
1.68756
1.71508
1.74875
1.79583
1.86145
1.94766
2.05279
2.17145
2.29523
2.4141
2.51818
2.59961
2.65401
2.68121
2.6851
2.67266
2.65255
2.63362
2.62348
2.62753
2.64831
2.68526
2.735
2.79207
2.85001
2.90271
2.9456
2.97647
2.99566
3.00563
3.01014
3.01313
3.0178
3.02591
3.03757
3.05133
3.06455
3.07406
3.07674
3.07016
3.05302
3.02531
2.98827
2.94387
2.89435
2.84144
2.78595
2.7274
2.66406
2.59335
2.51242
2.41896
2.31193
2.19203
2.06186
1.92553
1.78784
1.65332
1.5252
1.40481
1.29164
1.18391
1.07935
0.976029
0.872788
0.769485
0.666962
0.566846
0.471214
0.382183
0.301516
0.230366
0.169212
0.117972
0.076253
0.0436258
0.0198666
0.0051242
0
0
0.00655291
0.0260775
0.0582302
0.102629
0.159041
0.227491
0.308225
0.401512
0.507328
0.625003
0.752919
0.8883
1.02718
1.16459
1.29503
1.4132
1.51482
1.5974
1.66088
1.70779
1.74305
1.77342
1.80655
1.8498
1.90891
1.98676
2.08257
2.19171
2.30647
2.41729
2.51463
2.59073
2.64105
2.66505
2.66611
2.65081
2.6277
2.60591
2.59381
2.59791
2.62193
2.66628
2.72802
2.8014
2.87909
2.95355
3.01851
3.06997
3.1066
3.12955
3.14174
3.14686
3.14847
3.14914
3.15009
3.15104
3.15042
3.14588
3.13492
3.11554
3.08682
3.04912
3.00398
2.95365
2.90045
2.84601
2.79089
2.73434
2.67451
2.60884
2.5346
2.44939
2.35167
2.24114
2.11899
1.98784
1.85133
1.71348
1.5779
1.44707
1.32211
1.2029
1.08852
0.977835
0.869916
0.764376
0.661496
0.562218
0.46796
0.38033
0.300783
0.230353
0.169537
0.118356
0.0765444
0.0437834
0.0199217
0.00513207
0
0
0.00654566
0.0260282
0.0580947
0.102367
0.158614
0.226854
0.307318
0.400262
0.505662
0.622891
0.750453
0.885829
1.02548
1.16505
1.29973
1.4248
1.5363
1.6316
1.70989
1.77247
1.82269
1.86567
1.90753
1.95443
2.01132
2.08079
2.16229
2.25205
2.34377
2.4299
2.50313
2.55788
2.59132
2.60384
2.59903
2.58301
2.56365
2.54946
2.54858
2.56749
2.60992
2.67592
2.76162
2.85989
2.96168
3.05783
3.14066
3.20513
3.24928
3.27401
3.28236
3.27857
3.26703
3.25146
3.23433
3.21659
3.19777
3.17641
3.15066
3.11905
3.08099
3.0371
2.98898
2.9386
2.88753
2.83626
2.78392
2.72861
2.66793
2.59967
2.52223
2.4347
2.33682
2.22884
2.11161
1.98664
1.85616
1.72289
1.58961
1.45866
1.33158
1.20903
1.09101
0.977131
0.866991
0.760387
0.657499
0.558958
0.4658
0.379279
0.300608
0.230713
0.170103
0.118886
0.0769134
0.0439745
0.0199863
0.00514099
0
0
0.00653797
0.0259747
0.0579413
0.102052
0.158062
0.225961
0.305938
0.398208
0.502724
0.618887
0.745326
0.879805
1.01928
1.1601
1.29833
1.43014
1.5522
1.66208
1.75856
1.84184
1.91366
1.97706
2.03589
2.09404
2.15451
2.21855
2.28528
2.3518
2.41388
2.46699
2.50737
2.53282
2.54321
2.54058
2.52894
2.51399
2.50257
2.50198
2.51897
2.55852
2.62256
2.70919
2.81268
2.92452
3.035
3.13501
3.21747
3.27821
3.31611
3.33278
3.3318
3.31774
3.29529
3.26849
3.24014
3.21165
3.18303
3.15329
3.12103
3.08511
3.04519
3.00189
2.95651
2.91032
2.86371
2.81573
2.76408
2.70579
2.6383
2.56022
2.47171
2.37416
2.26947
2.15936
2.04506
1.92734
1.80697
1.68492
1.5624
1.44061
1.32051
1.20269
1.08744
0.974915
0.865287
0.758879
0.656219
0.55808
0.465464
0.379497
0.301254
0.231575
0.170959
0.119572
0.0773583
0.0441959
0.0200594
0.00515082
0
0
0.00653
0.0259178
0.0577701
0.101683
0.157381
0.224809
0.3041
0.395408
0.498656
0.613271
0.738011
0.870918
1.00942
1.15057
1.29129
1.42869
1.56024
1.68396
1.79857
1.90356
1.99926
2.0867
2.16728
2.24226
2.31225
2.37686
2.43466
2.48361
2.52168
2.5475
2.56082
2.56278
2.55577
2.54333
2.52993
2.52068
2.521
2.53591
2.5692
2.62247
2.69442
2.78084
2.87523
2.97001
3.0578
3.13266
3.19075
3.23058
3.25281
3.25975
3.25462
3.24098
3.22211
3.20062
3.17823
3.15565
3.1327
3.10855
3.08211
3.05245
3.01913
2.98226
2.94223
2.89918
2.85249
2.80052
2.74083
2.67091
2.58917
2.49564
2.39224
2.2822
2.16916
2.05603
1.94441
1.83466
1.72632
1.61879
1.51159
1.40444
1.29715
1.18959
1.08177
0.973984
0.866879
0.761439
0.658865
0.560465
0.467553
0.381357
0.302926
0.233032
0.172137
0.120419
0.0778744
0.0444437
0.0201394
0.00516138
0
0
0.00652192
0.025858
0.0575826
0.10126
0.156575
0.223419
0.301859
0.391993
0.493721
0.606511
0.729252
0.86024
0.997308
1.13806
1.28012
1.42138
1.56004
1.6947
1.82424
1.9478
2.06477
2.17461
2.2767
2.37015
2.45367
2.52565
2.58446
2.62894
2.6589
2.6754
2.68075
2.67831
2.67205
2.66623
2.66495
2.67181
2.68937
2.71878
2.75945
2.80907
2.86397
2.91975
2.97209
3.01758
3.05417
3.0814
3.10012
3.1121
3.11945
3.12415
3.12771
3.13097
3.1341
3.13667
3.13787
3.13665
3.13193
3.12273
3.10819
3.08766
3.06069
3.0269
2.98587
2.93699
2.87934
2.81173
2.73297
2.64236
2.54022
2.42828
2.30967
2.18848
2.0688
1.95377
1.84499
1.74246
1.64509
1.55127
1.45929
1.36752
1.27448
1.17894
1.08021
0.978347
0.874274
0.769612
0.666394
0.566708
0.472429
0.38507
0.305732
0.23513
0.173646
0.12142
0.0784542
0.0447134
0.0202249
0.0051725
0
0
0.00651389
0.0257966
0.0573817
0.100791
0.155662
0.221827
0.299299
0.388138
0.488247
0.599159
0.719906
0.849004
0.984577
1.12459
1.26711
1.4105
1.55347
1.69502
1.83426
1.97028
2.10192
2.22776
2.34603
2.4547
2.55166
2.63504
2.7036
2.75721
2.79708
2.82578
2.84689
2.86459
2.88299
2.90545
2.93399
2.96874
3.0079
3.04804
3.08489
3.11422
3.13277
3.13895
3.13322
3.11815
3.0979
3.07742
3.06149
3.05394
3.05707
3.07149
3.09609
3.12829
3.16436
3.20002
3.23104
3.25388
3.2661
3.26644
3.25473
3.23138
3.19704
3.15214
3.0967
3.03033
2.95235
2.86223
2.75987
2.64605
2.52265
2.39269
2.26006
2.12901
2.0034
1.88606
1.77833
1.68008
1.59001
1.50608
1.4258
1.34647
1.26534
1.18003
1.08897
0.991806
0.88955
0.7844
0.679219
0.57695
0.48013
0.390635
0.309663
0.237853
0.175469
0.122561
0.079087
0.0449994
0.0203141
0.005184
0
0
0.00650612
0.0257349
0.0571717
0.100287
0.154663
0.220082
0.29652
0.384031
0.482561
0.591747
0.710773
0.838339
0.972752
1.11214
1.2547
1.39892
1.54365
1.68803
1.83126
1.9724
2.11014
2.24279
2.36834
2.48472
2.59006
2.68315
2.76376
2.83291
2.89292
2.94714
2.99949
3.05369
3.11244
3.17653
3.24427
3.31144
3.37204
3.41957
3.44849
3.45544
3.43997
3.40478
3.3554
3.29944
3.24535
3.20111
3.1731
3.16532
3.17911
3.21309
3.26332
3.32371
3.38671
3.44447
3.49002
3.51827
3.52657
3.51473
3.48447
3.43864
3.38025
3.31169
3.23423
3.14792
3.05188
2.94491
2.82634
2.69664
2.55783
2.41342
2.26793
2.1261
1.99218
1.86919
1.75867
1.66058
1.57356
1.49519
1.42222
1.35092
1.27745
1.19843
1.11155
1.01611
0.913261
0.805664
0.696923
0.590754
0.490313
0.397828
0.314581
0.241121
0.177561
0.123816
0.0797591
0.0452961
0.0204053
0.0051957
0
0
0.00649879
0.0256744
0.0569583
0.0997612
0.153609
0.218243
0.293625
0.379845
0.476938
0.584683
0.702434
0.82904
0.962885
1.10207
1.24465
1.3889
1.53345
1.67722
1.8193
1.9587
2.09418
2.22427
2.34735
2.46197
2.56715
2.66274
2.74963
2.82995
2.90685
2.9841
3.06541
3.15344
3.24883
3.34937
3.44991
3.54302
3.62058
3.67559
3.70367
3.70404
3.67956
3.63625
3.58231
3.52702
3.47944
3.44729
3.43606
3.44841
3.48374
3.53816
3.60477
3.67455
3.73775
3.78548
3.81115
3.81131
3.78589
3.73771
3.67159
3.59313
3.5075
3.41841
3.32742
3.23374
3.13475
3.02698
2.90741
2.77472
2.62999
2.47679
2.32053
2.16736
2.02303
1.89184
1.77617
1.67624
1.59034
1.51524
1.44665
1.37978
1.3099
1.23301
1.14649
1.04958
0.943633
0.831754
0.718129
0.607086
0.502277
0.406213
0.320238
0.244802
0.179852
0.125149
0.0804545
0.0455971
0.0204971
0.00520744
0
0
0.00649208
0.0256168
0.0567479
0.0992313
0.152536
0.21637
0.29071
0.375715
0.471554
0.578187
0.695147
0.821403
0.955328
1.09482
1.23757
1.38133
1.52417
1.66457
1.80133
1.93347
2.06002
2.18003
2.29264
2.39727
2.4938
2.58291
2.66618
2.74626
2.82666
2.91127
3.00348
3.10513
3.21548
3.33067
3.44415
3.54792
3.6345
3.69872
3.73884
3.75673
3.75714
3.74661
3.73231
3.72112
3.71897
3.73025
3.75724
3.79954
3.85371
3.9134
3.97024
4.01517
4.0402
4.03977
4.01171
3.95741
3.88126
3.78975
3.69016
3.58931
3.49238
3.402
3.3178
3.23641
3.15234
3.05926
2.95178
2.82687
2.68489
2.52971
2.36791
2.20753
2.0563
1.92025
1.80265
1.70374
1.62106
1.55016
1.48557
1.42161
1.35306
1.27581
1.18731
1.08704
0.97666
0.859657
0.740664
0.624459
0.515063
0.415213
0.326309
0.248722
0.182255
0.12652
0.0811556
0.0458963
0.0205878
0.00521907
0
0
0.00648616
0.025564
0.0565481
0.0987165
0.151481
0.214527
0.287858
0.371733
0.466484
0.572272
0.68882
0.815188
0.949664
1.08982
1.23277
1.37552
1.51536
1.65015
1.77839
1.89921
2.0122
2.11726
2.21452
2.30428
2.38712
2.46396
2.53634
2.60655
2.67762
2.75294
2.83543
2.92658
3.02554
3.12892
3.23147
3.32755
3.41283
3.48559
3.54703
3.60056
3.65049
3.7008
3.75435
3.81258
3.87562
3.94216
4.00939
4.07278
4.12637
4.16348
4.17787
4.16503
4.12318
4.05383
3.96149
3.85302
3.73645
3.61983
3.51009
3.41216
3.32832
3.25782
3.19696
3.13953
3.07785
3.0042
2.91238
2.79913
2.66505
2.51466
2.35569
2.19754
2.04933
1.91803
1.80712
1.71626
1.6419
1.57846
1.51964
1.45937
1.39243
1.31494
1.22467
1.12144
1.00718
0.88572
0.762024
0.641214
0.52762
0.424195
0.332432
0.252686
0.184672
0.127884
0.0818447
0.0461879
0.0206761
0.00523045
0
0
0.00648118
0.0255177
0.0563663
0.0982371
0.150486
0.212774
0.285144
0.367957
0.461714
0.566782
0.683064
0.809693
0.944824
1.08563
1.22855
1.36969
1.50547
1.63304
1.75064
1.85768
1.95454
2.04228
2.12228
2.1959
2.26431
2.32847
2.38939
2.44832
2.50699
2.56743
2.63143
2.69994
2.77257
2.84771
2.92333
2.99813
3.07257
3.14914
3.23157
3.32343
3.42661
3.54049
3.66189
3.78559
3.90501
4.01273
4.10098
4.16238
4.19083
4.18253
4.13695
4.0572
3.94985
3.8239
3.6894
3.55599
3.43169
3.32226
3.23083
3.15792
3.10155
3.05746
3.01953
2.98044
2.93256
2.86909
2.78519
2.67903
2.5524
2.41071
2.26223
2.11657
1.98269
1.86699
1.77196
1.69613
1.63495
1.58229
1.53174
1.47742
1.41447
1.33929
1.24989
1.14626
1.03051
0.906668
0.779979
0.655874
0.538999
0.432572
0.338262
0.256506
0.187007
0.129197
0.0825047
0.0464667
0.0207611
0.0052415
0
0
0.00647725
0.0254797
0.0562103
0.0978139
0.14959
0.211176
0.282639
0.364429
0.457195
0.56148
0.677344
0.803969
0.939376
1.08034
1.22263
1.36153
1.49256
1.61225
1.71863
1.81145
1.892
1.96263
2.02611
2.08502
2.14131
2.19616
2.25011
2.30333
2.35595
2.4081
2.45981
2.51084
2.56077
2.60959
2.65844
2.71044
2.77071
2.84551
2.94041
3.05826
3.19781
3.35358
3.51676
3.67643
3.82093
3.93897
4.02085
4.05954
4.05187
3.99922
3.90769
3.78741
3.65093
3.5111
3.37894
3.26221
3.16499
3.08813
3.0299
2.98665
2.95329
2.92374
2.8915
2.85024
2.79457
2.7207
2.62706
2.51472
2.38748
2.25162
2.11513
1.98633
1.87226
1.77712
1.70151
1.64269
1.59572
1.55473
1.51387
1.46783
1.41201
1.34283
1.25816
1.15784
1.04392
0.920524
0.793111
0.667439
0.54851
0.439884
0.343512
0.260012
0.189173
0.13042
0.083121
0.0467289
0.0208419
0.00525213
0
0
0.00647447
0.0254514
0.0560871
0.0974667
0.148835
0.209796
0.280421
0.361209
0.452905
0.556174
0.671178
0.797131
0.931935
1.07206
1.21276
1.34869
1.47471
1.5869
1.68317
1.76364
1.83041
1.88696
1.93733
1.98526
2.03357
2.08386
2.13652
2.19095
2.24592
2.29984
2.35099
2.39784
2.43963
2.47709
2.51321
2.55357
2.60577
2.67778
2.7756
2.90097
3.05028
3.215
3.38317
3.54132
3.67639
3.77724
3.83609
3.84951
3.81899
3.75093
3.65576
3.5462
3.43509
3.33301
3.24674
3.17883
3.12822
3.09135
3.0631
3.03753
3.00841
2.96988
2.91699
2.84634
2.75646
2.648
2.52373
2.38824
2.2475
2.10826
1.97725
1.86028
1.76124
1.68147
1.61963
1.57234
1.53505
1.50282
1.47066
1.43365
1.38707
1.32685
1.25023
1.15651
1.04743
0.927087
0.801103
0.675548
0.555811
0.445851
0.347975
0.263074
0.191097
0.13152
0.0836824
0.0469716
0.0209183
0.00526232
0
0
0.00647288
0.0254339
0.0560027
0.0972135
0.148258
0.208698
0.278577
0.358393
0.448911
0.550835
0.66436
0.788694
0.921664
1.05957
1.1974
1.32948
1.45041
1.55608
1.64448
1.71608
1.77358
1.82129
1.86412
1.90666
1.95239
2.00328
2.05965
2.12038
2.18323
2.24537
2.30392
2.35666
2.40276
2.4434
2.48218
2.52499
2.57907
2.65136
2.74639
2.86454
3.0013
3.14791
3.29295
3.42442
3.53171
3.60728
3.64767
3.65403
3.63177
3.58959
3.5378
3.48636
3.44292
3.41155
3.3924
3.38231
3.37588
3.36664
3.34805
3.3143
3.26088
3.18499
3.08583
2.96461
2.82447
2.6702
2.50779
2.34385
2.18493
2.03686
1.90419
1.78979
1.6947
1.61817
1.55812
1.51165
1.4754
1.44568
1.41826
1.38829
1.35043
1.29964
1.23212
1.14636
1.04363
0.927831
0.804671
0.680452
0.560902
0.450368
0.351533
0.265602
0.192727
0.132474
0.0841819
0.0471939
0.0209901
0.00527205
0
0
0.00647248
0.0254281
0.055962
0.0970689
0.147894
0.207945
0.277211
0.356127
0.445403
0.545686
0.657121
0.778866
0.908706
1.04291
1.17649
1.30379
1.41951
1.5197
1.6026
1.66899
1.72199
1.76636
1.80748
1.85036
1.8988
1.95486
2.01867
2.08857
2.16155
2.23394
2.3023
2.36426
2.41925
2.46884
2.51668
2.56788
2.62794
2.70144
2.79065
2.89467
3.00926
3.12752
3.24126
3.34261
3.42565
3.48756
3.5291
3.55436
3.56979
3.58265
3.59925
3.62343
3.6556
3.69259
3.72828
3.75486
3.76425
3.74946
3.70567
3.63075
3.52541
3.39276
3.23776
3.06649
2.88549
2.70129
2.5199
2.34651
2.18516
2.03858
1.9082
1.79432
1.69642
1.61352
1.54455
1.48841
1.44376
1.40853
1.37932
1.35115
1.31794
1.27349
1.21289
1.13371
1.03665
0.92528
0.805213
0.682823
0.564033
0.453474
0.354149
0.26755
0.194034
0.133271
0.0846182
0.0473967
0.0210579
0.00528135
0
0
0.00647321
0.0254342
0.0559677
0.0970432
0.147768
0.207593
0.276426
0.354596
0.442686
0.541206
0.650169
0.768643
0.894399
1.02381
1.1521
1.27399
1.38456
1.48027
1.55972
1.62394
1.67622
1.72144
1.76504
1.81207
1.86627
1.92951
2.00155
2.08021
2.16193
2.24257
2.31845
2.38723
2.44852
2.50407
2.55738
2.61292
2.67499
2.74666
2.82892
2.92037
3.01749
3.11545
3.20924
3.29498
3.37085
3.43758
3.49825
3.55741
3.61978
3.68864
3.76463
3.84502
3.92367
3.99185
4.03961
4.05747
4.03818
3.97798
3.87731
3.74061
3.57553
3.39157
3.19866
3.00579
2.82011
2.64636
2.4869
2.34196
2.21021
2.08947
1.9775
1.87258
1.77401
1.68225
1.5988
1.52561
1.46426
1.41488
1.37532
1.34086
1.30491
1.26039
1.20146
1.12489
1.03073
0.922097
0.804274
0.68346
0.565553
0.455284
0.355838
0.26891
0.195015
0.133913
0.0849953
0.0475826
0.0211225
0.00529028
0
0
0.00647498
0.0254521
0.0560205
0.0971412
0.147895
0.207681
0.276315
0.353993
0.441127
0.538037
0.644558
0.759643
0.881077
1.00543
1.12833
1.24504
1.35129
1.44408
1.52238
1.58735
1.6422
1.69151
1.74034
1.79325
1.8535
1.92244
1.99941
2.08197
2.16647
2.2489
2.32572
2.39467
2.45536
2.5094
2.5602
2.61225
2.67016
2.73749
2.81578
2.90416
2.99954
3.09761
3.19411
3.28624
3.37337
3.45723
3.54107
3.62834
3.72102
3.8183
3.91594
4.00641
4.0798
4.12535
4.1333
4.0967
4.0129
3.88438
3.71856
3.5268
3.32273
3.12016
2.93111
2.76417
2.62363
2.50919
2.41666
2.33906
2.26828
2.19674
2.11876
2.03158
1.93559
1.83401
1.73207
1.63565
1.54988
1.4776
1.41835
1.36816
1.32043
1.2677
1.20354
1.12411
1.02883
0.920218
0.803019
0.682999
0.565767
0.455923
0.356649
0.269703
0.195685
0.134416
0.0853234
0.0477562
0.0211849
0.00529891
0
0
0.00647765
0.0254809
0.0561188
0.0973609
0.148278
0.208226
0.276935
0.354466
0.441052
0.536812
0.641395
0.753651
0.871413
0.991521
1.11011
1.22315
1.3271
1.4196
1.49999
1.56942
1.6307
1.68768
1.74446
1.80452
1.87002
1.9415
2.01787
2.09683
2.17539
2.25041
2.31922
2.38006
2.43258
2.47822
2.5204
2.56423
2.61574
2.68042
2.76157
2.85908
2.96935
3.08636
3.20368
3.31637
3.42223
3.5218
3.61733
3.7109
3.80262
3.8893
3.96441
4.01885
4.04265
4.0268
3.96521
3.85622
3.70348
3.51603
3.30734
3.09367
2.89177
2.71644
2.57835
2.48246
2.42736
2.4057
2.40557
2.41273
2.41302
2.39473
2.35041
2.27776
2.17952
2.06257
1.93628
1.81059
1.69402
1.59194
1.50552
1.43172
1.36434
1.29597
1.22004
1.13234
1.0318
0.920291
0.801885
0.681701
0.564821
0.455477
0.35664
0.26998
0.196086
0.134806
0.085618
0.0479237
0.0212467
0.00530734
0
0
0.00648101
0.0255193
0.0562585
0.0976934
0.148901
0.20921
0.278283
0.356066
0.442636
0.537937
0.641468
0.752008
0.867478
0.985029
1.10134
1.21311
1.31757
1.413
1.49902
1.57664
1.64805
1.716
1.7832
1.85158
1.9219
1.9937
2.06555
2.13555
2.20181
2.26269
2.31695
2.36392
2.40377
2.43805
2.47032
2.50632
2.55338
2.61855
2.70624
2.81617
2.94304
3.07814
3.21208
3.33742
3.4502
3.54995
3.63826
3.71671
3.78481
3.83896
3.8727
3.87802
3.84727
3.77503
3.65974
3.50469
3.31835
3.11383
2.90761
2.71745
2.55995
2.44786
2.38794
2.37968
2.41525
2.48085
2.55883
2.63043
2.67859
2.69041
2.65897
2.5839
2.47095
2.33041
2.17503
2.01762
1.86883
1.73546
1.61964
1.51896
1.42783
1.33933
1.24719
1.14729
1.03828
0.921558
0.800472
0.679386
0.562669
0.453977
0.35588
0.269816
0.196279
0.135126
0.0858998
0.0480926
0.0213093
0.00531567
0
0
0.00648483
0.0255655
0.0564332
0.0981229
0.149731
0.21058
0.280283
0.358705
0.44581
0.541417
0.644923
0.755079
0.86991
0.986853
1.10307
1.21587
1.32314
1.42363
1.51712
1.60432
1.68665
1.76572
1.84283
1.91854
1.9925
2.06356
2.13022
2.19112
2.24536
2.29264
2.33307
2.36709
2.39555
2.42036
2.44515
2.47569
2.51923
2.58257
2.66937
2.77816
2.90222
3.03162
3.15627
3.26873
3.36556
3.44708
3.51566
3.57337
3.62009
3.6528
3.6661
3.65376
3.61048
3.53339
3.42324
3.28498
3.12784
2.96475
2.811
2.68226
2.59206
2.54932
2.55649
2.60882
2.69506
2.79901
2.90191
2.98505
3.03247
3.03321
2.98283
2.88361
2.74374
2.57548
2.3928
2.20902
2.03472
1.87638
1.73589
1.6111
1.49708
1.38787
1.2781
1.16427
1.04523
0.922117
0.797689
0.67551
0.559114
0.451424
0.354457
0.269314
0.196348
0.135426
0.0861931
0.0482711
0.0213744
0.00532399
0
0
0.00648886
0.0256171
0.0566344
0.0986266
0.150721
0.212242
0.282779
0.362144
0.45023
0.546783
0.651144
0.762056
0.877622
0.995467
1.11305
1.22806
1.33871
1.44395
1.54348
1.63761
1.72701
1.81238
1.89415
1.97223
2.04599
2.1144
2.17646
2.23145
2.2792
2.31998
2.35433
2.38289
2.40658
2.42718
2.44791
2.47371
2.51043
2.5631
2.63383
2.72043
2.81667
2.91427
3.00562
3.08602
3.15465
3.21388
3.26744
3.31816
3.36657
3.41055
3.44612
3.46854
3.47351
3.45806
3.4214
3.36557
3.2959
3.22074
3.15052
3.09605
3.06637
3.0668
3.09758
3.15353
3.22464
3.29752
3.35728
3.38975
3.38371
3.33263
3.23562
3.0973
2.9268
2.7359
2.53692
2.34076
2.15539
1.98509
1.83051
1.68933
1.5575
1.43052
1.3046
1.17747
1.04869
0.919457
0.792092
0.669374
0.553934
0.447852
0.352507
0.268616
0.196397
0.135768
0.0865251
0.0484679
0.0214436
0.00533241
0
0
0.00649281
0.0256716
0.0568518
0.0991769
0.151808
0.214074
0.285547
0.366006
0.455305
0.553152
0.658859
0.77116
0.888178
1.00758
1.12689
1.24383
1.3566
1.46401
1.56544
1.66075
1.75008
1.83373
1.91198
1.98502
2.05291
2.11564
2.17324
2.22581
2.27349
2.31628
2.35395
2.38613
2.4127
2.43446
2.45366
2.47393
2.49955
2.53411
2.57915
2.63347
2.6935
2.75478
2.81367
2.86882
2.92147
2.97473
3.03218
3.0966
3.16936
3.25043
3.3384
3.43036
3.52177
3.60686
3.67978
3.73616
3.7744
3.79609
3.8055
3.80817
3.80926
3.81204
3.81697
3.82146
3.82027
3.80641
3.77234
3.7115
3.6196
3.49568
3.34242
3.16576
2.97383
2.77542
2.57851
2.38909
2.21058
2.04384
1.88774
1.73984
1.59732
1.45763
1.31912
1.18129
1.04477
0.911121
0.782332
0.66041
0.547036
0.443405
0.350241
0.267908
0.196552
0.136216
0.0869231
0.0486909
0.0215183
0.00534101
0
0
0.0064964
0.025726
0.0570742
0.0997427
0.15292
0.215931
0.288321
0.369834
0.460295
0.559391
0.666425
0.780119
0.898564
1.01935
1.13985
1.25756
1.37035
1.47661
1.5753
1.66588
1.74831
1.82304
1.89099
1.95342
2.01184
2.06776
2.12239
2.17642
2.22968
2.28108
2.3287
2.37035
2.40428
2.42996
2.44852
2.4627
2.47614
2.49252
2.51464
2.54394
2.58054
2.62371
2.6726
2.7268
2.7866
2.85305
2.92806
3.01454
3.11638
3.23757
3.38023
3.54256
3.7178
3.89521
4.0626
4.20916
4.32739
4.4138
4.46829
4.49284
4.49019
4.46277
4.41226
4.33953
4.2449
4.12853
3.99096
3.83354
3.65892
3.47121
3.27578
3.07859
2.88521
2.6998
2.52447
2.3592
2.20229
2.0512
1.90332
1.75658
1.60979
1.46273
1.31614
1.17146
1.03057
0.895408
0.767646
0.648486
0.538635
0.43842
0.347977
0.267423
0.196951
0.136841
0.0874131
0.0489472
0.0215996
0.00534984
0
0
0.00649933
0.0257774
0.0572897
0.100291
0.153985
0.217666
0.290825
0.373152
0.46443
0.564335
0.672182
0.786705
0.905971
1.02746
1.14831
1.26564
1.37681
1.47969
1.57277
1.65533
1.72752
1.79052
1.84648
1.8983
1.94922
2.00217
2.05915
2.12066
2.18543
2.25055
2.31201
2.36563
2.4081
2.4378
2.45529
2.46319
2.46577
2.46819
2.4757
2.49277
2.52244
2.56593
2.62265
2.69074
2.76805
2.85346
2.94824
3.05669
3.18538
3.34046
3.52406
3.73171
3.9524
4.17128
4.37334
4.54642
4.68267
4.77831
4.83252
4.84591
4.8196
4.75484
4.6533
4.51758
4.35159
4.16065
3.9513
3.73094
3.50738
3.28822
3.08022
2.88828
2.7147
2.55866
2.41658
2.28316
2.15275
2.02065
1.88387
1.74138
1.59392
1.44358
1.29328
1.14615
1.00503
0.872022
0.748301
0.63418
0.529392
0.433481
0.346147
0.267434
0.197741
0.137705
0.088017
0.0492419
0.021688
0.00535893
0
0
0.00650134
0.0258228
0.0574865
0.100792
0.154933
0.219143
0.292815
0.375542
0.467046
0.566997
0.674764
0.789168
0.90834
1.02974
1.15031
1.26679
1.37604
1.47537
1.56289
1.63786
1.70095
1.75443
1.80201
1.84834
1.89823
1.95557
2.02249
2.09868
2.18133
2.26552
2.34509
2.4139
2.46702
2.50179
2.5184
2.52
2.51228
2.50265
2.49905
2.50852
2.53593
2.58325
2.64959
2.7322
2.82795
2.93509
3.05446
3.1896
3.34495
3.52266
3.71965
3.92677
4.13076
4.31783
4.47716
4.60261
4.69255
4.74808
4.77081
4.76114
4.71777
4.63855
4.52198
4.36876
4.18262
3.97047
3.74169
3.50701
3.27722
3.06189
2.86807
2.69922
2.55456
2.42941
2.31637
2.20721
2.09475
1.97406
1.84301
1.70212
1.55397
1.40248
1.25203
1.1067
0.969617
0.842564
0.725908
0.618943
0.520471
0.429421
0.34528
0.268235
0.199062
0.138863
0.0887502
0.0495775
0.0217837
0.00536828
0
0
0.00650219
0.0258596
0.0576539
0.101216
0.155706
0.220255
0.294106
0.376708
0.467693
0.566739
0.673333
0.786505
0.904617
1.02527
1.14541
1.2615
1.36997
1.46761
1.55221
1.62304
1.68133
1.73039
1.77536
1.82236
1.8774
1.94511
2.02768
2.12428
2.23096
2.34111
2.44636
2.53799
2.60855
2.65345
2.67202
2.66794
2.64877
2.6247
2.60669
2.60439
2.62456
2.67028
2.74136
2.83531
2.94875
3.07849
3.22225
3.37841
3.54469
3.71639
3.88541
4.04101
4.17244
4.27221
4.33842
4.37513
4.39034
4.3925
4.38678
4.37284
4.34503
4.29475
4.21378
4.09721
3.94509
3.7627
3.55953
3.34753
3.13904
2.9447
2.77168
2.62252
2.49491
2.38263
2.2774
2.17104
2.05718
1.93227
1.7958
1.64985
1.49834
1.34612
1.19801
1.05801
0.928662
0.810767
0.703513
0.605085
0.513479
0.427255
0.345948
0.270106
0.20103
0.140352
0.0896195
0.0499537
0.0218862
0.00537786
0
0
0.00650168
0.0258853
0.0577824
0.10154
0.156262
0.220933
0.294601
0.37652
0.466208
0.563372
0.6677
0.778578
0.894795
1.01434
1.13434
1.25121
1.36106
1.46024
1.54616
1.61796
1.67716
1.72773
1.77573
1.82838
1.89279
1.97457
2.07668
2.19857
2.33577
2.48001
2.62013
2.74377
2.83972
2.9003
2.92331
2.91284
2.8787
2.83448
2.79482
2.77261
2.77695
2.81248
2.87967
2.97581
3.09584
3.23316
3.38027
3.52926
3.67194
3.79981
3.90442
3.9785
4.01791
4.02367
4.00314
3.96928
3.9377
3.92181
3.92792
3.95257
3.98355
4.00403
3.99767
3.9528
3.86467
3.7358
3.57474
3.39383
3.20649
3.02454
2.85603
2.70411
2.56709
2.43974
2.31528
2.1874
2.0518
1.90693
1.75396
1.5962
1.43827
1.28505
1.14082
1.00851
0.889258
0.78228
0.685329
0.595512
0.510253
0.428029
0.348679
0.273276
0.203719
0.142185
0.0906212
0.0503668
0.0219944
0.00538758
0
0
0.00649967
0.0258981
0.0578645
0.101749
0.156575
0.221155
0.2943
0.375035
0.462746
0.557192
0.658344
0.766081
0.879813
0.998123
1.11857
1.23772
1.35155
1.45607
1.54827
1.62702
1.69375
1.75263
1.81023
1.87455
1.95374
2.0546
2.18108
2.33301
2.5052
2.6874
2.86519
3.02223
3.14324
3.21739
3.24099
3.21869
3.16277
3.09057
3.02078
2.96984
2.94937
2.96528
3.01803
3.10348
3.2137
3.33788
3.46362
3.57847
3.67147
3.73448
3.76308
3.75735
3.72231
3.66811
3.60947
3.56382
3.54789
3.57287
3.64006
3.7393
3.85139
3.95317
4.02305
4.04526
4.01216
3.92465
3.79092
3.62398
3.43858
3.24812
3.06228
2.88585
2.71888
2.55807
2.39871
2.23664
2.06958
1.89776
1.72373
1.55169
1.38648
1.23252
1.09298
0.969156
0.860284
0.763786
0.675996
0.593179
0.512497
0.432621
0.353857
0.277871
0.207145
0.144345
0.0917404
0.05081
0.0221066
0.00539736
0
0
0.00649608
0.0258964
0.057895
0.101831
0.156638
0.220942
0.293298
0.372485
0.457753
0.548933
0.646334
0.750423
0.861359
0.978492
1.10001
1.22289
1.34319
1.4568
1.56036
1.65234
1.73384
1.80884
1.88393
1.96743
2.06792
2.19263
2.34563
2.52635
2.72857
2.94025
3.14465
3.32268
3.45642
3.533
3.54787
3.50634
3.42281
3.31776
3.21348
3.1297
3.08055
3.07333
3.10859
3.18085
3.27952
3.39026
3.49688
3.58392
3.6392
3.65604
3.63463
3.58226
3.51243
3.44287
3.39276
3.37935
3.41449
3.50149
3.63356
3.79453
3.96183
4.11078
4.21905
4.27036
4.25676
4.17926
4.0466
3.87278
3.6737
3.46395
3.25433
3.05071
2.85428
2.66301
2.47353
2.28304
2.0906
1.89758
1.7075
1.52512
1.35535
1.2021
1.0674
0.950969
0.85031
0.761345
0.679406
0.600339
0.521365
0.44152
0.361623
0.283878
0.211255
0.146786
0.092951
0.0512734
0.0222208
0.00540706
0
0
0.00649089
0.0258797
0.0578709
0.101785
0.156464
0.220353
0.291765
0.369243
0.451907
0.539665
0.633173
0.733508
0.841619
0.957717
1.08079
1.20844
1.33713
1.46281
1.5819
1.69232
1.79442
1.8914
1.9891
2.09513
2.21745
2.36259
2.53393
2.73023
2.94476
3.16516
3.37438
3.55301
3.68269
3.7501
3.7504
3.68903
3.58104
3.44821
3.31466
3.20247
3.12834
3.10189
3.12521
3.19319
3.29439
3.41259
3.52928
3.62671
3.69107
3.71508
3.69952
3.65332
3.59211
3.53527
3.50224
3.50861
3.563
3.66522
3.80607
3.96871
4.13134
4.27078
4.36637
4.40333
4.37506
4.28358
4.13843
3.95392
3.74585
3.52833
3.31146
3.1005
2.89628
2.69672
2.49875
2.30005
2.10023
1.90129
1.70726
1.52327
1.35428
1.20388
1.07336
0.96146
0.864723
0.778372
0.697441
0.617843
0.537103
0.454671
0.371808
0.291126
0.215919
0.149431
0.0942165
0.0517445
0.0223344
0.00541654
0
0
0.00648416
0.0258479
0.0577919
0.101613
0.156074
0.219473
0.289921
0.365763
0.446012
0.530639
0.620595
0.717493
0.823017
0.938232
1.06302
1.19581
1.33365
1.47271
1.60906
1.73973
1.86367
1.98239
2.1
2.22251
2.35655
2.50772
2.679
2.86937
3.07302
3.27912
3.47255
3.63581
3.752
3.80844
3.7999
3.73046
3.61332
3.46861
3.31973
3.18958
3.0972
3.05554
3.07004
3.13815
3.2498
3.38905
3.53674
3.67363
3.78357
3.85598
3.88754
3.88248
3.85169
3.81055
3.77603
3.76334
3.78288
3.83787
3.92327
4.02648
4.12968
4.21337
4.26015
4.25799
4.20223
4.09584
3.94803
3.77166
3.58014
3.3847
3.1926
3.0067
2.82616
2.64796
2.46861
2.28579
2.09932
1.91148
1.72662
1.55012
1.38705
1.24093
1.11292
1.00161
0.903593
0.814332
0.729273
0.644803
0.558901
0.471415
0.383925
0.299285
0.220939
0.152176
0.0954927
0.0522093
0.0224448
0.00542564
0
0
0.00647602
0.0258015
0.05766
0.101323
0.155501
0.218397
0.287994
0.36251
0.440881
0.523107
0.610326
0.704524
0.80795
0.922417
1.04867
1.186
1.33207
1.48315
1.63474
1.78247
1.92332
2.05647
2.18376
2.30938
2.43886
2.57763
2.72944
2.89499
3.07097
3.24966
3.41935
3.56565
3.67379
3.73146
3.73179
3.67531
3.57068
3.4337
3.28505
3.1473
3.04152
2.98417
2.98448
3.04312
3.15261
3.29903
3.46471
3.63082
3.77982
3.8976
3.97516
4.00978
4.00519
3.97086
3.92013
3.86771
3.82655
3.80505
3.80495
3.82089
3.84192
3.85452
3.84609
3.80799
3.73715
3.63623
3.51222
3.37421
3.23101
3.08911
2.95169
2.8185
2.68672
2.55226
2.41122
2.26121
2.10219
1.93667
1.76923
1.60546
1.4506
1.3084
1.18036
1.06568
0.96174
0.864919
0.771544
0.67873
0.584997
0.490555
0.397202
0.307892
0.226061
0.154899
0.0967306
0.0526529
0.0225491
0.0054342
0
0
0.00646666
0.025742
0.0574795
0.100929
0.15478
0.217214
0.286187
0.359883
0.437205
0.518141
0.603861
0.696484
0.798558
0.912397
1.03942
1.17958
1.33096
1.48971
1.65051
1.80747
1.95554
2.09174
2.21601
2.33125
2.44271
2.55665
2.67882
2.81285
2.95905
3.11362
3.26854
3.41221
3.53098
3.6114
3.64288
3.6204
3.54637
3.43126
3.29269
3.15283
3.03462
2.95729
2.93266
2.96343
3.04409
3.16357
3.30787
3.46168
3.60938
3.73605
3.82904
3.87982
3.88562
3.84997
3.78206
3.6947
3.6017
3.51492
3.4419
3.38452
3.33943
3.29986
3.25835
3.20918
3.14972
3.08066
3.00503
2.92682
2.84948
2.77482
2.70246
2.62987
2.553
2.46722
2.3685
2.25455
2.12549
1.984
1.83479
1.68355
1.5357
1.39534
1.26456
1.14348
1.03057
0.923349
0.819189
0.716022
0.612942
0.510505
0.410671
0.316395
0.230998
0.15747
0.0978805
0.0530609
0.0226449
0.00544209
0
0
0.00645636
0.0256712
0.0572567
0.100444
0.153943
0.215996
0.284644
0.358151
0.435448
0.516466
0.602241
0.694744
0.796469
0.909849
1.03658
1.17688
1.32893
1.48855
1.64964
1.80524
1.94909
2.07709
2.18842
2.28578
2.37487
2.46333
2.55919
2.66923
2.79742
2.94358
3.10257
3.26431
3.41459
3.53713
3.61637
3.64103
3.6072
3.52034
3.39516
3.25327
3.11874
3.01274
2.94887
2.93125
2.95599
3.01483
3.09825
3.19658
3.29941
3.39482
3.47002
3.51356
3.51797
3.48181
3.40987
3.31197
3.20063
3.08847
2.98586
2.89929
2.83079
2.7787
2.73917
2.7079
2.6814
2.65746
2.63506
2.6139
2.5937
2.57361
2.55168
2.52466
2.48831
2.43809
2.37021
2.28256
2.17541
2.05145
1.91527
1.77243
1.62833
1.48725
1.35183
1.22295
1.10009
0.981808
0.866397
0.752564
0.639965
0.529504
0.42328
0.324215
0.235463
0.159762
0.0988958
0.0534202
0.0227298
0.00544915
0
0
0.00644541
0.0255918
0.0569998
0.0998861
0.15302
0.214785
0.283426
0.357406
0.435756
0.51833
0.605875
0.699932
0.802545
0.915777
1.04105
1.17837
1.3256
1.47821
1.62976
1.77313
1.90225
2.01359
2.10713
2.18644
2.25803
2.33037
2.41269
2.51357
2.63939
2.79252
2.96978
3.16167
3.35284
3.52403
3.65532
3.73019
3.7395
3.68412
3.57533
3.43262
3.2793
3.1371
3.02155
2.93976
2.89143
2.87223
2.87715
2.90181
2.94133
2.98833
3.03228
3.06129
3.06539
3.03947
2.98445
2.90662
2.81583
2.72319
2.63888
2.57043
2.52173
2.49295
2.48134
2.48249
2.4916
2.50441
2.51773
2.52948
2.53834
2.54311
2.54203
2.53243
2.51073
2.47311
2.41633
2.33869
2.24049
2.12418
1.99387
1.85459
1.7113
1.56815
1.42795
1.29203
1.1605
1.03265
0.907467
0.784312
0.663351
0.545835
0.43402
0.330808
0.239192
0.161663
0.0997372
0.0537204
0.022802
0.00545529
0
0
0.00643417
0.0255069
0.0567183
0.0992735
0.152031
0.213591
0.282504
0.357545
0.437929
0.523429
0.614406
0.711733
0.816621
0.930262
1.05325
1.18484
1.32232
1.4609
1.59441
1.71668
1.82334
1.91308
1.98813
2.05369
2.11682
2.18545
2.26777
2.37183
2.50449
2.66953
2.86527
3.08293
3.30673
3.51589
3.68828
3.80472
3.85303
3.83072
3.74544
3.61295
3.45335
3.28657
3.12867
2.99006
2.87575
2.78729
2.72493
2.68852
2.67662
2.68461
2.70384
2.72311
2.73189
2.72342
2.69626
2.65405
2.60394
2.55462
2.5143
2.48894
2.48121
2.49024
2.51226
2.54194
2.57367
2.60272
2.62584
2.64132
2.64863
2.64765
2.63793
2.61818
2.58626
2.53958
2.47586
2.3938
2.29367
2.17733
2.04804
1.90985
1.76691
1.62281
1.4801
1.34019
1.2034
1.06937
0.937571
0.807839
0.6808
0.558053
0.442054
0.335733
0.241976
0.163089
0.100377
0.053954
0.0228603
0.00546041
0
0
0.00642303
0.0254197
0.0564233
0.0986258
0.150996
0.212397
0.281768
0.358286
0.441425
0.530918
0.626692
0.7288
0.837338
0.952227
1.07279
1.19719
1.32203
1.44248
1.55315
1.6497
1.73045
1.7974
1.85587
1.91302
1.97596
2.05076
2.14264
2.25687
2.39869
2.57161
2.77452
2.99936
3.23103
3.44969
3.63452
3.76783
3.83845
3.84358
3.78877
3.68604
3.55078
3.39856
3.2428
3.0938
2.95903
2.84387
2.75225
2.68651
2.64657
2.62896
2.62681
2.63132
2.63437
2.63084
2.61977
2.60403
2.58909
2.58115
2.58534
2.60415
2.63672
2.67913
2.72543
2.76914
2.80463
2.82799
2.83741
2.83295
2.81594
2.78807
2.7507
2.70426
2.64818
2.5812
2.50188
2.40924
2.30324
2.18495
2.05653
1.92085
1.78099
1.63973
1.49906
1.36007
1.22299
1.08754
0.95341
0.8208
0.690736
0.565177
0.446822
0.338704
0.24369
0.163992
0.100799
0.0541177
0.0229041
0.00546447
0
0
0.00641237
0.0253341
0.0561267
0.0979643
0.149929
0.211169
0.281051
0.359209
0.445442
0.539499
0.640897
0.748831
0.862155
0.979324
1.09821
1.21583
1.32824
1.43088
1.51963
1.59233
1.65027
1.6988
1.74632
1.80189
1.87261
1.96236
2.07248
2.20353
2.35616
2.53033
2.72307
2.92661
3.12834
3.31295
3.46569
3.57556
3.63731
3.65194
3.62576
3.56836
3.49022
3.40071
3.30695
3.21383
3.12467
3.04203
2.96807
2.90445
2.85184
2.80953
2.77551
2.74724
2.72278
2.70182
2.68608
2.67886
2.68401
2.70447
2.74088
2.79084
2.849
2.90803
2.96018
2.99872
3.01909
3.01933
3.00002
2.96359
2.91347
2.85315
2.78539
2.71183
2.63287
2.54797
2.45609
2.35623
2.24788
2.13137
2.00783
1.87908
1.74722
1.61416
1.4812
1.34889
1.21712
1.08547
0.953703
0.822261
0.692528
0.566818
0.448115
0.339625
0.244298
0.164365
0.101005
0.0542122
0.0229336
0.00546744
0
0
0.00640259
0.0252537
0.0558413
0.0973124
0.148849
0.20987
0.280164
0.359835
0.449038
0.547607
0.654737
0.768842
0.887593
1.00803
1.12669
1.23971
1.34302
1.4329
1.50698
1.56548
1.61241
1.65573
1.70604
1.7737
1.86568
1.98365
2.12428
2.28112
2.44672
2.61375
2.77521
2.92394
3.05265
3.15487
3.22656
3.26767
3.28254
3.27902
3.26654
3.2538
3.24671
3.24725
3.25332
3.25981
3.26027
3.24889
3.222
3.17882
3.1214
3.05398
2.98212
2.91188
2.84924
2.79968
2.76788
2.75722
2.76912
2.80238
2.85278
2.91337
2.97536
3.02965
3.06828
3.08573
3.07951
3.05017
3.0007
2.93555
2.85956
2.77706
2.69118
2.60366
2.51484
2.42406
2.3301
2.23174
2.12817
2.01927
1.90569
1.78866
1.66961
1.54973
1.42961
1.30914
1.18769
1.06452
0.939371
0.812828
0.686568
0.563235
0.446102
0.338608
0.243869
0.164243
0.101009
0.0542421
0.0229494
0.00546932
0
0
0.00639406
0.0251823
0.0555801
0.0966958
0.147781
0.20848
0.278946
0.359711
0.451288
0.553655
0.665816
0.785593
0.909701
1.03405
1.15417
1.26578
1.36529
1.45055
1.52153
1.58123
1.63611
1.69588
1.77188
1.87423
2.00833
2.17236
2.35686
2.54672
2.72466
2.87494
2.98622
3.05298
3.07552
3.0592
3.01359
2.95154
2.88799
2.83826
2.81547
2.82803
2.87768
2.95882
3.05951
3.1637
3.25433
3.31656
3.34055
3.32304
3.26754
3.18315
3.08246
2.97915
2.88584
2.81253
2.7657
2.74794
2.75793
2.79075
2.83852
2.89156
2.93979
2.97428
2.98853
2.97928
2.9466
2.89337
2.82433
2.7449
2.66011
2.57383
2.48834
2.40432
2.32115
2.23742
2.15147
2.06193
1.96814
1.87022
1.76906
1.66591
1.56196
1.45788
1.35355
1.24811
1.14024
1.02881
0.913346
0.794521
0.674202
0.555288
0.441312
0.335954
0.24256
0.163699
0.10084
0.0542154
0.0229528
0.00547016
0
0
0.00638709
0.0251234
0.0553564
0.0961428
0.146762
0.207007
0.2773
0.358506
0.451452
0.556302
0.672022
0.796107
0.92467
1.0529
1.1758
1.28913
1.39029
1.47916
1.55858
1.63454
1.71582
1.81307
1.93692
2.09526
2.28991
2.51393
2.75102
2.97771
3.16803
3.29914
3.35632
3.33598
3.24587
3.1031
2.93065
2.75388
2.5974
2.48258
2.4251
2.43257
2.50295
2.62458
2.77822
2.94022
3.08636
3.19577
3.25437
3.25709
3.20824
3.11991
3.00892
2.89324
2.78886
2.70756
2.65589
2.6351
2.64174
2.66864
2.70625
2.74414
2.77265
2.78433
2.77493
2.74374
2.69324
2.62809
2.55392
2.47606
2.39864
2.32405
2.25282
2.18393
2.11535
2.04475
1.97014
1.89041
1.80561
1.71683
1.62586
1.53453
1.44416
1.35505
1.26635
1.17632
1.0829
0.984386
0.880032
0.770428
0.657511
0.544316
0.434553
0.332119
0.240603
0.162837
0.100537
0.0541428
0.0229456
0.00547
0
0
0.00638196
0.02508
0.0551825
0.0956838
0.145842
0.205506
0.275235
0.356092
0.449129
0.554709
0.671908
0.798194
0.929501
1.06078
1.18693
1.30409
1.41077
1.50886
1.60384
1.70437
1.82106
1.96479
2.14461
2.36528
2.62435
2.90979
3.19945
3.46359
3.67009
3.79133
3.81039
3.72501
3.54819
3.30531
3.02919
2.75446
2.51281
2.32958
2.22151
2.195
2.24546
2.35825
2.51124
2.67823
2.83266
2.95163
3.0196
3.03085
2.98989
2.9096
2.80761
2.70227
2.60913
2.5388
2.49626
2.48121
2.48903
2.512
2.54063
2.56525
2.57755
2.57191
2.54628
2.50213
2.44379
2.37704
2.30774
2.24054
2.17813
2.12098
2.06761
2.01523
1.96048
1.90037
1.83293
1.75775
1.67603
1.59024
1.50345
1.41843
1.33681
1.25863
1.18235
1.10535
1.02473
0.938175
0.84454
0.744201
0.638995
0.531941
0.426812
0.327653
0.238278
0.161781
0.100144
0.0540366
0.0229296
0.00546892
0
0
0.00637887
0.0250547
0.0550697
0.09535
0.145086
0.204081
0.272882
0.352593
0.444364
0.548732
0.665006
0.790911
0.922627
1.05532
1.18419
1.3058
1.41952
1.5285
1.63988
1.7639
1.91209
2.09505
2.32018
2.58952
2.89734
3.22822
3.55674
3.85006
4.07339
4.19705
4.20318
4.09008
3.87284
3.5803
3.2494
2.91864
2.62247
2.3875
2.23036
2.1569
2.16227
2.23227
2.3459
2.47837
2.60469
2.70336
2.75995
2.76934
2.73599
2.67186
2.59273
2.51419
2.44848
2.40292
2.37987
2.37747
2.39074
2.41255
2.43472
2.44925
2.44968
2.43231
2.39689
2.34648
2.28655
2.22341
2.16267
2.10795
2.06028
2.01819
1.97835
1.93651
1.88852
1.83124
1.76321
1.68501
1.59911
1.50938
1.42012
1.33496
1.25593
1.18295
1.11392
1.04551
0.974103
0.896758
0.811886
0.719513
0.621218
0.519851
0.419123
0.323138
0.235876
0.16066
0.0997078
0.0539096
0.0229068
0.00546697
0
0
0.00637796
0.0250492
0.0550274
0.0951716
0.144567
0.202878
0.2705
0.348404
0.437699
0.539031
0.652018
0.77488
0.904403
1.03638
1.16655
1.29187
1.41195
1.53009
1.65349
1.79236
1.95795
2.16008
2.40488
2.69275
3.0165
3.3599
3.69765
3.99782
4.2269
4.35638
4.3691
4.26337
4.05359
3.7674
3.44012
3.10843
2.80484
2.55405
2.37135
2.26241
2.22381
2.2443
2.30666
2.39028
2.47422
2.54068
2.57792
2.58218
2.55757
2.51399
2.46375
2.41805
2.38459
2.36675
2.36419
2.37381
2.39079
2.40929
2.4231
2.42655
2.41547
2.38823
2.34617
2.2934
2.2358
2.17941
2.12885
2.08614
2.05039
2.01822
1.9849
1.94544
1.8957
1.83318
1.75744
1.67023
1.57518
1.47711
1.38106
1.29116
1.20966
1.13645
1.06921
1.00422
0.937432
0.865468
0.786311
0.699577
0.606479
0.509583
0.412436
0.319111
0.23367
0.159592
0.0992732
0.0537734
0.022879
0.00546423
0
0
0.00637925
0.0250646
0.0550623
0.0951753
0.144362
0.20208
0.268449
0.344161
0.430137
0.527048
0.634845
0.752392
0.877354
1.00644
1.13611
1.26358
1.38808
1.51186
1.64054
1.78253
1.94738
2.1436
2.37635
2.64562
2.9447
3.25922
3.56737
3.842
4.05481
4.18175
4.20831
4.13289
3.96736
3.7346
3.46383
3.18529
2.92553
2.70449
2.53439
2.41992
2.35911
2.3444
2.36389
2.40305
2.44699
2.48298
2.5028
2.50399
2.4897
2.4669
2.44362
2.42638
2.41864
2.42062
2.43014
2.44368
2.45715
2.46639
2.46758
2.45766
2.43502
2.39998
2.35515
2.30496
2.25474
2.20919
2.171
2.14002
2.11334
2.08617
2.05314
2.00949
1.95197
1.87935
1.79256
1.6945
1.58956
1.48295
1.37973
1.28394
1.1977
1.12088
1.05124
0.985118
0.918468
0.847787
0.770797
0.686764
0.59653
0.502335
0.407504
0.316001
0.231881
0.158677
0.0988759
0.0536382
0.0228479
0.00546076
0
0
0.00638271
0.0251008
0.0551776
0.0953811
0.144544
0.201877
0.267152
0.340668
0.423038
0.514871
0.616422
0.727269
0.846098
0.970704
1.09833
1.22636
1.35321
1.47922
1.6072
1.74234
1.89125
2.06037
2.25411
2.47303
2.71261
2.96257
3.20719
3.42692
3.60147
3.71365
3.75307
3.7185
3.61826
3.46836
3.2892
3.10171
2.92409
2.76969
2.64646
2.55726
2.50081
2.47269
2.46624
2.47349
2.48636
2.49797
2.50388
2.50282
2.49657
2.48876
2.48322
2.48246
2.48691
2.49506
2.50424
2.51142
2.51385
2.50933
2.49639
2.47445
2.44398
2.40672
2.36562
2.32446
2.28694
2.25558
2.23072
2.21019
2.18976
2.16414
2.12831
2.07845
2.01266
1.93109
1.83588
1.7307
1.6202
1.50931
1.40255
1.30331
1.21328
1.13226
1.05825
0.988051
0.918061
0.845044
0.766765
0.682346
0.592377
0.498828
0.404796
0.314088
0.230656
0.157983
0.0985416
0.0535109
0.0228146
0.0054566
0
0
0.00638818
0.0251569
0.0553727
0.0957995
0.145167
0.202447
0.267036
0.338789
0.417941
0.504965
0.600371
0.704441
0.816895
0.936625
1.06165
1.1894
1.31731
1.44356
1.56774
1.69119
1.81689
1.94868
2.09007
2.2428
2.4057
2.57401
2.73952
2.89151
3.01858
3.11092
3.16234
3.17167
3.14295
3.08443
3.0068
2.92109
2.83683
2.76093
2.69735
2.64731
2.61007
2.58365
2.56552
2.55315
2.54426
2.53712
2.53073
2.52493
2.52026
2.51754
2.51731
2.51931
2.52231
2.52438
2.52339
2.51753
2.50567
2.48751
2.46349
2.43478
2.40304
2.37034
2.33896
2.31105
2.28811
2.27035
2.25629
2.24271
2.22524
2.19924
2.16075
2.10723
2.038
1.95416
1.8584
1.75444
1.64652
1.5388
1.43481
1.33703
1.24656
1.16309
1.08496
1.00965
0.934312
0.856351
0.773936
0.68635
0.594164
0.499222
0.404448
0.313465
0.230052
0.157538
0.0982825
0.0533952
0.0227796
0.00545179
0
0
0.00639547
0.0252309
0.0556425
0.0964288
0.146263
0.203921
0.268462
0.339317
0.416336
0.499821
0.59049
0.689258
0.796787
0.91292
1.03627
1.16421
1.29321
1.41954
1.54001
1.65263
1.75704
1.8545
1.94742
2.03862
2.13036
2.22362
2.31773
2.41037
2.49814
2.57727
2.64438
2.69718
2.73477
2.75773
2.76786
2.76773
2.76008
2.74727
2.73094
2.71189
2.69035
2.66652
2.64095
2.61488
2.58999
2.56809
2.55049
2.53774
2.52943
2.52441
2.521
2.51729
2.51138
2.50169
2.48717
2.46746
2.44302
2.41503
2.38519
2.35544
2.32763
2.3032
2.28302
2.26727
2.25532
2.24568
2.23597
2.22315
2.20387
2.17501
2.13424
2.08038
2.0136
1.93529
1.84783
1.75418
1.65746
1.56058
1.46585
1.3748
1.28794
1.20486
1.12426
1.04433
0.963105
0.878837
0.790405
0.697575
0.601175
0.503119
0.406257
0.314044
0.230037
0.157335
0.0980968
0.0532911
0.0227431
0.00544632
0
0
0.00640428
0.02532
0.0559779
0.0972535
0.147826
0.20636
0.271668
0.342845
0.419422
0.501553
0.590128
0.686593
0.792361
0.907942
1.03222
1.16227
1.29367
1.42133
1.5403
1.64659
1.7378
1.81352
1.87533
1.92661
1.97197
2.01659
2.0655
2.12282
2.191
2.27022
2.35816
2.4502
2.54038
2.62256
2.69172
2.74472
2.78044
2.79936
2.80289
2.79283
2.77113
2.74015
2.70288
2.66303
2.62466
2.59142
2.56566
2.54788
2.53668
2.52929
2.52239
2.51296
2.49881
2.47893
2.45342
2.42338
2.39062
2.35733
2.32575
2.29775
2.27458
2.25661
2.24326
2.23311
2.22412
2.21391
2.20007
2.18039
2.15313
2.11713
2.07199
2.01798
1.95594
1.88711
1.81294
1.73493
1.65455
1.57309
1.49158
1.41063
1.33027
1.25001
1.16885
1.08558
0.998988
0.908228
0.813016
0.713823
0.611972
0.509641
0.409729
0.31557
0.230494
0.157326
0.0979696
0.0531949
0.0227046
0.00544021
0
0
0.00641426
0.0254207
0.0563651
0.098243
0.149813
0.209734
0.276711
0.349648
0.427887
0.511507
0.601547
0.699848
0.8083
0.927697
1.05677
1.19195
1.32795
1.45881
1.57889
1.68376
1.77072
1.83917
1.89072
1.9291
1.95987
1.9899
2.02668
2.07729
2.14705
2.23794
2.34746
2.46855
2.59108
2.70418
2.7987
2.86881
2.9124
2.93047
2.92594
2.90265
2.86479
2.81683
2.76362
2.71039
2.66225
2.6233
2.59575
2.57928
2.5712
2.56716
2.56242
2.55297
2.53641
2.5122
2.48152
2.4467
2.41063
2.37605
2.34501
2.31863
2.29702
2.27943
2.2644
2.25002
2.23405
2.21424
2.18866
2.15597
2.11575
2.0685
2.01552
1.9585
1.899
1.83809
1.77617
1.71311
1.64854
1.58211
1.51359
1.44281
1.36946
1.29296
1.21247
1.12712
1.03625
0.939709
0.83799
0.732328
0.624667
0.517589
0.41416
0.317667
0.231241
0.157435
0.0978743
0.0530998
0.022663
0.00543342
0
0
0.00642502
0.0255286
0.056787
0.0993535
0.152138
0.213914
0.283435
0.359603
0.441739
0.529946
0.625387
0.730103
0.846119
0.974071
1.1121
1.25569
1.39859
1.53425
1.65708
1.76332
1.85138
1.9218
1.9771
2.02152
2.06068
2.10119
2.15017
2.21443
2.29908
2.40571
2.53077
2.66533
2.79691
2.91253
3.00189
3.05923
3.08373
3.07848
3.04887
3.00117
2.94166
2.87636
2.81106
2.75123
2.70161
2.66547
2.64386
2.63527
2.6358
2.64006
2.64246
2.6385
2.62571
2.60395
2.57514
2.54248
2.50942
2.47864
2.45135
2.42721
2.40477
2.38218
2.35777
2.33027
2.29868
2.26213
2.21982
2.17128
2.11673
2.05736
1.99526
1.93292
1.87246
1.81492
1.76001
1.70636
1.65214
1.59573
1.53599
1.47222
1.40385
1.33023
1.25052
1.16391
1.06993
0.968817
0.861639
0.750269
0.637258
0.525647
0.418751
0.31989
0.232056
0.157566
0.0977763
0.0529967
0.022617
0.00542591
0
0
0.00643614
0.0256391
0.0572239
0.100529
0.15468
0.218672
0.29147
0.372163
0.460227
0.555888
0.660378
0.775688
0.903575
1.04407
1.19436
1.34878
1.50002
1.641
1.76643
1.8737
1.96291
2.03646
2.09832
2.1534
2.20711
2.26498
2.33242
2.41419
2.51335
2.62957
2.7577
2.88775
3.00687
3.1026
3.16605
3.19368
3.18731
3.15276
3.09782
3.03062
2.95855
2.88787
2.8237
2.77007
2.72974
2.70394
2.69208
2.69173
2.69887
2.70859
2.71604
2.71741
2.71075
2.69623
2.67592
2.65306
2.6308
2.61101
2.59351
2.57614
2.55564
2.52897
2.49434
2.45155
2.40159
2.34592
2.28573
2.22183
2.15493
2.08611
2.01717
1.95032
1.8875
1.82956
1.77584
1.72446
1.67301
1.61934
1.56199
1.50009
1.43305
1.36011
1.28029
1.1926
1.09646
0.992154
0.880984
0.765242
0.647954
0.532581
0.422718
0.321784
0.232705
0.157612
0.0976364
0.0528752
0.0225651
0.00541766
0
0
0.00644722
0.0257476
0.0576545
0.101706
0.157286
0.2237
0.300255
0.386387
0.481878
0.587146
0.703399
0.832305
0.97494
1.13033
1.29444
1.46034
1.61967
1.7648
1.89067
1.99573
2.08177
2.15308
2.21517
2.27383
2.33434
2.40117
2.47791
2.56697
2.66889
2.78118
2.89741
3.00758
3.10017
3.16517
3.19679
3.1947
3.16358
3.11141
3.04729
2.97966
2.9152
2.8585
2.81214
2.77702
2.75273
2.73787
2.73045
2.72821
2.72888
2.73034
2.7308
2.72897
2.72434
2.71739
2.70954
2.70274
2.69861
2.69736
2.69709
2.69387
2.68279
2.65966
2.6223
2.57114
2.5088
2.43894
2.36512
2.28995
2.215
2.14127
2.06969
2.00136
1.93717
1.87732
1.82089
1.76607
1.71071
1.65303
1.59189
1.52672
1.45706
1.38216
1.30084
1.21177
1.11407
1.00777
0.894133
0.775578
0.655408
0.537396
0.42539
0.32294
0.232962
0.157469
0.0974153
0.0527244
0.0225057
0.00540864
0
0
0.00645784
0.0258493
0.0580574
0.102817
0.159789
0.228635
0.309089
0.401038
0.504658
0.620578
0.749876
0.893637
1.05192
1.22242
1.39973
1.57562
1.74078
1.88707
2.00954
2.10742
2.18385
2.24469
2.29693
2.34727
2.4012
2.46263
2.53384
2.61549
2.70626
2.80224
2.89669
2.98078
3.0455
3.08424
3.09472
3.07954
3.04527
3.00048
2.95356
2.91104
2.87674
2.85165
2.83438
2.82195
2.81065
2.79703
2.7788
2.75547
2.7284
2.70037
2.67477
2.65469
2.64227
2.63852
2.64347
2.65637
2.67568
2.69879
2.72159
2.73862
2.74391
2.73254
2.702
2.65291
2.58869
2.51444
2.43546
2.35603
2.27884
2.2051
2.13502
2.06836
2.00465
1.94308
1.88245
1.82127
1.75817
1.69228
1.62329
1.55124
1.476
1.39693
1.31271
1.22172
1.12268
1.01523
0.900388
0.78047
0.658839
0.539432
0.426274
0.323031
0.232641
0.157046
0.0970771
0.0525344
0.0224373
0.00539882
0
0
0.00646763
0.02594
0.0584129
0.103799
0.16202
0.2331
0.317213
0.414727
0.526227
0.652514
0.794425
0.95228
1.1249
1.30851
1.49623
1.67868
1.84572
1.98885
2.10324
2.18875
2.24955
2.29276
2.32663
2.35886
2.39548
2.44039
2.49539
2.56028
2.63293
2.70913
2.78284
2.84716
2.89603
2.92612
2.93796
2.93588
2.92663
2.91728
2.91331
2.91724
2.92826
2.94269
2.9549
2.95852
2.94775
2.91868
2.87046
2.80589
2.7312
2.65501
2.58664
2.53436
2.50382
2.49719
2.51301
2.54691
2.59274
2.6435
2.69189
2.73075
2.7536
2.75568
2.73495
2.69261
2.63275
2.56122
2.48421
2.40689
2.3326
2.26269
2.19689
2.13391
2.07207
2.00966
1.94516
1.87745
1.80599
1.7309
1.65282
1.57251
1.49031
1.40579
1.31765
1.22411
1.12357
1.01535
0.900106
0.779912
0.658024
0.538383
0.425081
0.32184
0.231605
0.156271
0.0965931
0.0522971
0.0223589
0.0053882
0
0
0
0
0
0
0
0
0
0
0
0
0
0
0
0
0
0
0
0
0
0
0
1.28829e-06
0
0
1.09652e-06
0
0
0
0
0
1.19678e-06
0
0
1.0143e-06
6.68494e-07
0
0
0
1.06794e-06
9.69629e-07
0
0
0
8.79992e-07
2.91304e-07
0
0
0
4.43298e-07
9.56728e-07
5.18432e-07
4.02432e-07
3.11928e-07
7.12917e-07
0
5.99037e-07
0
0
0
0
0
1.08848e-06
5.89627e-07
0
0
9.88949e-07
0
0
0
0
0
0
0
9.42436e-07
0
0
0
0
0
0
0
0
0
0
0
0
0
0
0
0
0
0
0
0
0
0
0
0
0
