NUMBER_OF_POINTS=10000
DIMENSION=1
TYPE=Scalar
0
0.00133602
0.00540267
0.0122463
0.0217781
0.0337378
0.0477368
0.0633371
0.0801139
0.0976707
0.115631
0.13365
0.15147
0.169016
0.186471
0.204285
0.22303
0.243092
0.264286
0.285621
0.305468
0.322229
0.335309
0.345957
0.357499
0.374621
0.401897
0.442288
0.496305
0.561838
0.634258
0.706702
0.770779
0.817932
0.841361
0.837997
0.809743
0.763323
0.70869
0.656531
0.615847
0.592428
0.588592
0.603908
0.636221
0.682307
0.73793
0.797544
0.854303
0.900861
0.93095
0.941098
0.931699
0.906916
0.873527
0.839222
0.81103
0.7943
0.792319
0.806345
0.835757
0.878166
0.929548
0.984595
1.03743
1.08258
1.11601
1.13578
1.14213
1.13705
1.12351
1.10456
1.08268
1.05928
1.03453
1.00737
0.975843
0.937677
0.89099
0.834903
0.769906
0.697875
0.621761
0.545038
0.471067
0.402522
0.341039
0.287157
0.240518
0.200205
0.165081
0.134046
0.10623
0.0811004
0.0585251
0.0387609
0.0223734
0.0100775
0.00251264
0
0
0.00134005
0.0054408
0.0123876
0.0221214
0.034378
0.0487128
0.0645799
0.0814145
0.0986866
0.115931
0.13279
0.149094
0.16498
0.180995
0.198076
0.217318
0.239475
0.264397
0.290717
0.316117
0.338134
0.355249
0.367776
0.378127
0.390215
0.40816
0.434848
0.470929
0.514498
0.561351
0.605661
0.641011
0.661732
0.664364
0.648865
0.619067
0.582056
0.546564
0.520927
0.51135
0.52115
0.551043
0.59992
0.665333
0.743411
0.828491
0.912962
0.987861
1.04433
1.07565
1.07897
1.05619
1.01341
0.959366
0.903375
0.853594
0.815949
0.793846
0.788379
0.798707
0.822405
0.85579
0.894323
0.933187
0.968014
0.995585
1.01427
1.02404
1.02612
1.02241
1.01493
1.0053
0.994444
0.982251
0.967505
0.948058
0.92135
0.885119
0.838066
0.780283
0.713349
0.640094
0.564112
0.489116
0.418306
0.353904
0.296972
0.247532
0.204874
0.167933
0.135594
0.106925
0.0813085
0.0585119
0.038691
0.0223222
0.0100581
0.00251005
0
0
0.00134459
0.00548485
0.012556
0.0225451
0.0352054
0.0500608
0.0664856
0.0838142
0.101439
0.118878
0.135837
0.152281
0.168536
0.185382
0.204017
0.225775
0.251551
0.281139
0.312881
0.343931
0.371088
0.391922
0.405741
0.413996
0.419903
0.427362
0.439565
0.457791
0.480838
0.505328
0.526766
0.540941
0.545207
0.539268
0.525341
0.507752
0.492109
0.484259
0.489193
0.510182
0.548512
0.60387
0.674837
0.758927
0.852107
0.94824
1.03904
1.11497
1.16702
1.18891
1.17881
1.13991
1.07959
1.00758
0.933795
0.866555
0.8116
0.771911
0.748084
0.738937
0.742128
0.754667
0.773296
0.794814
0.816412
0.835979
0.852286
0.864965
0.874306
0.880987
0.885832
0.889584
0.892602
0.8945
0.893877
0.888387
0.875204
0.851732
0.816286
0.768554
0.709749
0.642457
0.570226
0.496969
0.426292
0.360944
0.302518
0.251463
0.207357
0.169272
0.136133
0.106981
0.0811385
0.0582956
0.0385258
0.0222347
0.0100291
0.0025064
0
0
0.00134956
0.00553395
0.0127475
0.0230393
0.0362007
0.05175
0.0690128
0.0872619
0.105862
0.124381
0.142657
0.16084
0.17944
0.19936
0.221828
0.248102
0.27891
0.313798
0.350781
0.386556
0.417333
0.440007
0.453258
0.458133
0.457822
0.456628
0.458482
0.46552
0.477304
0.491083
0.503099
0.510358
0.51204
0.509895
0.507498
0.508912
0.517539
0.535631
0.5643
0.603738
0.653533
0.712975
0.781079
0.856193
0.935338
1.01364
1.0843
1.13948
1.17198
1.1772
1.15451
1.10764
1.04367
0.971368
0.899273
0.83423
0.7806
0.740166
0.712555
0.695973
0.688
0.686238
0.688672
0.69378
0.700514
0.708243
0.716668
0.725691
0.735296
0.745486
0.756315
0.767864
0.780028
0.792133
0.802583
0.808856
0.807898
0.796798
0.773451
0.737037
0.688239
0.629197
0.5632
0.494145
0.425879
0.361565
0.303278
0.251911
0.207365
0.168907
0.135546
0.106332
0.0805593
0.0578639
0.0382617
0.0221101
0.00999035
0.0025017
0
0
0.00135485
0.00558684
0.0129569
0.0235887
0.0373307
0.0537199
0.0720622
0.0915992
0.111701
0.13202
0.152564
0.173697
0.196099
0.220714
0.248619
0.28073
0.3173
0.35737
0.398467
0.436847
0.468345
0.489623
0.499392
0.499097
0.492712
0.485592
0.482774
0.487358
0.49958
0.516994
0.535758
0.552516
0.565982
0.577442
0.589933
0.606618
0.629336
0.658115
0.691719
0.728624
0.767777
0.808782
0.851545
0.895648
0.939763
0.98126
1.01621
1.03997
1.04839
1.03918
1.0128
0.972548
0.923773
0.872604
0.824687
0.7842
0.753308
0.732089
0.718927
0.71122
0.706167
0.701413
0.695432
0.687676
0.67853
0.669111
0.660911
0.65536
0.65345
0.655595
0.661739
0.671542
0.6844
0.699235
0.714221
0.726724
0.733587
0.73167
0.718442
0.692475
0.653754
0.603761
0.545295
0.48202
0.417821
0.356123
0.299386
0.248896
0.204877
0.16681
0.133811
0.104969
0.0795686
0.0572182
0.0379008
0.0219498
0.00994239
0.00249599
0
0
0.00136033
0.00564195
0.013177
0.0241729
0.0385501
0.0558846
0.0754844
0.096577
0.118545
0.141123
0.164477
0.189167
0.216017
0.245943
0.279758
0.317861
0.359826
0.403974
0.447208
0.485348
0.514057
0.530173
0.532989
0.524958
0.51138
0.499044
0.494262
0.50107
0.520284
0.549682
0.585151
0.622349
0.658165
0.691325
0.721955
0.75051
0.776832
0.799984
0.818884
0.833181
0.843673
0.851977
0.859733
0.867895
0.876403
0.884173
0.889295
0.889518
0.883032
0.869264
0.849287
0.825644
0.801735
0.781042
0.766419
0.759527
0.760504
0.767927
0.779131
0.79075
0.799305
0.801761
0.796033
0.781423
0.758851
0.730751
0.70057
0.672011
0.648229
0.631288
0.622007
0.620161
0.624768
0.634248
0.646432
0.658559
0.667445
0.669827
0.662829
0.644433
0.613885
0.571912
0.520686
0.463469
0.404
0.345792
0.291539
0.242821
0.200124
0.163112
0.131007
0.102938
0.0781938
0.0563741
0.0374508
0.0217569
0.00988603
0.00248937
0
0
0.00136585
0.00569746
0.0133996
0.0247683
0.0398052
0.0581392
0.0790925
0.10188
0.125879
0.150859
0.177089
0.205268
0.236309
0.271068
0.310049
0.353098
0.399053
0.445471
0.488608
0.523887
0.546918
0.554875
0.547789
0.529212
0.505804
0.485792
0.476759
0.483643
0.507794
0.547257
0.597858
0.654529
0.712435
0.76753
0.816498
0.856446
0.884852
0.900059
0.902079
0.893111
0.877229
0.859206
0.843042
0.83096
0.823193
0.818369
0.814239
0.808559
0.799969
0.788534
0.775743
0.764048
0.756226
0.754783
0.761481
0.77695
0.800452
0.829866
0.861932
0.892581
0.917337
0.931851
0.932668
0.918065
0.888634
0.847313
0.798806
0.748596
0.70186
0.662602
0.633188
0.614299
0.605196
0.604088
0.608463
0.615317
0.621358
0.623242
0.617897
0.602929
0.577042
0.540349
0.49445
0.442159
0.386953
0.332257
0.280827
0.234375
0.193535
0.15808
0.127296
0.100335
0.0764897
0.0553605
0.0369252
0.0215363
0.00982249
0.00248195
0
0
0.00137126
0.00575143
0.0136162
0.0253494
0.0410373
0.0603676
0.0826791
0.107161
0.133139
0.160348
0.189061
0.220024
0.254189
0.292347
0.334757
0.380808
0.42874
0.47549
0.516811
0.547849
0.564209
0.563324
0.545698
0.515516
0.480213
0.448957
0.430419
0.430605
0.451691
0.492254
0.548345
0.614648
0.685351
0.754644
0.816952
0.867222
0.901544
0.9181
0.918012
0.905491
0.886905
0.86895
0.856661
0.852112
0.854255
0.859765
0.864468
0.864838
0.859068
0.847436
0.832014
0.816014
0.803114
0.796853
0.80005
0.814232
0.839248
0.873229
0.912814
0.953424
0.989568
1.01544
1.02592
1.01776
0.99045
0.946471
0.89073
0.829458
0.76896
0.714553
0.669925
0.636889
0.615455
0.604106
0.600211
0.600487
0.601413
0.59956
0.591863
0.575923
0.55035
0.515048
0.471323
0.421669
0.36927
0.317336
0.268491
0.224395
0.185665
0.152076
0.122907
0.097298
0.0745347
0.0542173
0.0363417
0.0212946
0.00975335
0.0024739
0
0
0.00137637
0.00580189
0.0138177
0.0258902
0.042187
0.0624529
0.0860359
0.112073
0.139785
0.168774
0.199205
0.231767
0.267401
0.306885
0.350377
0.397051
0.444846
0.490399
0.52926
0.556508
0.567801
0.560674
0.535685
0.496956
0.451776
0.40926
0.378411
0.36616
0.376016
0.407785
0.458298
0.522509
0.594407
0.66762
0.735886
0.793655
0.836971
0.864461
0.877976
0.882368
0.884201
0.889707
0.902761
0.923699
0.949428
0.974652
0.993657
1.00197
0.997386
0.980257
0.953125
0.920139
0.886415
0.857363
0.83789
0.831511
0.839682
0.861629
0.894559
0.933938
0.973794
1.00734
1.0281
1.03122
1.01463
0.979464
0.929757
0.87139
0.810815
0.753872
0.704996
0.666832
0.640118
0.623773
0.615213
0.610928
0.607137
0.600339
0.587665
0.567102
0.537693
0.499679
0.454515
0.404643
0.353036
0.302614
0.255708
0.21373
0.177116
0.145512
0.11811
0.093995
0.0724236
0.0529933
0.0357218
0.0210391
0.00968042
0.0024654
0
0
0.00138105
0.00584695
0.0139958
0.0263663
0.0431986
0.0642864
0.0889735
0.116315
0.145365
0.175503
0.206669
0.239395
0.274581
0.313071
0.355144
0.400091
0.445959
0.489513
0.526475
0.552123
0.562246
0.554329
0.528606
0.488593
0.440786
0.393497
0.355158
0.332645
0.330157
0.348864
0.387136
0.441145
0.505617
0.574583
0.642087
0.702969
0.753768
0.793533
0.82416
0.849906
0.876013
0.906854
0.944276
0.986816
1.03007
1.06799
1.09456
1.10525
1.09791
1.07299
1.03334
0.983644
0.929919
0.878741
0.836356
0.807708
0.795676
0.800788
0.8213
0.85337
0.891312
0.928199
0.956949
0.971697
0.969009
0.948551
0.912996
0.867229
0.817135
0.76838
0.725524
0.691516
0.667453
0.652501
0.644101
0.63856
0.631882
0.620526
0.601903
0.574608
0.538484
0.494568
0.444907
0.392219
0.339433
0.289186
0.243417
0.203144
0.168472
0.138811
0.113193
0.0906073
0.0702611
0.051742
0.0350889
0.0207781
0.00960567
0.00245665
0
0
0.00138514
0.00588487
0.014143
0.0267563
0.044024
0.0657768
0.0913388
0.119656
0.149568
0.180156
0.211044
0.242527
0.275449
0.310815
0.349266
0.390576
0.433338
0.474888
0.511506
0.538905
0.553044
0.551149
0.532702
0.50007
0.458457
0.415088
0.377766
0.353175
0.34558
0.356459
0.385003
0.428715
0.483753
0.545285
0.608105
0.667501
0.720202
0.765101
0.803457
0.838333
0.873381
0.91134
0.952838
0.99594
1.03657
1.06963
1.09026
1.09502
1.08243
1.0532
1.01005
0.957349
0.900616
0.845901
0.798979
0.764549
0.745665
0.743449
0.756991
0.783305
0.817464
0.853157
0.883723
0.903412
0.908539
0.898197
0.874283
0.840861
0.803055
0.765887
0.733418
0.708263
0.691338
0.681706
0.676695
0.672437
0.664752
0.650051
0.625975
0.591702
0.547952
0.496747
0.440987
0.38393
0.328645
0.277575
0.232257
0.193251
0.160256
0.132376
0.10844
0.0873171
0.0681534
0.050518
0.0344672
0.0205201
0.00953116
0.00244786
0
0
0.00138852
0.00591423
0.0142531
0.027043
0.044626
0.0668563
0.0930268
0.121958
0.152249
0.182643
0.212396
0.241522
0.270804
0.3015
0.33482
0.371345
0.410599
0.450875
0.489327
0.522296
0.545899
0.556846
0.55335
0.535898
0.507601
0.473935
0.441832
0.418247
0.408558
0.415464
0.438942
0.47698
0.526248
0.582453
0.640741
0.696403
0.745765
0.786938
0.820093
0.847084
0.870534
0.892707
0.91459
0.935537
0.953537
0.965949
0.970364
0.965271
0.950381
0.926647
0.896094
0.861582
0.826515
0.794477
0.768837
0.752375
0.746977
0.753348
0.770695
0.796502
0.826625
0.855865
0.878912
0.891429
0.890995
0.877632
0.853727
0.823334
0.791091
0.761175
0.736645
0.719197
0.709063
0.704884
0.703735
0.701553
0.693976
0.677301
0.649247
0.609372
0.559079
0.501259
0.439661
0.378158
0.320093
0.267831
0.222592
0.184514
0.152905
0.12656
0.104107
0.0842937
0.0662002
0.0493735
0.0338796
0.0202732
0.0094589
0.00243924
0
0
0.00139108
0.00593391
0.0143217
0.0272146
0.0449803
0.0674847
0.0939853
0.123179
0.153428
0.18314
0.211198
0.237339
0.262295
0.287634
0.315272
0.346812
0.382971
0.423251
0.465884
0.507956
0.545724
0.575176
0.592832
0.596674
0.586922
0.566425
0.540448
0.515794
0.499358
0.496454
0.509579
0.538202
0.579409
0.628748
0.680961
0.730724
0.773478
0.806175
0.827689
0.838718
0.84123
0.837682
0.830302
0.820701
0.809866
0.798444
0.78707
0.776553
0.767838
0.76183
0.759213
0.760378
0.765479
0.774574
0.787751
0.805158
0.82682
0.852293
0.880251
0.908274
0.932983
0.950586
0.957684
0.952145
0.933795
0.904654
0.868584
0.830358
0.794482
0.764288
0.741616
0.726981
0.719746
0.718058
0.71876
0.717662
0.710257
0.692672
0.662526
0.619454
0.565178
0.503108
0.437581
0.372971
0.312902
0.259769
0.214607
0.177268
0.146765
0.121657
0.100414
0.0816824
0.0644887
0.0483541
0.0333467
0.020045
0.00939076
0.00243099
0
0
0.00139276
0.00594323
0.0143462
0.027265
0.0450762
0.0676497
0.0942137
0.123363
0.15326
0.182015
0.208193
0.231284
0.252002
0.272246
0.294672
0.321969
0.356116
0.397881
0.446592
0.500061
0.554621
0.605418
0.647103
0.6749
0.685816
0.679641
0.659386
0.630962
0.602074
0.580507
0.572221
0.579899
0.602597
0.636501
0.676155
0.715631
0.7495
0.773599
0.785518
0.784743
0.772442
0.751043
0.723734
0.694063
0.665652
0.641996
0.626226
0.620819
0.627276
0.645883
0.675669
0.714607
0.760015
0.809056
0.85916
0.908233
0.954592
0.996682
1.03274
1.06059
1.07775
1.08183
1.0712
1.0457
1.00714
0.95936
0.907614
0.857379
0.813094
0.777369
0.751029
0.733683
0.724145
0.720403
0.719387
0.717043
0.708889
0.690912
0.660477
0.616973
0.561991
0.498973
0.432431
0.366971
0.306409
0.253224
0.208424
0.171752
0.14209
0.117885
0.0975226
0.0795944
0.0630865
0.0474964
0.0328855
0.0198415
0.00932841
0.00242332
0
0
0.00139352
0.00594194
0.0143261
0.0271944
0.044917
0.0673656
0.093756
0.122623
0.151988
0.17975
0.204228
0.224737
0.242005
0.25825
0.276807
0.301347
0.334968
0.379506
0.435178
0.500331
0.57126
0.642262
0.706233
0.755858
0.785183
0.791146
0.774571
0.740277
0.696213
0.651792
0.615814
0.594446
0.589916
0.600468
0.621531
0.647295
0.67203
0.690938
0.700666
0.699561
0.687742
0.666998
0.640543
0.612616
0.58795
0.571136
0.566006
0.575139
0.599577
0.63873
0.690476
0.751488
0.817782
0.885336
0.95061
1.01081
1.06387
1.10823
1.14248
1.16513
1.17459
1.16937
1.14868
1.11306
1.06486
1.00824
0.948605
0.891318
0.8405
0.798359
0.765399
0.741132
0.724564
0.714145
0.707419
0.700902
0.690447
0.672031
0.642686
0.601258
0.548758
0.488155
0.423678
0.359837
0.300494
0.248233
0.204169
0.168127
0.139037
0.115376
0.0955352
0.0781006
0.0620386
0.0468257
0.032508
0.0196679
0.00927322
0.00241637
0
0
0.00139334
0.0059302
0.0142629
0.0270084
0.044519
0.06667
0.0926922
0.121116
0.149911
0.176861
0.200142
0.218973
0.234128
0.248108
0.264798
0.288616
0.323432
0.371748
0.434269
0.5096
0.593904
0.680785
0.761782
0.827627
0.870093
0.883941
0.868366
0.827447
0.769395
0.704808
0.644399
0.596747
0.566634
0.554527
0.557424
0.570524
0.588708
0.607414
0.623027
0.633133
0.636747
0.63449
0.628556
0.62234
0.619765
0.624454
0.63906
0.664875
0.701738
0.748128
0.80144
0.858434
0.915793
0.970622
1.02076
1.06484
1.10217
1.13242
1.15527
1.17013
1.17593
1.1713
1.15496
1.12636
1.08636
1.0374
0.983249
0.928071
0.875491
0.827961
0.786775
0.752464
0.725086
0.704136
0.688212
0.674775
0.66032
0.640989
0.613462
0.575839
0.528193
0.472601
0.412615
0.352364
0.295608
0.245035
0.201967
0.166461
0.137652
0.114166
0.094484
0.0772274
0.0613643
0.0463543
0.0322212
0.0195271
0.00922624
0.0024103
0
0
0.00139227
0.00590861
0.0141601
0.0267183
0.0439096
0.0656202
0.0911293
0.119032
0.147343
0.173852
0.196708
0.215119
0.22994
0.243905
0.261281
0.286901
0.324933
0.378016
0.446902
0.530193
0.623932
0.721343
0.813222
0.889193
0.939701
0.958239
0.94311
0.898113
0.831848
0.755811
0.681834
0.619583
0.574821
0.549017
0.540375
0.545521
0.56079
0.582713
0.608112
0.634259
0.659248
0.682383
0.704287
0.726575
0.751163
0.779516
0.812114
0.848288
0.886376
0.924099
0.959084
0.989395
1.01395
1.03269
1.04647
1.05682
1.06549
1.07409
1.08366
1.09435
1.10509
1.11363
1.11687
1.11161
1.0954
1.06734
1.02834
0.98087
0.92835
0.874354
0.822098
0.774162
0.732368
0.697635
0.669759
0.647227
0.627256
0.606221
0.580454
0.547205
0.505423
0.456053
0.401734
0.346033
0.292506
0.243922
0.20186
0.166696
0.137858
0.114196
0.0943316
0.0769564
0.061057
0.0460816
0.0320267
0.0194206
0.00918812
0.00240521
0
0
0.00139037
0.00587816
0.0140225
0.0263397
0.0431258
0.0642885
0.0891927
0.116571
0.144596
0.171191
0.19461
0.214149
0.230779
0.247394
0.268401
0.298621
0.341999
0.400831
0.475584
0.564718
0.664266
0.767497
0.8652
0.946873
1.00271
1.02593
1.01461
0.97254
0.908421
0.833855
0.760539
0.697676
0.650507
0.620484
0.606686
0.60734
0.620534
0.644128
0.675559
0.712021
0.751031
0.790982
0.831318
0.872181
0.913744
0.95555
0.996163
1.03324
1.06391
1.08545
1.09592
1.09472
1.08297
1.06339
1.03994
1.01723
0.999794
0.991457
0.994675
1.01
1.0357
1.06769
1.09999
1.12574
1.13853
1.13382
1.10986
1.06795
1.01193
0.947135
0.879271
0.81347
0.753685
0.702409
0.660561
0.627436
0.600762
0.577017
0.552146
0.522559
0.486093
0.442555
0.393637
0.342289
0.291807
0.245009
0.203714
0.168616
0.139451
0.115309
0.0949753
0.0772274
0.0610861
0.045995
0.0319206
0.0193482
0.00915914
0.00240118
0
0
0.00138772
0.00584012
0.0138563
0.0258914
0.0422111
0.0627576
0.0870186
0.113938
0.141954
0.169267
0.194369
0.216738
0.237455
0.259402
0.286753
0.323826
0.373909
0.438698
0.518243
0.610845
0.712673
0.817443
0.916635
1.00056
1.0602
1.08937
1.08648
1.05517
1.00354
0.942012
0.880657
0.826982
0.785107
0.756392
0.740772
0.737742
0.746522
0.765719
0.793133
0.826089
0.862171
0.899854
0.938629
0.978545
1.01942
1.06014
1.09847
1.13124
1.15495
1.16659
1.16433
1.14813
1.11995
1.08373
1.04484
1.00946
0.983706
0.972721
0.979855
1.00588
1.04844
1.10194
1.15804
1.20699
1.23944
1.24831
1.23026
1.18613
1.12051
1.04045
0.953876
0.868163
0.789175
0.720785
0.664785
0.620952
0.587201
0.559917
0.534637
0.507075
0.474177
0.434822
0.389907
0.341826
0.293607
0.248055
0.207151
0.17184
0.142112
0.117271
0.0962576
0.0779451
0.0614002
0.0460709
0.0318948
0.019308
0.00913924
0.00239825
0
0
0.00138445
0.00579602
0.0136687
0.0253945
0.041213
0.061115
0.0847446
0.11132
0.139647
0.168321
0.196186
0.222937
0.24965
0.278878
0.314101
0.35871
0.415105
0.484317
0.565995
0.658313
0.757685
0.858538
0.953536
1.03451
1.09403
1.12718
1.13298
1.11479
1.07941
1.03518
0.989843
0.949013
0.915855
0.891692
0.87685
0.871119
0.873733
0.8832
0.897407
0.91416
0.931941
0.950432
0.970446
0.993238
1.01955
1.04884
1.07914
1.10739
1.13017
1.14457
1.14885
1.14293
1.12855
1.10903
1.0887
1.07227
1.06405
1.06757
1.08528
1.11818
1.16508
1.22172
1.28056
1.3317
1.36489
1.37195
1.34865
1.29556
1.21763
1.12284
1.02034
0.91878
0.825092
0.743904
0.677424
0.625575
0.586237
0.555645
0.529076
0.501859
0.470452
0.43319
0.390456
0.344235
0.29731
0.252404
0.211555
0.175845
0.145433
0.119788
0.0979812
0.0789881
0.0619328
0.0462779
0.0319373
0.0192968
0.00912798
0.0023964
0
0
0.00138069
0.00574755
0.0134671
0.0248703
0.0401789
0.0594464
0.0824987
0.108873
0.137807
0.16837
0.199792
0.231923
0.265606
0.302694
0.345583
0.396483
0.456813
0.526948
0.606169
0.692575
0.782892
0.872397
0.955209
1.0251
1.07672
1.10692
1.1156
1.10586
1.08308
1.05345
1.02251
0.994278
0.971128
0.954132
0.943415
0.938288
0.937288
0.938353
0.939298
0.938544
0.93577
0.932167
0.930063
0.932043
0.939958
0.954261
0.973921
0.996843
1.02058
1.04304
1.06304
1.08056
1.09654
1.11249
1.12985
1.14953
1.17186
1.19699
1.22547
1.25835
1.29637
1.33851
1.38064
1.41556
1.43451
1.42972
1.39672
1.33559
1.25084
1.15013
1.04251
0.93658
0.839244
0.755062
0.686123
0.632225
0.591173
0.559201
0.531656
0.503943
0.472534
0.43569
0.393623
0.348109
0.301734
0.257084
0.216145
0.180025
0.148963
0.122534
0.0999277
0.0802209
0.062608
0.0465794
0.0320338
0.0193105
0.00912466
0.00239562
0
0
0.00137659
0.00569643
0.0132588
0.0243393
0.0391525
0.0578282
0.080386
0.106695
0.136441
0.169165
0.204429
0.242091
0.282515
0.326576
0.375378
0.429841
0.490372
0.556699
0.62779
0.701756
0.775742
0.845994
0.908233
0.958372
0.993397
1.01214
1.01566
1.00695
0.990236
0.969899
0.949722
0.932481
0.919915
0.912788
0.910883
0.912971
0.916921
0.92011
0.920102
0.915416
0.906056
0.893568
0.880564
0.869932
0.864054
0.864318
0.871023
0.883647
0.901337
0.923432
0.949793
0.98077
1.01678
1.05767
1.10216
1.14782
1.19161
1.23092
1.2645
1.29293
1.31792
1.34091
1.36125
1.37543
1.37771
1.3621
1.32462
1.2648
1.18599
1.09441
0.997663
0.903053
0.816438
0.741594
0.680113
0.631579
0.59386
0.563495
0.536307
0.508245
0.476282
0.439027
0.396847
0.35149
0.305399
0.260984
0.220093
0.183764
0.152246
0.125187
0.101878
0.081506
0.063348
0.046937
0.0321684
0.0193443
0.00912835
0.00239582
0
0
0.0013723
0.00564441
0.0130506
0.0238192
0.0381702
0.056319
0.0784757
0.104818
0.135429
0.17024
0.209029
0.251496
0.297369
0.346434
0.398474
0.453139
0.509849
0.567737
0.625578
0.681687
0.733854
0.779487
0.816035
0.841582
0.855402
0.858231
0.852153
0.840126
0.825366
0.810846
0.79905
0.791943
0.790939
0.796758
0.809192
0.826946
0.847697
0.868456
0.886169
0.898385
0.903775
0.902336
0.895281
0.884675
0.872964
0.862473
0.855017
0.851771
0.853435
0.8606
0.874048
0.894731
0.923326
0.95951
1.0014
1.04558
1.08787
1.12449
1.15319
1.17375
1.18758
1.19662
1.20184
1.20227
1.19501
1.17642
1.14374
1.09634
1.03626
0.967636
0.895687
0.825498
0.761115
0.705094
0.658417
0.620604
0.58987
0.563389
0.537793
0.509902
0.477493
0.439782
0.397479
0.352403
0.306869
0.263069
0.222646
0.186512
0.154882
0.127458
0.103635
0.0827171
0.0640799
0.0473139
0.0323257
0.019393
0.00913794
0.00239692
0
0
0.00136798
0.00559314
0.0128488
0.0233244
0.0372574
0.0549535
0.0767926
0.1032
0.134553
0.171039
0.212504
0.258389
0.307746
0.359338
0.411749
0.463499
0.513152
0.559392
0.601019
0.636856
0.665684
0.686362
0.698174
0.701241
0.696734
0.68674
0.673813
0.660459
0.648821
0.640683
0.63766
0.641326
0.65312
0.674045
0.704308
0.743025
0.788093
0.836309
0.88375
0.926356
0.960574
0.983914
0.995327
0.995309
0.985718
0.969322
0.949208
0.928236
0.908708
0.892331
0.880425
0.874162
0.87456
0.882115
0.89625
0.915044
0.93557
0.954744
0.97022
0.980894
0.986817
0.988636
0.986857
0.981306
0.971033
0.954715
0.931322
0.90071
0.863868
0.822746
0.77979
0.737421
0.697638
0.661808
0.630548
0.603618
0.579841
0.557195
0.533214
0.505637
0.473064
0.435329
0.393468
0.349335
0.305064
0.262575
0.223257
0.187862
0.156567
0.129123
0.105041
0.0837508
0.0647424
0.0476778
0.0324913
0.0194516
0.00915223
0.00239879
0
0
0.00136377
0.0055441
0.0126583
0.022865
0.0364276
0.0537397
0.0753165
0.101744
0.133562
0.171056
0.214025
0.26161
0.312276
0.363952
0.414282
0.460915
0.501795
0.535398
0.560826
0.577754
0.586321
0.587105
0.581252
0.570584
0.557468
0.544379
0.533379
0.525847
0.522637
0.524508
0.532486
0.54792
0.572278
0.606824
0.65226
0.708337
0.773509
0.844787
0.917918
0.987855
1.04943
1.09807
1.13046
1.14506
1.14225
1.12429
1.09482
1.05812
1.01837
0.978981
0.942412
0.910315
0.883907
0.864144
0.851568
0.845968
0.846185
0.850221
0.855615
0.859903
0.861072
0.857914
0.850179
0.838441
0.823724
0.807049
0.789069
0.769969
0.749606
0.727794
0.70457
0.680326
0.655776
0.631767
0.608976
0.587557
0.566884
0.545567
0.521823
0.494075
0.461513
0.42437
0.383813
0.341576
0.2995
0.259163
0.22167
0.187613
0.157132
0.130048
0.105992
0.0845359
0.0652902
0.0480035
0.0326531
0.0195154
0.00916996
0.0024013
0
0
0.00135982
0.00549863
0.0124832
0.0224471
0.0356827
0.0526616
0.0739903
0.100324
0.132228
0.169953
0.213168
0.260747
0.310734
0.360505
0.407102
0.447647
0.479773
0.502006
0.513996
0.516517
0.511278
0.500672
0.487539
0.474849
0.465238
0.460495
0.461332
0.467627
0.478973
0.495175
0.516461
0.54347
0.577153
0.618665
0.669111
0.729099
0.798187
0.874485
0.954581
1.0338
1.10672
1.16785
1.21237
1.23696
1.24034
1.22366
1.19027
1.14509
1.09363
1.041
0.991209
0.947053
0.910387
0.882488
0.864196
0.85569
0.856076
0.863062
0.873015
0.881578
0.884748
0.880026
0.867143
0.847968
0.825596
0.802974
0.781739
0.761868
0.742217
0.721472
0.698898
0.674585
0.649269
0.623942
0.599417
0.575964
0.553105
0.529687
0.504251
0.475567
0.443096
0.407157
0.368786
0.329394
0.290405
0.252997
0.21798
0.185797
0.156571
0.130203
0.106455
0.0850395
0.0656979
0.048274
0.0328018
0.0195802
0.0091899
0.00240428
0
0
0.00135623
0.00545782
0.0123266
0.0220736
0.0350162
0.0516862
0.0727373
0.0988129
0.130395
0.167603
0.20994
0.256093
0.303883
0.350449
0.392598
0.427281
0.452112
0.465871
0.46886
0.462973
0.451429
0.438241
0.427513
0.42266
0.425758
0.437321
0.456605
0.482155
0.512281
0.545358
0.58006
0.615594
0.651926
0.689876
0.730953
0.776872
0.828868
0.887045
0.94999
1.01472
1.07697
1.13171
1.17392
1.19946
1.20596
1.19342
1.16437
1.12338
1.07613
1.02834
0.984867
0.949242
0.923705
0.909441
0.906794
0.915227
0.933033
0.957065
0.982787
1.00492
1.01856
1.02046
1.0099
0.98868
0.960181
0.927878
0.894011
0.859198
0.823058
0.785233
0.746052
0.70655
0.668061
0.631732
0.598188
0.567383
0.538603
0.51064
0.482133
0.451986
0.419697
0.385435
0.349893
0.314008
0.278703
0.244731
0.212622
0.182685
0.155042
0.12967
0.106461
0.0852684
0.0659604
0.0484815
0.032931
0.0196428
0.00921087
0.00240759
0
0
0.00135311
0.00542255
0.0121906
0.0217452
0.0344176
0.0507757
0.0714809
0.0971092
0.127996
0.164079
0.204705
0.248463
0.29316
0.335979
0.373821
0.403765
0.423614
0.432469
0.431199
0.422582
0.410988
0.401573
0.399113
0.406869
0.426028
0.45594
0.494703
0.539599
0.587365
0.634547
0.678007
0.715483
0.746024
0.770207
0.790022
0.808405
0.828491
0.852775
0.882404
0.916792
0.953642
0.989346
1.01968
1.04068
1.04958
1.04552
1.02993
1.00625
0.979225
0.953933
0.93487
0.925357
0.927276
0.94108
0.965975
1.00011
1.04067
1.08398
1.12558
1.16068
1.18481
1.19467
1.18885
1.16803
1.13451
1.09122
1.04079
0.985188
0.925989
0.864921
0.804076
0.74562
0.6913
0.642084
0.598115
0.558853
0.52329
0.490173
0.458253
0.426549
0.394526
0.362116
0.329587
0.297356
0.265844
0.235407
0.206315
0.178758
0.152848
0.12863
0.106109
0.0852661
0.0660917
0.0486266
0.0330375
0.0197004
0.00923177
0.00241105
0
0
0.00135052
0.00539345
0.012077
0.0214623
0.0338774
0.0498988
0.0701656
0.0951601
0.125055
0.159609
0.198048
0.238963
0.280305
0.319525
0.353849
0.380669
0.398056
0.405363
0.40377
0.396515
0.388554
0.38554
0.392343
0.411762
0.444177
0.488076
0.540641
0.598043
0.655695
0.708754
0.752841
0.784773
0.803142
0.808602
0.803786
0.792832
0.780581
0.771598
0.769226
0.774938
0.788185
0.806746
0.827395
0.846701
0.86182
0.871203
0.875031
0.875235
0.875057
0.878292
0.888464
0.908119
0.938349
0.978622
1.02693
1.08021
1.13483
1.18701
1.23308
1.26962
1.29363
1.30282
1.29594
1.273
1.23522
1.18464
1.12371
1.05513
0.981847
0.907072
0.83399
0.765198
0.702258
0.645654
0.595082
0.549813
0.508935
0.471485
0.436552
0.403397
0.371523
0.340672
0.310741
0.2817
0.253543
0.226284
0.199962
0.174641
0.150404
0.12734
0.105542
0.0851041
0.0661205
0.0487167
0.0331207
0.019751
0.00925163
0.00241452
0
0
0.00134852
0.0053709
0.0119868
0.0212259
0.0333921
0.0490418
0.0687718
0.0929724
0.121679
0.154515
0.190646
0.22875
0.267031
0.303328
0.335303
0.360721
0.377883
0.386225
0.386915
0.38316
0.379869
0.38255
0.39572
0.421644
0.460129
0.509116
0.565249
0.624167
0.680805
0.729948
0.766978
0.78865
0.793714
0.783253
0.760614
0.730908
0.700121
0.673999
0.656913
0.651088
0.656494
0.671387
0.693099
0.718701
0.745468
0.771314
0.795218
0.817503
0.839773
0.864447
0.894024
0.93029
0.9737
1.02311
1.07591
1.12863
1.1776
1.21963
1.25232
1.27407
1.2839
1.28123
1.26585
1.23796
1.19824
1.14792
1.08878
1.02321
0.954135
0.884667
0.81747
0.754195
0.695362
0.64077
0.590036
0.542891
0.499183
0.458747
0.421344
0.38668
0.354447
0.324335
0.296022
0.269172
0.243467
0.218642
0.19452
0.171025
0.148182
0.126097
0.104933
0.0848699
0.0660844
0.0487637
0.0331819
0.0197934
0.00926956
0.00241783
0
0
0.00134711
0.00535501
0.0119206
0.021038
0.0329664
0.0482146
0.0673253
0.0906183
0.118046
0.149167
0.183165
0.218863
0.25477
0.289138
0.320055
0.345611
0.364233
0.375258
0.379555
0.379874
0.380539
0.386404
0.401377
0.427286
0.463683
0.508368
0.557978
0.608368
0.654966
0.693258
0.719411
0.730925
0.727203
0.709893
0.682849
0.65161
0.622409
0.600853
0.590665
0.593071
0.607164
0.630925
0.662111
0.698561
0.738134
0.778678
0.818308
0.85587
0.89128
0.925479
0.959941
0.995909
1.03366
1.07211
1.10887
1.14091
1.16533
1.18015
1.18467
1.1793
1.16513
1.14339
1.11515
1.08125
1.04232
0.999126
0.952714
0.90458
0.85644
0.809674
0.764722
0.72096
0.677244
0.63274
0.587434
0.542075
0.497743
0.455431
0.415824
0.379265
0.345808
0.315268
0.287277
0.261346
0.236946
0.21358
0.19086
0.168559
0.146631
0.125189
0.104448
0.0846516
0.066023
0.0487813
0.0332233
0.0198265
0.00928485
0.00242086
0
0
0.00134628
0.00534566
0.0118787
0.020902
0.0326133
0.047451
0.0658979
0.0882332
0.114392
0.143954
0.176191
0.210118
0.244537
0.278058
0.309103
0.335975
0.357119
0.37165
0.379967
0.384096
0.387453
0.393967
0.406876
0.427767
0.456314
0.49064
0.527876
0.564661
0.597551
0.623404
0.639776
0.645334
0.640278
0.626643
0.60827
0.590244
0.57776
0.574743
0.582886
0.601678
0.629318
0.663758
0.703275
0.746444
0.791832
0.837768
0.882439
0.924264
0.962338
0.996605
1.02764
1.05603
1.08175
1.10363
1.11948
1.12666
1.12305
1.10784
1.08198
1.04786
1.00858
0.96716
0.925958
0.886551
0.849911
0.816712
0.787543
0.762827
0.742382
0.724876
0.707726
0.687765
0.662382
0.630448
0.592526
0.550411
0.506383
0.462573
0.420625
0.381598
0.346014
0.313941
0.285089
0.258911
0.23472
0.211812
0.189602
0.167729
0.146099
0.124844
0.104225
0.0845228
0.0659708
0.0487819
0.0332474
0.0198499
0.00929686
0.00242348
0
0
0.00134599
0.00534246
0.0118606
0.0208213
0.0323515
0.0468037
0.0645981
0.086003
0.110998
0.13926
0.170211
0.203072
0.236889
0.270522
0.302593
0.3315
0.355639
0.373873
0.386097
0.393557
0.398697
0.404507
0.413642
0.427659
0.446681
0.469533
0.49418
0.518255
0.539526
0.556224
0.567245
0.572311
0.572177
0.568798
0.565229
0.565036
0.571294
0.58567
0.608118
0.637302
0.671339
0.708394
0.746967
0.785924
0.82441
0.861745
0.897379
0.930934
0.962286
0.991574
1.01901
1.04448
1.06706
1.08478
1.09468
1.09355
1.07888
1.04987
1.00802
0.95686
0.901175
0.845842
0.794931
0.751304
0.716703
0.69201
0.677352
0.671866
0.673295
0.677858
0.680798
0.677512
0.664767
0.641417
0.608398
0.568119
0.523624
0.477852
0.43319
0.391298
0.353118
0.318962
0.288621
0.261495
0.236746
0.21348
0.190955
0.168739
0.14675
0.125179
0.104341
0.0845287
0.0659506
0.0487745
0.0332558
0.0198629
0.0093051
0.00242559
0
0
0.00134618
0.00534475
0.0118651
0.0207982
0.0322003
0.0463326
0.0635533
0.0841403
0.108163
0.135448
0.165602
0.198037
0.231971
0.266387
0.299973
0.331137
0.358209
0.379857
0.395567
0.405934
0.412584
0.417751
0.423672
0.432007
0.443468
0.457738
0.473708
0.489906
0.504959
0.51793
0.528463
0.536801
0.543779
0.550791
0.559597
0.571905
0.58883
0.61055
0.636309
0.664698
0.694008
0.72256
0.748991
0.772513
0.793079
0.811388
0.828721
0.84666
0.866746
0.890146
0.917336
0.947793
0.979753
1.01013
1.03476
1.04902
1.04889
1.03205
0.99875
0.95196
0.89679
0.839326
0.785396
0.739655
0.705152
0.683262
0.673722
0.674645
0.682568
0.692795
0.700127
0.699896
0.688943
0.666197
0.63266
0.590877
0.544128
0.495673
0.448235
0.403758
0.363373
0.327476
0.295837
0.267737
0.242165
0.218068
0.194628
0.171437
0.148516
0.126174
0.104796
0.084678
0.0659697
0.0487623
0.0332492
0.019865
0.00930919
0.00242712
0
0
0.00134677
0.00535168
0.0118897
0.0208324
0.0321743
0.0460911
0.0628832
0.0828476
0.106162
0.132822
0.162619
0.195116
0.229615
0.265108
0.300248
0.333401
0.36286
0.387206
0.405698
0.418518
0.426759
0.432161
0.436711
0.44219
0.449804
0.459968
0.472332
0.486041
0.500111
0.513788
0.526753
0.539168
0.551592
0.564824
0.579694
0.596822
0.616399
0.638056
0.660796
0.683029
0.702759
0.717999
0.727387
0.730784
0.729558
0.726403
0.724721
0.727849
0.738419
0.758007
0.787048
0.824827
0.869445
0.917737
0.965284
1.00673
1.03655
1.05024
1.04551
1.02299
0.986176
0.940632
0.89265
0.848
0.810992
0.784005
0.767394
0.759633
0.757644
0.7573
0.754127
0.74415
0.724698
0.694901
0.655727
0.609551
0.559452
0.508506
0.459279
0.413581
0.37242
0.336059
0.304105
0.275648
0.249498
0.224505
0.199873
0.175333
0.151102
0.127668
0.105517
0.0849408
0.0660181
0.0487423
0.0332263
0.0198558
0.00930886
0.00242802
0
0
0.00134766
0.0053622
0.0119314
0.0209199
0.0322778
0.0461116
0.0626723
0.0822749
0.105197
0.131586
0.161382
0.19424
0.229463
0.265964
0.302292
0.336754
0.36765
0.393593
0.413821
0.428377
0.43812
0.444549
0.449504
0.454806
0.461905
0.471615
0.484017
0.49856
0.514331
0.530394
0.546085
0.561187
0.575943
0.59095
0.606987
0.624814
0.644926
0.667236
0.690708
0.713141
0.731372
0.742026
0.742683
0.733021
0.71542
0.694665
0.676721
0.667027
0.669104
0.684184
0.71184
0.750866
0.799724
0.856358
0.917657
0.979062
1.03476
1.07862
1.10567
1.1134
1.10238
1.07609
1.03978
0.999216
0.959417
0.923867
0.894181
0.870132
0.849966
0.83089
0.809717
0.783591
0.750652
0.710449
0.663972
0.613293
0.560982
0.509516
0.460883
0.416405
0.376716
0.341787
0.310979
0.283175
0.257049
0.231439
0.205673
0.179714
0.15405
0.129397
0.106363
0.0852526
0.0660695
0.0487052
0.0331844
0.0198344
0.00930397
0.00242825
0
0
0.00134873
0.00537514
0.0119858
0.0210523
0.0325021
0.0463956
0.0629474
0.082483
0.10535
0.1318
0.161862
0.195213
0.23109
0.268268
0.305159
0.339999
0.371134
0.397312
0.41792
0.433102
0.443731
0.451241
0.457371
0.463843
0.472063
0.482876
0.496459
0.512348
0.529629
0.547221
0.564198
0.580055
0.594873
0.609381
0.624918
0.643224
0.665975
0.69404
0.726659
0.760991
0.792397
0.81553
0.825918
0.821516
0.803665
0.777056
0.748581
0.725397
0.712972
0.714051
0.728951
0.75668
0.795935
0.845353
0.903041
0.965812
1.02875
1.08564
1.13017
1.1576
1.16588
1.15602
1.13147
1.09702
1.05747
1.01671
0.977154
0.939669
0.903774
0.868069
0.830787
0.790372
0.745984
0.697778
0.646867
0.594982
0.544007
0.495574
0.450851
0.410506
0.374712
0.343129
0.314901
0.288769
0.26336
0.237589
0.210989
0.183809
0.156838
0.131037
0.107157
0.0855254
0.0660853
0.0486367
0.0331192
0.0198002
0.00929451
0.00242783
0
0
0.00134989
0.00538928
0.0120482
0.0212179
0.0328257
0.0469118
0.0636698
0.0834263
0.106559
0.133364
0.163886
0.197761
0.234109
0.271541
0.308311
0.342587
0.372776
0.397817
0.417362
0.431812
0.442218
0.450061
0.456981
0.46449
0.473726
0.485306
0.499277
0.515184
0.532221
0.549457
0.566074
0.581598
0.596125
0.61053
0.626615
0.646987
0.674465
0.710982
0.756385
0.807761
0.859702
0.905474
0.938669
0.954885
0.952927
0.93517
0.906937
0.875089
0.846366
0.826049
0.817357
0.82157
0.838579
0.867408
0.906388
0.952906
1.00303
1.05154
1.09266
1.12132
1.13441
1.13137
1.114
1.08559
1.04992
1.0103
0.969011
0.927202
0.885008
0.841933
0.797301
0.750688
0.702235
0.652734
0.603449
0.555759
0.510798
0.469283
0.431552
0.397674
0.367474
0.340439
0.31563
0.291771
0.26755
0.242033
0.214986
0.186943
0.158975
0.132271
0.107712
0.0856601
0.0660199
0.0485191
0.0330261
0.0197526
0.00928061
0.00242679
0
0
0.00135103
0.00540343
0.0121135
0.0214024
0.0332171
0.0476017
0.0647438
0.0849636
0.108633
0.136032
0.167162
0.201567
0.238222
0.275567
0.311701
0.344723
0.373105
0.39599
0.413331
0.425851
0.43485
0.441913
0.448601
0.456181
0.465452
0.476707
0.4898
0.504289
0.519616
0.535265
0.550875
0.566319
0.58184
0.598283
0.61735
0.641624
0.674072
0.716986
0.770743
0.832988
0.898672
0.960938
1.01255
1.04751
1.06245
1.05733
1.0354
1.00225
0.964591
0.928872
0.900337
0.882455
0.876785
0.883156
0.899996
0.924622
0.953426
0.982106
1.00617
1.02173
1.0263
1.01926
1.00169
0.975861
0.944421
0.909693
0.873236
0.83573
0.797165
0.757217
0.715663
0.672708
0.629116
0.586087
0.544899
0.506498
0.471269
0.439126
0.409789
0.383005
0.358523
0.33589
0.314273
0.292518
0.269462
0.24435
0.217159
0.188643
0.160082
0.132826
0.107855
0.0855611
0.0658271
0.0483348
0.0329003
0.0196912
0.00926254
0.00242518
0
0
0.00135204
0.00541653
0.0121769
0.0215912
0.0336405
0.0483914
0.0660386
0.0868917
0.111292
0.139462
0.171319
0.206291
0.243208
0.280348
0.315675
0.347228
0.373536
0.393927
0.408629
0.41866
0.425551
0.430997
0.436514
0.443197
0.451603
0.461794
0.473502
0.486346
0.500033
0.51449
0.529861
0.546447
0.564679
0.585241
0.609277
0.638449
0.674636
0.719231
0.77227
0.8318
0.893765
0.952534
1.00196
1.03673
1.05356
1.05197
1.03432
1.00512
0.970003
0.934624
0.90382
0.881044
0.868101
0.865088
0.870549
0.881781
0.895283
0.907285
0.914358
0.914004
0.905066
0.887821
0.863742
0.835007
0.803913
0.772318
0.741264
0.710894
0.680692
0.649946
0.618231
0.585719
0.553194
0.521761
0.492357
0.465347
0.440465
0.417123
0.394825
0.373376
0.352747
0.332762
0.312858
0.292116
0.269565
0.24461
0.21736
0.188678
0.159926
0.132514
0.107455
0.0851486
0.0654668
0.0480679
0.0327381
0.0196164
0.00924078
0.00242309
0
0
0.00135285
0.00542769
0.0122342
0.0217707
0.0340607
0.0492053
0.0674147
0.0889874
0.114222
0.143268
0.175947
0.211576
0.248862
0.285957
0.320723
0.351157
0.375841
0.394248
0.406808
0.414734
0.419691
0.423423
0.42743
0.432757
0.439929
0.449014
0.45981
0.472068
0.48569
0.500834
0.51788
0.537308
0.559584
0.585131
0.614363
0.647666
0.685223
0.726689
0.770856
0.815473
0.857348
0.892808
0.918457
0.932031
0.933063
0.923064
0.905144
0.883231
0.861215
0.842316
0.82877
0.82175
0.821401
0.826874
0.836388
0.847363
0.856739
0.861477
0.859161
0.848498
0.829525
0.803479
0.772429
0.738832
0.705102
0.673194
0.644232
0.61835
0.59485
0.572673
0.550947
0.529346
0.508105
0.487705
0.468427
0.45006
0.431977
0.413506
0.394306
0.374472
0.354328
0.334061
0.313461
0.291908
0.268649
0.24321
0.215729
0.187037
0.158428
0.131241
0.106433
0.0843694
0.0649108
0.0477079
0.0325379
0.019529
0.00921596
0.00242061
0
0
0.0013534
0.00543626
0.0122825
0.0219303
0.034449
0.0499785
0.0687483
0.0910472
0.11713
0.14708
0.180637
0.217038
0.254916
0.292351
0.327153
0.357305
0.381437
0.399115
0.410873
0.41798
0.422084
0.424865
0.427775
0.431903
0.437933
0.446192
0.456767
0.469658
0.48493
0.502794
0.523585
0.547658
0.575229
0.606227
0.640182
0.676151
0.712679
0.747822
0.779241
0.804408
0.820981
0.827331
0.823137
0.8098
0.790417
0.76919
0.750452
0.737705
0.733075
0.737225
0.749531
0.768362
0.791381
0.815868
0.838963
0.85783
0.869821
0.872781
0.865477
0.847975
0.821718
0.789188
0.753306
0.716845
0.682059
0.650514
0.623016
0.599571
0.579504
0.561759
0.545305
0.52944
0.513843
0.498391
0.482862
0.466781
0.449516
0.430562
0.409808
0.387582
0.364458
0.340927
0.317129
0.29279
0.267416
0.240646
0.212578
0.183886
0.155654
0.129014
0.10477
0.0832041
0.0641475
0.0472518
0.0323008
0.0194308
0.0091889
0.00241789
0
0
0.00135363
0.00544187
0.0123199
0.0220634
0.0347863
0.0506655
0.069949
0.0929158
0.119785
0.150585
0.185012
0.222271
0.260983
0.299227
0.334818
0.365765
0.390733
0.409328
0.422076
0.430161
0.435065
0.438276
0.441125
0.444728
0.449983
0.457566
0.46796
0.481508
0.498506
0.519276
0.544161
0.573401
0.606903
0.643963
0.683083
0.721978
0.757801
0.787525
0.808362
0.818177
0.815886
0.801877
0.778333
0.749241
0.71983
0.695474
0.680519
0.677657
0.687964
0.711075
0.745143
0.786852
0.831865
0.875584
0.913802
0.943012
0.960494
0.964418
0.954129
0.93052
0.896177
0.855037
0.811537
0.769594
0.73185
0.699461
0.672355
0.649672
0.630181
0.612608
0.595875
0.579229
0.562238
0.544642
0.526172
0.506438
0.48499
0.461504
0.435972
0.408764
0.380507
0.351852
0.323225
0.294712
0.266137
0.237303
0.208271
0.179506
0.151785
0.125932
0.102513
0.0816712
0.0631857
0.0467053
0.0320314
0.0193243
0.00916061
0.00241505
0
0
0.00135352
0.00544445
0.012346
0.0221683
0.0350649
0.0512453
0.0709693
0.0945035
0.122035
0.153562
0.188765
0.226873
0.266559
0.305973
0.343002
0.375712
0.402798
0.423845
0.439271
0.450059
0.457421
0.462569
0.466637
0.470684
0.475702
0.482586
0.492099
0.504879
0.521511
0.542612
0.568824
0.600612
0.637884
0.679569
0.723411
0.766139
0.803996
0.833429
0.851717
0.857392
0.850476
0.8326
0.80703
0.778455
0.752314
0.733735
0.726535
0.732848
0.753316
0.787236
0.832417
0.885161
0.940773
0.994382
1.0416
1.0788
1.10305
1.11214
1.10486
1.0815
1.04426
0.997267
0.945783
0.895024
0.848884
0.809238
0.776017
0.747883
0.723029
0.699793
0.676954
0.65379
0.629968
0.605359
0.579851
0.553231
0.525206
0.49552
0.464127
0.431276
0.397493
0.363437
0.329708
0.296698
0.264568
0.233352
0.203146
0.174238
0.14709
0.122174
0.0997661
0.0798272
0.0620549
0.0460843
0.0317378
0.0192134
0.00913225
0.00241225
0
0
0.00135306
0.00544417
0.012362
0.0222473
0.0352892
0.0517216
0.0718076
0.0957932
0.123833
0.155903
0.191695
0.230498
0.271091
0.311758
0.350513
0.385516
0.415488
0.439937
0.459104
0.473696
0.484607
0.492752
0.499035
0.50437
0.509684
0.515868
0.52373
0.534014
0.547511
0.56517
0.588087
0.61722
0.65286
0.694099
0.73862
0.782999
0.823436
0.85659
0.880197
0.893341
0.896384
0.890796
0.879024
0.864403
0.850894
0.842501
0.842513
0.852922
0.874261
0.905725
0.945408
0.990627
1.03837
1.08568
1.12983
1.16819
1.19805
1.21655
1.2211
1.21014
1.18393
1.14491
1.09733
1.04617
0.995826
0.949049
0.906709
0.868219
0.83232
0.797766
0.763702
0.729724
0.695749
0.661812
0.62788
0.593757
0.559097
0.523535
0.486855
0.44912
0.410697
0.372176
0.334219
0.297412
0.262182
0.228809
0.197497
0.168455
0.141899
0.117983
0.0966863
0.0777639
0.0608051
0.0454141
0.0314317
0.0191025
0.00910512
0.00240965
0
0
0.00135228
0.00544144
0.0123698
0.0223071
0.0354737
0.0521215
0.0725057
0.096839
0.125233
0.157633
0.193747
0.232934
0.274108
0.315725
0.355979
0.393154
0.426001
0.453932
0.476964
0.495506
0.510134
0.521485
0.530247
0.537177
0.543066
0.548684
0.554741
0.561934
0.571093
0.583315
0.599951
0.622301
0.651067
0.685826
0.724849
0.765453
0.804729
0.840272
0.870597
0.895098
0.913713
0.92661
0.934163
0.93723
0.937412
0.93698
0.938334
0.94331
0.952718
0.966371
0.98355
1.00362
1.02646
1.05241
1.08182
1.11426
1.14794
1.17956
1.20491
1.21991
1.22178
1.20984
1.18553
1.15171
1.11164
1.06807
1.02276
0.976609
0.930022
0.883298
0.836834
0.791126
0.746646
0.703672
0.662169
0.621758
0.581827
0.541733
0.501031
0.45963
0.417814
0.376144
0.335297
0.295925
0.258581
0.223701
0.191613
0.162541
0.136575
0.113641
0.0934674
0.075601
0.0595035
0.0447286
0.0311279
0.018997
0.00908058
0.00240742
0
0
0.00135118
0.00543683
0.0123726
0.0223569
0.0356407
0.0524896
0.0731408
0.0977574
0.126385
0.158916
0.195044
0.234182
0.275369
0.317257
0.358246
0.396789
0.43169
0.462273
0.488341
0.510012
0.527573
0.541427
0.5521
0.560249
0.566601
0.571873
0.57673
0.581845
0.588026
0.596326
0.607996
0.624217
0.645677
0.672212
0.702759
0.735714
0.769488
0.802941
0.835424
0.86643
0.895126
0.920141
0.939825
0.952853
0.958788
0.958256
0.952624
0.943422
0.931902
0.919037
0.905958
0.894518
0.887556
0.888565
0.900779
0.925994
0.963619
1.01036
1.06078
1.10847
1.14752
1.17365
1.18473
1.18063
1.16261
1.13274
1.09337
1.04686
0.99551
0.941456
0.886631
0.832647
0.78067
0.731309
0.684549
0.639817
0.596192
0.55274
0.508852
0.46443
0.41987
0.375858
0.333126
0.292294
0.253859
0.218242
0.185823
0.156877
0.13148
0.109446
0.090324
0.0734772
0.0582298
0.0440677
0.0308434
0.0189027
0.00906005
0.0024057
0
0
0.00134982
0.00543101
0.0123737
0.0224075
0.035817
0.0528816
0.0738141
0.0987107
0.127521
0.16004
0.195897
0.234504
0.274996
0.316204
0.356766
0.395341
0.430843
0.462562
0.49013
0.513421
0.532471
0.547491
0.558912
0.567389
0.573732
0.578788
0.583381
0.588333
0.594533
0.602966
0.614608
0.630182
0.649902
0.67334
0.699579
0.727589
0.756609
0.786273
0.81635
0.846255
0.874658
0.899485
0.918336
0.929108
0.930496
0.922174
0.904655
0.879057
0.847057
0.811158
0.775084
0.743784
0.722624
0.715956
0.726013
0.752926
0.795355
0.850654
0.914523
0.981027
1.04346
1.09566
1.13305
1.1531
1.15534
1.14091
1.11211
1.07193
1.02361
0.970288
0.914708
0.859097
0.805032
0.753372
0.704207
0.656932
0.610506
0.563899
0.516541
0.468569
0.42075
0.374122
0.32959
0.28771
0.248756
0.212938
0.180537
0.151839
0.126957
0.105686
0.0874741
0.0715389
0.0570701
0.0434749
0.0305963
0.0188254
0.00904488
0.00240464
0
0
0.00134823
0.00542465
0.0123765
0.0224698
0.0360298
0.0533555
0.0746351
0.0998831
0.12892
0.161388
0.19678
0.234438
0.273527
0.313036
0.351846
0.388879
0.423236
0.454263
0.481513
0.504683
0.523601
0.538313
0.549184
0.556938
0.562585
0.567283
0.572219
0.578569
0.587477
0.599976
0.616813
0.638229
0.663809
0.69253
0.723036
0.754028
0.78456
0.814034
0.841918
0.867376
0.889112
0.905516
0.914988
0.916242
0.908449
0.891231
0.864613
0.829177
0.7866
0.740543
0.697316
0.665211
0.651557
0.658854
0.683803
0.720644
0.765119
0.815485
0.870819
0.928962
0.985897
1.03664
1.07663
1.10267
1.11333
1.10878
1.09047
1.06069
1.02211
0.977431
0.929058
0.878984
0.828688
0.779057
0.730295
0.68193
0.633054
0.582811
0.530932
0.478038
0.425512
0.37498
0.327701
0.284236
0.244582
0.208584
0.17626
0.147797
0.123316
0.102624
0.0851245
0.0699295
0.0561103
0.0429935
0.0304045
0.018771
0.00903636
0.00240438
0
0
0.00134646
0.0054184
0.012384
0.0225532
0.0363027
0.0539632
0.075704
0.101451
0.130864
0.163377
0.19827
0.234729
0.271882
0.30883
0.344701
0.378727
0.410293
0.438924
0.464213
0.485775
0.503282
0.516614
0.52604
0.532325
0.536684
0.540629
0.545797
0.553827
0.566241
0.584258
0.608555
0.639043
0.674786
0.714104
0.754895
0.795036
0.832719
0.866541
0.895381
0.918247
0.934292
0.942989
0.944267
0.938444
0.925952
0.907019
0.881524
0.849271
0.810819
0.768767
0.728807
0.699248
0.687864
0.697359
0.723789
0.759941
0.799956
0.841146
0.882859
0.92447
0.964289
0.999773
1.02837
1.04818
1.05819
1.05822
1.0487
1.03057
1.00506
0.973545
0.937331
0.897604
0.855336
0.811177
0.765305
0.717369
0.666683
0.612721
0.555676
0.496786
0.438164
0.382171
0.330617
0.284269
0.242968
0.206194
0.1736
0.145143
0.120848
0.100497
0.0834611
0.0687795
0.0554292
0.0426634
0.0302844
0.0187446
0.00903559
0.00240502
0
0
0.00134456
0.00541276
0.0123985
0.0226646
0.0366526
0.0547409
0.077094
0.103549
0.133586
0.166383
0.200939
0.236206
0.271204
0.305097
0.337249
0.367241
0.39483
0.41985
0.442084
0.461184
0.476731
0.488432
0.496381
0.50125
0.504305
0.507268
0.512114
0.520878
0.535454
0.557323
0.587248
0.62504
0.669458
0.718318
0.768783
0.817828
0.862716
0.90132
0.932225
0.954699
0.968702
0.974936
0.974788
0.970031
0.962301
0.952534
0.940617
0.925497
0.905885
0.881487
0.854249
0.828712
0.810687
0.80453
0.810948
0.827275
0.849713
0.875218
0.901832
0.928077
0.952497
0.973728
0.990767
1.00307
1.01038
1.01256
1.00948
1.00105
0.987295
0.968344
0.944408
0.91578
0.882789
0.845664
0.804356
0.758455
0.707377
0.650842
0.589431
0.524894
0.459972
0.397722
0.340613
0.289884
0.245531
0.206879
0.173261
0.144315
0.119846
0.0995195
0.0826433
0.0681985
0.0550924
0.0425176
0.0302494
0.0187503
0.00904344
0.00240663
0
0
0.00134257
0.00540811
0.0124212
0.0228069
0.0370857
0.0557023
0.0788347
0.106243
0.13722
0.17066
0.205234
0.239604
0.27262
0.303463
0.331704
0.357288
0.380409
0.401327
0.420155
0.436727
0.450626
0.461402
0.468891
0.473489
0.476261
0.478844
0.483258
0.49168
0.506205
0.528536
0.559625
0.599384
0.646537
0.698661
0.752469
0.804335
0.850946
0.88986
0.919806
0.940703
0.953525
0.960125
0.962974
0.964752
0.967781
0.973399
0.981472
0.990275
0.996927
0.998416
0.992929
0.980864
0.964896
0.948918
0.936436
0.929434
0.928223
0.931966
0.939242
0.948445
0.958106
0.967159
0.975024
0.981452
0.986252
0.989087
0.989416
0.986569
0.97986
0.968703
0.9527
0.931685
0.905651
0.874552
0.838073
0.795562
0.746244
0.689734
0.626608
0.558732
0.489121
0.421296
0.358363
0.30225
0.253497
0.211662
0.175977
0.145792
0.120611
0.0998827
0.0827963
0.0682663
0.0551462
0.0425795
0.0303092
0.0187911
0.00906051
0.00240927
0
0
0.00134053
0.0054046
0.0124522
0.0229788
0.0375964
0.0568334
0.0809012
0.109502
0.141751
0.176258
0.211351
0.245369
0.276956
0.305261
0.330028
0.351544
0.370465
0.387545
0.403341
0.417998
0.431219
0.44246
0.451274
0.45765
0.462215
0.466223
0.471393
0.479706
0.493156
0.513469
0.54174
0.578084
0.621399
0.66934
0.718584
0.765401
0.806405
0.839263
0.863107
0.878574
0.887537
0.892706
0.897179
0.903992
0.915607
0.933371
0.957031
0.984489
1.01203
1.03513
1.04978
1.05376
1.04737
1.03329
1.0155
0.997969
0.9836
0.97379
0.968562
0.967073
0.968226
0.971119
0.975156
0.979881
0.984712
0.988771
0.990904
0.989873
0.984619
0.974492
0.959366
0.939549
0.915496
0.887419
0.854954
0.817086
0.772459
0.719991
0.659572
0.592537
0.521646
0.450535
0.382832
0.32129
0.267339
0.221191
0.182328
0.149989
0.123397
0.101727
0.0839952
0.0690239
0.055613
0.0428601
0.0304683
0.0188686
0.0090871
0.00241297
0
0
0.00133845
0.0054022
0.0124905
0.0231747
0.0381667
0.0580908
0.0832105
0.113192
0.147002
0.182988
0.219149
0.253508
0.284482
0.311156
0.333394
0.35178
0.3674
0.381504
0.395137
0.408833
0.422515
0.435641
0.44754
0.457794
0.466506
0.474386
0.482661
0.492874
0.506662
0.525486
0.550321
0.581327
0.617584
0.65704
0.696745
0.733389
0.764025
0.786757
0.801173
0.808401
0.810805
0.811478
0.813691
0.82039
0.833748
0.854746
0.882816
0.915671
0.949512
0.97972
1.00196
1.01336
1.01335
1.00379
0.988356
0.971368
0.956653
0.946725
0.942553
0.943841
0.949574
0.958497
0.969328
0.980708
0.991072
0.998638
1.00161
0.998582
0.988864
0.972747
0.951412
0.926567
0.899872
0.872305
0.843688
0.812575
0.776628
0.733417
0.681389
0.62062
0.553048
0.482087
0.411762
0.345729
0.286545
0.23543
0.192474
0.157074
0.128303
0.105089
0.0862421
0.0704641
0.0564877
0.0433576
0.0307265
0.0189826
0.00912315
0.00241771
0
0
0.00133637
0.00540068
0.0125335
0.0233846
0.0387669
0.0594051
0.085626
0.117085
0.152634
0.190407
0.22812
0.263507
0.294766
0.320892
0.341817
0.358351
0.371928
0.384227
0.396719
0.410306
0.425155
0.440808
0.456504
0.471545
0.485614
0.498929
0.512234
0.526654
0.543441
0.563685
0.588
0.616258
0.647436
0.679658
0.710454
0.737234
0.757853
0.771125
0.77715
0.777343
0.774176
0.770699
0.769968
0.774507
0.78585
0.804224
0.828392
0.855742
0.882676
0.905295
0.92028
0.925743
0.921773
0.910485
0.895533
0.881236
0.871569
0.869304
0.875526
0.889626
0.909691
0.933038
0.956677
0.977616
0.993084
1.00076
0.999108
0.987643
0.967173
0.939738
0.908284
0.876084
0.846011
0.819794
0.79742
0.776903
0.75464
0.726391
0.688595
0.639545
0.579967
0.512818
0.442451
0.373461
0.309664
0.253495
0.205927
0.166778
0.135161
0.109844
0.0894444
0.0725262
0.0577365
0.0440567
0.0310781
0.0191315
0.0091683
0.00242343
0
0
0.00133429
0.00539964
0.0125782
0.0235951
0.0393585
0.0606864
0.0879713
0.120876
0.158182
0.197865
0.237424
0.274358
0.30667
0.333252
0.354059
0.370047
0.382892
0.394557
0.406783
0.420683
0.436576
0.454109
0.472564
0.491197
0.509507
0.527415
0.54534
0.564145
0.584908
0.608548
0.635418
0.665027
0.696001
0.726309
0.753659
0.775971
0.791821
0.800752
0.803413
0.801489
0.797435
0.794053
0.793963
0.799057
0.810049
0.826252
0.845635
0.865163
0.881365
0.891059
0.892107
0.884024
0.868264
0.848063
0.827871
0.812493
0.806076
0.811152
0.827964
0.854374
0.886417
0.919241
0.948037
0.968725
0.978372
0.975406
0.959736
0.932768
0.897276
0.857087
0.816559
0.779926
0.750608
0.730518
0.719429
0.714584
0.710957
0.702352
0.683084
0.649576
0.601281
0.540675
0.472416
0.402023
0.33457
0.273754
0.221542
0.178347
0.143487
0.115683
0.0934089
0.0750965
0.0592998
0.0449304
0.031513
0.0193124
0.00922185
0.00243006
0
0
0.00133223
0.00539853
0.0126205
0.0237909
0.0398979
0.0618348
0.0900494
0.124224
0.163105
0.204578
0.245997
0.284692
0.318511
0.346254
0.367871
0.384399
0.397646
0.409682
0.422278
0.436493
0.452578
0.470196
0.488771
0.507764
0.52681
0.545803
0.565023
0.585225
0.607537
0.633056
0.662276
0.694646
0.728529
0.761557
0.791214
0.815416
0.832947
0.843691
0.84863
0.849641
0.849161
0.849746
0.853578
0.861956
0.874911
0.891075
0.907891
0.922104
0.930407
0.930139
0.919936
0.90021
0.87334
0.843455
0.815816
0.795864
0.788044
0.794601
0.81473
0.84456
0.878093
0.90869
0.930463
0.939224
0.932877
0.911426
0.876732
0.832191
0.782343
0.732374
0.687496
0.652267
0.629957
0.621972
0.627278
0.641971
0.659521
0.672005
0.672024
0.654556
0.618105
0.56482
0.499656
0.428935
0.358816
0.294108
0.237709
0.19065
0.152538
0.122142
0.0978594
0.0780196
0.0610975
0.0459426
0.0320174
0.0195208
0.00928282
0.0024375
0
0
0.00133017
0.00539672
0.012656
0.0239559
0.0403409
0.0627508
0.0916661
0.126787
0.166858
0.209734
0.2527
0.292991
0.32836
0.357546
0.380504
0.398333
0.412894
0.426201
0.439793
0.45434
0.469708
0.48537
0.500888
0.516143
0.531265
0.546476
0.562127
0.578935
0.598141
0.621244
0.649294
0.682162
0.71827
0.754951
0.789192
0.818399
0.840967
0.85656
0.866083
0.871413
0.874957
0.879173
0.88607
0.896743
0.911029
0.927414
0.94328
0.955429
0.960747
0.956855
0.942671
0.918806
0.887702
0.853459
0.821303
0.796732
0.784364
0.786601
0.802529
0.827728
0.855313
0.877752
0.888657
0.883985
0.862466
0.825413
0.776189
0.719597
0.661317
0.607356
0.563422
0.53419
0.522577
0.529132
0.551577
0.584618
0.620428
0.649997
0.665038
0.659844
0.632477
0.584957
0.522455
0.451815
0.379914
0.312332
0.252652
0.202394
0.161449
0.128681
0.102476
0.0811177
0.0630387
0.0470516
0.0325751
0.0197517
0.00935001
0.0024456
0
0
0.00132812
0.00539355
0.0126805
0.0240746
0.0406476
0.0633476
0.0926545
0.128274
0.16897
0.212615
0.256503
0.297854
0.334404
0.364898
0.389357
0.408982
0.425681
0.441317
0.456976
0.472619
0.487361
0.500172
0.510585
0.518984
0.526336
0.533666
0.541762
0.551397
0.563799
0.580745
0.603951
0.634038
0.669847
0.708585
0.746645
0.780608
0.808029
0.82787
0.840546
0.84766
0.851533
0.854681
0.859324
0.866943
0.87792
0.891384
0.905351
0.917162
0.924078
0.923866
0.915287
0.898426
0.874816
0.847344
0.819926
0.796973
0.782609
0.779557
0.787922
0.804514
0.823379
0.837446
0.840474
0.828516
0.800532
0.758232
0.705442
0.647348
0.589815
0.538842
0.500014
0.477837
0.474936
0.491301
0.523846
0.566488
0.610896
0.647864
0.66909
0.66888
0.645271
0.600242
0.538964
0.468375
0.395558
0.326379
0.264718
0.212362
0.169389
0.13477
0.106943
0.084214
0.0650317
0.0482149
0.0331688
0.0199993
0.00942202
0.00245421
0
0
0.00132608
0.00538836
0.0126898
0.0241341
0.0407864
0.0635608
0.0928963
0.128483
0.169109
0.212711
0.256662
0.298256
0.335307
0.366676
0.392558
0.41437
0.434144
0.453587
0.473207
0.492033
0.508125
0.519608
0.525663
0.526991
0.525508
0.523487
0.522742
0.524482
0.529863
0.540558
0.558546
0.585072
0.619559
0.659347
0.700409
0.738499
0.770154
0.793309
0.807482
0.813605
0.81363
0.810067
0.805557
0.802445
0.802368
0.805912
0.81252
0.820724
0.828605
0.834298
0.836391
0.834175
0.827747
0.818003
0.80656
0.795629
0.787736
0.785119
0.788774
0.797531
0.807863
0.814753
0.813235
0.799866
0.77355
0.73563
0.689418
0.639487
0.590977
0.54902
0.518261
0.502371
0.503449
0.52134
0.553135
0.593174
0.633751
0.666424
0.683637
0.680254
0.65457
0.608506
0.546955
0.476487
0.403839
0.334634
0.272632
0.219608
0.1757
0.139981
0.110997
0.0871568
0.0669949
0.0493923
0.0337815
0.0202577
0.00949735
0.00246315
0
0
0.00132402
0.00538057
0.0126806
0.0241245
0.0407374
0.0633562
0.0923376
0.127327
0.16714
0.209811
0.252859
0.29375
0.33049
0.362186
0.389357
0.413781
0.43773
0.462802
0.488911
0.51408
0.535212
0.549406
0.555193
0.553203
0.545982
0.537032
0.52957
0.525797
0.527126
0.534942
0.550924
0.576398
0.611215
0.65313
0.698169
0.741645
0.779215
0.807641
0.825145
0.831443
0.827559
0.815575
0.798356
0.779196
0.761317
0.747255
0.738397
0.734904
0.736037
0.740635
0.747495
0.755527
0.763779
0.771436
0.777913
0.783039
0.787206
0.791264
0.796031
0.80157
0.80666
0.808898
0.805453
0.794074
0.773873
0.745616
0.711559
0.675008
0.63978
0.609705
0.588183
0.577783
0.579825
0.593938
0.617687
0.646523
0.674254
0.694062
0.699836
0.687467
0.655728
0.606477
0.544114
0.474476
0.403513
0.336161
0.27569
0.223609
0.180008
0.144055
0.114467
0.0898379
0.0688648
0.0505505
0.0343977
0.020521
0.00957443
0.00247225
0
0
0.00132196
0.00536968
0.0126505
0.0240402
0.0404936
0.0627338
0.0909969
0.124858
0.163155
0.204053
0.245283
0.284581
0.320267
0.351823
0.380221
0.407696
0.436811
0.469059
0.503776
0.538085
0.567903
0.589441
0.60057
0.601596
0.595202
0.585543
0.576858
0.57233
0.57387
0.582738
0.600169
0.627251
0.664129
0.70926
0.759331
0.80986
0.856064
0.89366
0.91941
0.931418
0.929249
0.913967
0.888111
0.855478
0.820579
0.787771
0.760351
0.740062
0.727224
0.721307
0.721484
0.726855
0.736366
0.748662
0.762102
0.775027
0.786158
0.794892
0.801273
0.805616
0.808004
0.807986
0.80467
0.797131
0.784874
0.768131
0.747919
0.725937
0.70435
0.685501
0.671581
0.664259
0.664329
0.671384
0.683588
0.697644
0.709086
0.712977
0.704884
0.681894
0.643353
0.591061
0.528847
0.461636
0.39434
0.33092
0.273901
0.224363
0.182279
0.146937
0.117292
0.0922042
0.0706021
0.0516643
0.0350041
0.0207837
0.0096517
0.0024813
0
0
0.0013199
0.00535537
0.0125981
0.0238798
0.0400614
0.0617261
0.0889633
0.121258
0.157471
0.195926
0.234632
0.271684
0.305819
0.336985
0.366633
0.3974
0.431998
0.471688
0.51527
0.559229
0.598921
0.630117
0.650344
0.659651
0.660573
0.657262
0.654082
0.654379
0.660094
0.672276
0.691836
0.719781
0.756767
0.802361
0.85457
0.909906
0.963897
1.0118
1.0493
1.07303
1.08097
1.07279
1.05002
1.01599
0.975436
0.933481
0.894572
0.861636
0.835942
0.81755
0.805943
0.800407
0.800069
0.803739
0.809826
0.816494
0.822047
0.82536
0.826112
0.82467
0.821712
0.817816
0.813216
0.807801
0.801259
0.793252
0.783599
0.77243
0.760311
0.748234
0.737447
0.729123
0.723976
0.721922
0.721861
0.721631
0.718207
0.70818
0.688485
0.657199
0.61415
0.561086
0.501296
0.438794
0.377379
0.319918
0.26807
0.222422
0.182839
0.148785
0.119529
0.0942599
0.0721924
0.0527182
0.0355906
0.021041
0.00972766
0.00249013
0
0
0.00131783
0.00533748
0.0125228
0.0236458
0.0394588
0.0603935
0.0863839
0.11682
0.150593
0.186212
0.222017
0.256537
0.288984
0.319758
0.350659
0.384444
0.423623
0.469023
0.519003
0.569828
0.616882
0.656102
0.685176
0.704181
0.71545
0.722643
0.729369
0.738077
0.749836
0.764985
0.784027
0.808074
0.838602
0.87673
0.922441
0.974122
1.02862
1.08175
1.12898
1.16617
1.19013
1.19908
1.19297
1.17357
1.14418
1.10889
1.07171
1.03583
1.00338
0.975574
0.952976
0.935618
0.923023
0.91418
0.907618
0.901656
0.894791
0.886094
0.875439
0.863434
0.851111
0.839514
0.82939
0.821009
0.814119
0.808004
0.801676
0.794175
0.784917
0.77392
0.7618
0.749498
0.737868
0.72726
0.717237
0.706474
0.692897
0.674061
0.647763
0.61272
0.569095
0.518595
0.46406
0.408675
0.355156
0.305259
0.259777
0.218854
0.182333
0.149943
0.121332
0.0960596
0.0736442
0.0537058
0.0361496
0.0212887
0.00980088
0.00249855
0
0
0.00131576
0.00531605
0.0124256
0.0233441
0.0387116
0.0588139
0.0834417
0.111904
0.143137
0.175861
0.208784
0.240898
0.271872
0.302427
0.334404
0.370231
0.411807
0.459367
0.51104
0.563351
0.612315
0.654647
0.688711
0.714927
0.735444
0.75309
0.770072
0.787155
0.803818
0.819207
0.833195
0.846951
0.862811
0.883591
0.911623
0.947886
0.991538
1.04004
1.08971
1.13652
1.17671
1.20733
1.22653
1.23376
1.22965
1.21577
1.19423
1.16736
1.13761
1.10734
1.07864
1.05302
1.03107
1.01245
0.995974
0.980097
0.963389
0.944982
0.924765
0.903322
0.881656
0.860891
0.842011
0.825662
0.811976
0.800454
0.79004
0.779415
0.767443
0.753567
0.737957
0.721352
0.704651
0.688457
0.672715
0.656558
0.638405
0.61632
0.588583
0.554318
0.513934
0.469116
0.422315
0.375926
0.331595
0.290015
0.25123
0.215108
0.181628
0.15088
0.122926
0.0976921
0.0749827
0.0546277
0.0366761
0.0215231
0.0098701
0.0025064
0
0
0.00131373
0.00529131
0.0123079
0.0229831
0.0378499
0.0570709
0.0803261
0.106876
0.135727
0.165826
0.196252
0.226431
0.256384
0.286918
0.319537
0.355917
0.397065
0.442623
0.490753
0.538659
0.583476
0.623157
0.657101
0.686247
0.712495
0.737597
0.762046
0.78468
0.803272
0.815725
0.821216
0.820794
0.817315
0.814855
0.817791
0.829781
0.852885
0.887115
0.930596
0.980152
1.032
1.08227
1.12743
1.16446
1.19114
1.20622
1.20958
1.20228
1.18648
1.16504
1.14098
1.11688
1.09435
1.07389
1.05497
1.03649
1.01727
0.996382
0.973386
0.948247
0.92127
0.893058
0.864502
0.836688
0.810616
0.786844
0.765249
0.745102
0.725432
0.705497
0.6851
0.664598
0.64462
0.625641
0.607622
0.589821
0.57088
0.549163
0.523302
0.492753
0.458122
0.421012
0.383385
0.346743
0.311645
0.277856
0.244941
0.212773
0.18165
0.152092
0.124552
0.0992593
0.076241
0.0554887
0.0371673
0.0217414
0.00993418
0.00251352
0
0
0.00131175
0.00526371
0.0121723
0.0225725
0.0369035
0.0552401
0.0772013
0.102045
0.128876
0.156865
0.185422
0.214314
0.243749
0.274372
0.307077
0.342595
0.381023
0.421559
0.462636
0.502403
0.539351
0.572848
0.603361
0.632212
0.660811
0.689659
0.717639
0.742091
0.759683
0.767622
0.764685
0.751713
0.73155
0.70856
0.68797
0.675113
0.674602
0.689448
0.720412
0.765909
0.822473
0.885453
0.949679
1.01006
1.06216
1.10279
1.13042
1.14526
1.14908
1.1446
1.13486
1.12253
1.10953
1.0969
1.0849
1.07325
1.06134
1.04833
1.03316
1.01456
0.991356
0.962813
0.929057
0.891198
0.851076
0.810737
0.77186
0.735414
0.701658
0.67043
0.641508
0.61483
0.590467
0.568414
0.54833
0.529393
0.510362
0.48987
0.46688
0.441107
0.413186
0.384363
0.355811
0.327968
0.300398
0.272294
0.243169
0.213215
0.183183
0.154
0.126418
0.100852
0.0774506
0.0562951
0.0376212
0.0219413
0.00999219
0.00251978
0
0
0.00130986
0.00523391
0.0120223
0.0221229
0.0358989
0.0533797
0.0741801
0.0976074
0.122885
0.149381
0.176753
0.204978
0.234289
0.265033
0.297463
0.331504
0.366613
0.401825
0.436025
0.468331
0.498446
0.526814
0.554475
0.582564
0.611617
0.640938
0.668412
0.690901
0.705085
0.70842
0.699868
0.68021
0.651932
0.618815
0.585488
0.557107
0.539113
0.536683
0.55353
0.590448
0.644725
0.710887
0.782154
0.851816
0.914298
0.965859
1.00488
1.03172
1.04815
1.05672
1.06005
1.06048
1.05986
1.05965
1.06088
1.06418
1.06945
1.07562
1.08051
1.08109
1.07416
1.05718
1.02901
0.990167
0.942733
0.889751
0.834543
0.78007
0.728538
0.68129
0.638934
0.601578
0.569019
0.540818
0.516285
0.494451
0.47414
0.454188
0.433742
0.412513
0.390772
0.368989
0.347286
0.325115
0.301478
0.275548
0.247214
0.217181
0.186648
0.156838
0.128645
0.102526
0.0786327
0.057051
0.0380363
0.022121
0.0100433
0.00252509
0
0
0.0013081
0.00520272
0.0118616
0.021645
0.0348574
0.0515241
0.07131
0.0936159
0.117791
0.143353
0.170101
0.198097
0.227511
0.258435
0.290715
0.32389
0.357258
0.390063
0.421727
0.452038
0.481205
0.509751
0.538232
0.566866
0.595194
0.62191
0.644973
0.661985
0.670734
0.669741
0.658652
0.638378
0.610971
0.579322
0.54686
0.517463
0.495606
0.486386
0.494653
0.522968
0.569747
0.629379
0.69417
0.756565
0.810752
0.853472
0.884092
0.904069
0.916065
0.923062
0.927786
0.932541
0.939322
0.94995
0.965973
0.988245
1.01634
1.04814
1.07989
1.1068
1.12399
1.1275
1.11501
1.08623
1.04283
0.988022
0.925855
0.860544
0.795857
0.734735
0.679126
0.630028
0.58766
0.55167
0.521307
0.495552
0.47324
0.45321
0.434484
0.416373
0.398423
0.38017
0.360883
0.339552
0.315228
0.287519
0.256883
0.224528
0.191977
0.160589
0.131238
0.104291
0.0797918
0.0577567
0.0384111
0.022279
0.0100871
0.00252937
0
0
0.00130652
0.00517115
0.0116951
0.02115
0.0337957
0.0496861
0.0685776
0.0899933
0.113401
0.138408
0.164866
0.192838
0.222445
0.253704
0.286437
0.320312
0.354967
0.390112
0.425541
0.46103
0.496218
0.530547
0.563296
0.593627
0.62063
0.643341
0.660803
0.672169
0.676851
0.674646
0.665839
0.651249
0.632238
0.610638
0.588653
0.568807
0.554033
0.54776
0.553505
0.573588
0.607464
0.651057
0.697807
0.74074
0.774402
0.796011
0.805688
0.805888
0.800378
0.79319
0.787933
0.787588
0.794602
0.810934
0.837808
0.875217
0.921505
0.973316
1.02598
1.07416
1.11262
1.13688
1.14387
1.1323
1.10284
1.05788
1.00114
0.937
0.869897
0.803794
0.741791
0.685933
0.637231
0.595832
0.561245
0.532552
0.508563
0.487954
0.46939
0.451635
0.433566
0.414129
0.392298
0.367168
0.338231
0.305675
0.270485
0.234231
0.19861
0.164977
0.134081
0.106102
0.0809131
0.0584067
0.0387429
0.0224141
0.0101229
0.00253258
0
0
0.00130515
0.00514032
0.011528
0.0206499
0.0327285
0.0478649
0.0659305
0.0865813
0.109387
0.133999
0.160263
0.188217
0.218005
0.249772
0.283651
0.3198
0.358423
0.399626
0.443128
0.488
0.53267
0.575234
0.613932
0.647526
0.675465
0.697831
0.715139
0.728079
0.737227
0.742827
0.74476
0.742783
0.736943
0.727896
0.716953
0.705865
0.696572
0.691069
0.691272
0.698593
0.713155
0.733116
0.754741
0.773383
0.784911
0.78692
0.779289
0.764025
0.744594
0.725083
0.709499
0.70133
0.703303
0.717164
0.743454
0.781374
0.828866
0.882858
0.939556
0.994686
1.04375
1.08236
1.10679
1.11445
1.10439
1.0774
1.03594
0.983648
0.924828
0.863795
0.804303
0.749151
0.700041
0.65766
0.621889
0.592012
0.566872
0.545012
0.524819
0.504696
0.483205
0.45915
0.431634
0.400139
0.364683
0.325968
0.285368
0.244672
0.205634
0.169533
0.136954
0.10787
0.0819638
0.0589905
0.0390285
0.0225252
0.0101508
0.00253471
0
0
0.00130406
0.00511144
0.011366
0.0201582
0.0316721
0.0460591
0.0633096
0.0832099
0.105417
0.129604
0.155591
0.183401
0.21325
0.245523
0.28077
0.31968
0.362887
0.410576
0.462049
0.51556
0.568629
0.618721
0.663963
0.703592
0.738
0.768407
0.796292
0.822746
0.847927
0.870853
0.889718
0.902645
0.908541
0.907594
0.90117
0.891248
0.879772
0.868283
0.857892
0.849377
0.843157
0.839078
0.836206
0.832869
0.827074
0.817148
0.802328
0.783069
0.760981
0.738514
0.718525
0.703838
0.696839
0.699174
0.711618
0.734161
0.766161
0.806416
0.853046
0.9033
0.953489
0.999217
1.03594
1.05969
1.06782
1.0594
1.03544
0.99859
0.952651
0.901834
0.850067
0.800465
0.755099
0.71502
0.680426
0.650828
0.625183
0.602022
0.579634
0.556301
0.530527
0.501211
0.467726
0.429963
0.388389
0.344084
0.298675
0.254064
0.212007
0.1737
0.139586
0.109477
0.082899
0.0594935
0.0392642
0.0226118
0.0101705
0.00253576
0
0
0.00130328
0.00508573
0.0112154
0.0196903
0.0306487
0.0442809
0.0606844
0.0797661
0.101266
0.124882
0.150417
0.177882
0.207552
0.239985
0.276002
0.31655
0.362352
0.41341
0.468641
0.525959
0.582855
0.637234
0.688118
0.735899
0.782032
0.828281
0.875802
0.924403
0.972281
1.01637
1.0532
1.08002
1.09562
1.10059
1.0969
1.08706
1.07329
1.05711
1.03939
1.02071
1.00167
0.982974
0.96531
0.948982
0.933652
0.91834
0.901767
0.882873
0.861266
0.837454
0.812822
0.789385
0.769432
0.755183
0.748582
0.751218
0.764218
0.787978
0.821774
0.863455
0.909417
0.954968
0.994996
1.0248
1.04085
1.04142
1.02675
0.998895
0.961228
0.917677
0.872009
0.827294
0.785663
0.748298
0.715548
0.687047
0.661811
0.638366
0.614952
0.589798
0.561412
0.528791
0.491517
0.44977
0.404313
0.356465
0.307993
0.260853
0.216788
0.176948
0.141708
0.110798
0.0836691
0.0598991
0.0394457
0.0226734
0.0101824
0.00253581
0
0
0.00130284
0.00506435
0.0110826
0.0192641
0.0296899
0.0425678
0.0580804
0.0762448
0.0968907
0.119761
0.144659
0.171566
0.200721
0.232649
0.26811
0.307904
0.352491
0.401581
0.453991
0.507963
0.561882
0.615065
0.668198
0.723129
0.782018
0.846193
0.915244
0.986763
1.05682
1.12091
1.17509
1.21693
1.24592
1.26332
1.27136
1.2724
1.26827
1.26006
1.24838
1.23373
1.21677
1.19845
1.17981
1.16162
1.14394
1.12601
1.10642
1.08367
1.05676
1.02559
0.991202
0.955668
0.921745
0.89248
0.870807
0.859196
0.859289
0.871534
0.894887
0.926753
0.963202
0.999446
1.03051
1.05196
1.06062
1.05499
1.03547
1.00409
0.964044
0.919007
0.872506
0.827446
0.785872
0.748931
0.71693
0.689423
0.665312
0.642987
0.620553
0.596122
0.56812
0.535516
0.497933
0.455641
0.409515
0.360966
0.31181
0.264012
0.219318
0.178884
0.143102
0.111727
0.0842282
0.0601915
0.0395697
0.02271
0.0101866
0.00253491
0
0
0.00130277
0.00504833
0.0109737
0.0188986
0.0288368
0.0409881
0.0555945
0.0727739
0.0924603
0.11447
0.138617
0.164814
0.193125
0.223787
0.257145
0.293481
0.332736
0.374326
0.417259
0.460657
0.504504
0.5502
0.600468
0.658428
0.726156
0.80353
0.887988
0.975221
1.06033
1.139
1.20834
1.2673
1.31636
1.35694
1.39047
1.41792
1.4397
1.4559
1.46662
1.47208
1.47261
1.46854
1.46001
1.44689
1.4287
1.40476
1.37438
1.33732
1.294
1.24577
1.19487
1.14433
1.09751
1.05776
1.02789
1.00984
1.00435
1.01084
1.02732
1.05054
1.07626
1.09975
1.11642
1.12246
1.11544
1.09464
1.06103
1.01702
0.965962
0.911583
0.857422
0.806405
0.760588
0.721058
0.687966
0.66062
0.637648
0.617199
0.597184
0.57556
0.550599
0.521112
0.486568
0.447111
0.40352
0.357133
0.309713
0.263193
0.219321
0.179306
0.143638
0.11219
0.0845421
0.0603585
0.0396336
0.022722
0.0101838
0.00253319
0
0
0.00130309
0.00503847
0.0108941
0.018613
0.0281372
0.0396374
0.0533913
0.0696105
0.0883483
0.109517
0.132947
0.158428
0.185731
0.214607
0.244747
0.275698
0.306775
0.337139
0.366206
0.394351
0.423623
0.457864
0.501726
0.558699
0.629369
0.711121
0.799281
0.888768
0.975494
1.0572
1.13358
1.20575
1.27514
1.34252
1.40746
1.46871
1.5249
1.57512
1.61888
1.65568
1.6845
1.70364
1.71099
1.70459
1.68317
1.64665
1.59627
1.53459
1.4652
1.39234
1.32044
1.25378
1.19608
1.15021
1.11798
1.09996
1.09552
1.10282
1.11888
1.13979
1.16092
1.17745
1.18491
1.1799
1.16052
1.12662
1.07972
1.02271
0.959375
0.893847
0.830053
0.771247
0.719673
0.67641
0.641392
0.613585
0.591276
0.572393
0.554783
0.536404
0.515487
0.490686
0.461201
0.426857
0.388128
0.346101
0.302355
0.258718
0.216917
0.17823
0.143293
0.11216
0.0845928
0.0603931
0.0396369
0.0227106
0.0101746
0.00253075
0
0
0.00130377
0.00503526
0.0108479
0.018424
0.0276393
0.0386249
0.0516783
0.0670992
0.0850698
0.10561
0.12856
0.153557
0.180015
0.20713
0.233886
0.259079
0.281434
0.299955
0.314621
0.327342
0.342632
0.367011
0.406358
0.462628
0.532872
0.611081
0.690833
0.767327
0.838577
0.905733
0.972331
1.04253
1.11904
1.20183
1.28852
1.37588
1.4613
1.54319
1.62027
1.69038
1.74983
1.79371
1.81703
1.81607
1.78937
1.7382
1.66647
1.58013
1.48628
1.39212
1.30405
1.22711
1.16474
1.11892
1.09026
1.07815
1.08081
1.09536
1.11792
1.1439
1.16828
1.18609
1.19293
1.18556
1.16228
1.12316
1.06996
1.00588
0.935157
0.862434
0.79219
0.728145
0.672827
0.627338
0.591363
0.563455
0.541527
0.523372
0.506993
0.490675
0.472924
0.452438
0.428196
0.399617
0.366714
0.330154
0.291189
0.251441
0.212557
0.175861
0.142137
0.111653
0.084381
0.0602953
0.0395809
0.0226776
0.0101599
0.00252775
0
0
0.00130479
0.00503883
0.0108372
0.0183429
0.0273817
0.0380491
0.0506575
0.0655901
0.0831561
0.10348
0.126408
0.151425
0.177624
0.203715
0.228093
0.248956
0.264578
0.273873
0.277382
0.278566
0.284616
0.304792
0.345162
0.404307
0.474836
0.547597
0.614704
0.671275
0.716553
0.754302
0.791897
0.837665
0.897346
0.971943
1.05856
1.15312
1.25239
1.35408
1.4553
1.5511
1.63429
1.69672
1.73133
1.73381
1.70355
1.64373
1.56076
1.46323
1.36051
1.26131
1.17251
1.09867
1.04229
1.0044
0.984899
0.982629
0.995161
1.01887
1.04928
1.0815
1.11064
1.1321
1.14193
1.1372
1.11631
1.07921
1.02749
0.964223
0.893616
0.820461
0.749482
0.6847
0.628917
0.583381
0.547728
0.520278
0.498672
0.480605
0.464288
0.448477
0.432196
0.414461
0.39424
0.370641
0.343194
0.31206
0.278059
0.242507
0.206891
0.172528
0.140319
0.110724
0.0839252
0.0600719
0.0394698
0.0226252
0.0101408
0.00252434
0
0
0.00130612
0.0050489
0.0108618
0.0183735
0.0273839
0.0379702
0.050464
0.0653254
0.0829753
0.103628
0.127137
0.15289
0.17977
0.206198
0.230232
0.249734
0.262706
0.267931
0.266065
0.261134
0.261658
0.278681
0.318791
0.378954
0.449619
0.520035
0.581092
0.626706
0.654877
0.668459
0.675082
0.685448
0.709738
0.753768
0.817947
0.899561
0.995255
1.10125
1.21195
1.319
1.41219
1.48158
1.51978
1.52348
1.49379
1.43582
1.35761
1.26875
1.17871
1.09535
1.02404
0.967712
0.927644
0.904196
0.896899
0.904108
0.922854
0.949233
0.979054
1.00833
1.03347
1.05132
1.05918
1.05493
1.03725
1.00581
0.961503
0.906451
0.843887
0.777774
0.712272
0.651168
0.597359
0.552464
0.516621
0.488607
0.46634
0.447618
0.430726
0.41461
0.398632
0.382163
0.364353
0.344227
0.320997
0.294382
0.264759
0.233083
0.200621
0.168614
0.138024
0.109455
0.083258
0.0597365
0.0393098
0.0225567
0.0101182
0.00252069
0
0
0.00130769
0.0050648
0.0109193
0.0185102
0.02764
0.0383893
0.0511162
0.0663433
0.0845747
0.10609
0.130767
0.157973
0.186555
0.214901
0.241055
0.262884
0.278377
0.286195
0.286562
0.28247
0.280723
0.291101
0.321509
0.372193
0.435919
0.50254
0.562488
0.608504
0.636686
0.647245
0.644791
0.637753
0.636552
0.650686
0.686074
0.744296
0.823371
0.918339
1.02123
1.12159
1.20823
1.27154
1.3055
1.30861
1.28376
1.23728
1.17751
1.11311
1.05149
0.997859
0.955077
0.924366
0.905979
0.899349
0.902847
0.913761
0.928801
0.94483
0.959365
0.970679
0.977636
0.97943
0.975367
0.964747
0.946853
0.921071
0.88714
0.845436
0.79718
0.744438
0.689878
0.636356
0.586459
0.54212
0.504352
0.473144
0.44758
0.426208
0.407539
0.390418
0.374078
0.357903
0.341168
0.322969
0.302421
0.278983
0.252681
0.224134
0.19436
0.164478
0.135444
0.107938
0.0824219
0.059308
0.0391097
0.0224757
0.0100935
0.00251696
0
0
0.00130942
0.00508551
0.0110047
0.0187388
0.0281181
0.039245
0.0525039
0.068456
0.0876476
0.110395
0.136609
0.165719
0.196694
0.228126
0.258352
0.285587
0.308139
0.324775
0.335292
0.341212
0.346331
0.356477
0.377671
0.413022
0.460692
0.514728
0.56753
0.612134
0.643759
0.660754
0.665025
0.661837
0.658869
0.66453
0.685882
0.726882
0.787452
0.86341
0.947115
1.02887
1.09894
1.14965
1.17688
1.1806
1.16444
1.13452
1.09792
1.06115
1.0291
1.00483
0.98977
0.984047
0.986395
0.994111
1.0035
1.01086
1.01338
1.00968
0.999668
0.984242
0.964847
0.943097
0.920392
0.897575
0.874712
0.851097
0.825497
0.796583
0.763441
0.725952
0.684894
0.641723
0.598185
0.555955
0.516425
0.480615
0.449091
0.421895
0.398541
0.378182
0.35986
0.342652
0.325654
0.307922
0.288545
0.266857
0.242656
0.216292
0.188551
0.160403
0.132747
0.106267
0.0814643
0.0588094
0.0388799
0.0223866
0.0100679
0.00251332
0
0
0.00131124
0.00510976
0.0111115
0.0190382
0.0287657
0.0404272
0.0544227
0.0713165
0.0916496
0.115735
0.143512
0.174507
0.207896
0.242618
0.277494
0.311328
0.343025
0.371758
0.397244
0.420051
0.441771
0.464847
0.491856
0.524419
0.562235
0.602871
0.642454
0.676885
0.703058
0.719756
0.728107
0.731539
0.735244
0.745148
0.766532
0.802626
0.853585
0.916188
0.984381
1.05055
1.10719
1.14848
1.17137
1.17596
1.16521
1.14407
1.11836
1.09376
1.07506
1.06568
1.06715
1.07844
1.09574
1.11336
1.12549
1.12788
1.1186
1.09796
1.06781
1.03097
0.990682
0.950139
0.91191
0.877495
0.847226
0.820504
0.796135
0.772573
0.748193
0.721665
0.692274
0.65998
0.625186
0.588473
0.550522
0.512246
0.47491
0.439974
0.408649
0.38143
0.357954
0.337245
0.318071
0.299199
0.27953
0.258247
0.234969
0.209835
0.183431
0.156573
0.130062
0.104524
0.0804336
0.0582661
0.0386321
0.0222939
0.0100426
0.00250992
0
0
0.00131307
0.00513608
0.0112318
0.0193827
0.029519
0.041803
0.05663
0.0745276
0.0959808
0.12125
0.150263
0.182614
0.217669
0.254716
0.293089
0.332253
0.371823
0.411575
0.451466
0.491663
0.532511
0.574348
0.617174
0.66028
0.702078
0.740298
0.772566
0.797163
0.813661
0.82322
0.828497
0.833248
0.841757
0.858147
0.885609
0.925642
0.977482
1.03795
1.10179
1.16257
1.21369
1.24961
1.26678
1.26441
1.24461
1.21215
1.17364
1.13652
1.10795
1.0935
1.09549
1.11175
1.136
1.15995
1.17607
1.1795
1.16852
1.144
1.10845
1.06534
1.01862
0.972023
0.92835
0.888894
0.853652
0.8221
0.793813
0.768447
0.745386
0.723613
0.701922
0.679168
0.654276
0.62619
0.594028
0.557546
0.517616
0.476303
0.436306
0.399975
0.368469
0.341548
0.318003
0.296277
0.274925
0.252859
0.229485
0.204747
0.179055
0.153074
0.127474
0.102777
0.0793761
0.0577047
0.0383791
0.0222024
0.0100191
0.00250689
0
0
0.00131482
0.005163
0.0113576
0.0197458
0.0303125
0.0432403
0.0588965
0.0777348
0.100136
0.126252
0.155926
0.188732
0.224116
0.261583
0.300851
0.341929
0.38509
0.430746
0.479287
0.530898
0.585369
0.641906
0.698945
0.754096
0.804333
0.846523
0.878211
0.898439
0.908274
0.910821
0.910673
0.913001
0.922572
0.942972
0.976104
1.02195
1.07854
1.14205
1.20716
1.26744
1.3161
1.34693
1.35544
1.34004
1.3027
1.24883
1.18649
1.12512
1.07407
1.04087
1.02926
1.03762
1.05942
1.08566
1.10798
1.12056
1.12062
1.10777
1.08334
1.04979
1.01045
0.968929
0.928156
0.889727
0.853964
0.820754
0.790309
0.763234
0.74001
0.720537
0.704012
0.689011
0.673525
0.65507
0.631127
0.599957
0.561449
0.51748
0.471455
0.427139
0.387333
0.353087
0.323803
0.297948
0.273822
0.250048
0.225792
0.200811
0.175347
0.149913
0.125033
0.101082
0.0783352
0.0571514
0.0381334
0.0221166
0.00999827
0.00250437
0
0
0.00131643
0.0051891
0.011481
0.0201021
0.0310866
0.0446252
0.0610379
0.0806769
0.103782
0.130341
0.160034
0.192292
0.226477
0.262101
0.299023
0.337552
0.378404
0.422528
0.470821
0.523796
0.581269
0.642114
0.704147
0.764199
0.818473
0.863217
0.895605
0.914621
0.921613
0.92029
0.916091
0.915073
0.92267
0.942655
0.976576
1.0237
1.08131
1.14508
1.20946
1.26797
1.31375
1.34037
1.3431
1.32014
1.27337
1.20832
1.13311
1.05708
0.989329
0.937458
0.906314
0.896847
0.905798
0.92687
0.952819
0.977227
0.995284
1.00384
1.00128
0.987546
0.964181
0.93397
0.900159
0.865531
0.831918
0.800365
0.771602
0.746334
0.725178
0.708447
0.695899
0.686479
0.678089
0.667635
0.65159
0.627053
0.592857
0.550199
0.502377
0.453697
0.408008
0.367565
0.332712
0.30239
0.274972
0.248954
0.223332
0.1977
0.172155
0.147057
0.122764
0.0994854
0.0773509
0.0566318
0.0379074
0.0220411
0.00998125
0.00250242
0
0
0.00131784
0.00521316
0.0115952
0.0204303
0.0317922
0.0458698
0.0629251
0.0831975
0.106767
0.133426
0.162624
0.193545
0.225307
0.257223
0.289035
0.321053
0.354141
0.389555
0.428645
0.472466
0.521363
0.574648
0.630446
0.685787
0.736985
0.780293
0.812741
0.832959
0.841742
0.842138
0.838975
0.83792
0.844309
0.862078
0.893071
0.936874
0.991066
1.05163
1.11336
1.17014
1.21552
1.2434
1.24919
1.2309
1.18983
1.13051
1.05983
0.985692
0.915678
0.856102
0.811535
0.784604
0.775834
0.78355
0.804088
0.832371
0.862691
0.889511
0.908232
0.915875
0.911514
0.896272
0.872795
0.844393
0.81418
0.784553
0.757112
0.732867
0.712512
0.696532
0.685062
0.677504
0.672112
0.66589
0.655078
0.636195
0.607238
0.568499
0.522557
0.473428
0.425236
0.380972
0.341884
0.307646
0.277035
0.248668
0.221512
0.195068
0.169312
0.144458
0.120687
0.0980271
0.0764604
0.0561696
0.0377124
0.0219796
0.00996881
0.00250112
0
0
0.00131903
0.00523425
0.0116951
0.0207138
0.0323934
0.046914
0.064481
0.0852287
0.109088
0.135653
0.164127
0.193396
0.222247
0.249672
0.275141
0.29876
0.321279
0.343968
0.368395
0.396127
0.428356
0.465497
0.506903
0.550801
0.594531
0.635036
0.669516
0.696113
0.714448
0.725867
0.733279
0.740619
0.752066
0.771243
0.800586
0.840977
0.891618
0.950044
1.01221
1.07271
1.12521
1.16332
1.18167
1.17709
1.14941
1.10168
1.03966
0.970777
0.90274
0.842271
0.794153
0.760884
0.742954
0.739473
0.748697
0.768157
0.794543
0.823726
0.851157
0.872588
0.884843
0.886334
0.877171
0.858883
0.833902
0.805015
0.774948
0.746123
0.720524
0.699577
0.683958
0.673347
0.666198
0.659737
0.650354
0.634462
0.60956
0.575079
0.532607
0.485367
0.437157
0.39121
0.34942
0.312199
0.278887
0.248407
0.219824
0.192623
0.166689
0.142089
0.118826
0.0967484
0.0756982
0.0557861
0.0375583
0.0219354
0.00996151
0.00250049
0
0
0.00131998
0.00525179
0.0117769
0.0209417
0.0328672
0.0477228
0.0656691
0.0867625
0.110822
0.137289
0.165158
0.193045
0.219429
0.243001
0.262992
0.279359
0.29276
0.304388
0.315763
0.328594
0.344644
0.365512
0.392284
0.425172
0.463306
0.50481
0.547145
0.587652
0.624167
0.65557
0.682081
0.705224
0.727504
0.751939
0.781559
0.818941
0.865694
0.921876
0.985444
1.05197
1.11495
1.16671
1.19997
1.2094
1.19295
1.15234
1.09278
1.02204
0.949109
0.88271
0.829723
0.793751
0.774537
0.768901
0.772825
0.783351
0.799161
0.819749
0.844023
0.869398
0.891975
0.907552
0.912796
0.906044
0.887595
0.859541
0.825296
0.788909
0.754295
0.724484
0.701085
0.684066
0.671869
0.661742
0.650249
0.633955
0.610234
0.577989
0.537968
0.492532
0.444903
0.398212
0.354682
0.315274
0.279846
0.247663
0.217946
0.190199
0.164231
0.139966
0.117226
0.0956937
0.075097
0.0554997
0.0374529
0.0219105
0.00995963
0.00250053
0
0
0.00132072
0.00526558
0.0118392
0.0211089
0.0332033
0.048282
0.0664804
0.087818
0.112063
0.138584
0.166256
0.193529
0.218681
0.240237
0.257387
0.270239
0.279785
0.287584
0.295379
0.304834
0.317528
0.335056
0.359017
0.390712
0.430638
0.478013
0.530658
0.585349
0.638545
0.687235
0.729612
0.765385
0.795734
0.823
0.850288
0.881025
0.918411
0.964644
1.01994
1.08168
1.14412
1.19929
1.23868
1.2554
1.24587
1.21053
1.15356
1.08189
1.00405
0.929187
0.865879
0.820533
0.795415
0.787928
0.792419
0.803496
0.818429
0.8372
0.860613
0.888017
0.916265
0.940389
0.955258
0.957153
0.944701
0.919086
0.883671
0.843184
0.80263
0.766148
0.736147
0.712962
0.695097
0.679825
0.663884
0.64413
0.618151
0.584783
0.544397
0.49879
0.450686
0.402965
0.357912
0.316767
0.279718
0.24628
0.215803
0.187797
0.16199
0.138159
0.115953
0.0949118
0.0746862
0.0553248
0.0374014
0.0219062
0.00996312
0.00250119
0
0
0.00132128
0.00527581
0.0118823
0.021216
0.0334028
0.0485944
0.0669225
0.0884159
0.112864
0.139657
0.167672
0.195323
0.22083
0.242691
0.26021
0.27386
0.285268
0.296746
0.310551
0.328291
0.350814
0.378549
0.411929
0.451531
0.497796
0.550471
0.608127
0.668102
0.726972
0.781362
0.828753
0.867985
0.899383
0.924574
0.946141
0.967224
0.991062
1.02041
1.05674
1.0993
1.14448
1.18611
1.21685
1.23026
1.22256
1.19344
1.14557
1.08363
1.01331
0.940996
0.873783
0.819085
0.782935
0.767504
0.770084
0.785109
0.807529
0.834627
0.865371
0.898539
0.931392
0.959736
0.979046
0.985792
0.978381
0.957523
0.926044
0.888231
0.848829
0.811935
0.780077
0.753805
0.731858
0.711775
0.690628
0.665693
0.634984
0.59764
0.55411
0.506053
0.455936
0.406416
0.359683
0.317019
0.278734
0.244455
0.213583
0.1856
0.160131
0.136797
0.115094
0.0944531
0.0744904
0.0552711
0.0374062
0.0219223
0.00997165
0.0025024
0
0
0.00132173
0.00528306
0.0119085
0.0212688
0.0334771
0.0486768
0.0670137
0.088565
0.113206
0.140438
0.169251
0.198148
0.225398
0.249525
0.269905
0.287207
0.3034
0.321182
0.343005
0.370248
0.403078
0.440947
0.483246
0.529665
0.580101
0.634223
0.690962
0.748279
0.803393
0.853402
0.89601
0.930052
0.95568
0.974234
0.987925
0.999429
1.01144
1.02621
1.04503
1.06769
1.09207
1.1142
1.12918
1.13273
1.12266
1.09927
1.06476
1.02183
0.972807
0.919663
0.865141
0.813873
0.772325
0.746818
0.740557
0.75214
0.776984
0.809976
0.846913
0.884383
0.919158
0.947995
0.967965
0.976975
0.974199
0.960298
0.937343
0.908447
0.877104
0.846391
0.818262
0.793161
0.770092
0.747047
0.721626
0.691657
0.655699
0.613377
0.565482
0.513829
0.460864
0.409121
0.36066
0.316686
0.27749
0.242711
0.211731
0.183965
0.158914
0.136052
0.114746
0.0943643
0.0745269
0.0553422
0.0374665
0.0219573
0.00998455
0.00250405
0
0
0.00132215
0.0052882
0.0119215
0.0212777
0.0334465
0.0485591
0.0667821
0.0882641
0.113007
0.140682
0.170474
0.201052
0.230791
0.258221
0.28261
0.304433
0.325424
0.348051
0.374572
0.406202
0.442902
0.483811
0.527881
0.574294
0.622498
0.671911
0.721512
0.769604
0.813955
0.852288
0.882906
0.905166
0.919637
0.927958
0.932504
0.935969
0.940902
0.949222
0.961794
0.978114
0.996172
1.01267
1.02383
1.02663
1.02004
1.00543
0.985602
0.963093
0.93863
0.911051
0.878866
0.842462
0.805465
0.774195
0.755222
0.752314
0.764891
0.788957
0.819235
0.850807
0.879795
0.903467
0.920155
0.929105
0.930314
0.924419
0.912613
0.896513
0.877906
0.858348
0.838755
0.819134
0.798566
0.775465
0.748017
0.714688
0.674663
0.628124
0.576303
0.521288
0.46563
0.411832
0.361856
0.316819
0.276956
0.241871
0.210901
0.183374
0.158664
0.136115
0.115004
0.0946798
0.0748019
0.0555347
0.0375778
0.0220088
0.0100008
0.00250601
0
0
0.00132264
0.0052924
0.0119265
0.0212568
0.0333395
0.0482837
0.0662706
0.0875184
0.112162
0.140061
0.17062
0.202716
0.234846
0.265508
0.293717
0.31945
0.343772
0.368483
0.395388
0.425597
0.459236
0.495671
0.533978
0.573327
0.613088
0.652644
0.69108
0.726951
0.758371
0.783446
0.800896
0.810543
0.813465
0.811797
0.808335
0.806123
0.808025
0.816265
0.831963
0.854784
0.882817
0.912776
0.940652
0.962819
0.977229
0.984069
0.985301
0.983114
0.978129
0.968709
0.95206
0.926461
0.893162
0.856761
0.823825
0.800364
0.789488
0.790562
0.800186
0.814026
0.828359
0.840807
0.850362
0.856977
0.861014
0.862837
0.862648
0.860529
0.856506
0.850517
0.842272
0.831112
0.815969
0.795506
0.768412
0.733768
0.691392
0.642031
0.587363
0.529769
0.471941
0.416402
0.365079
0.319038
0.278486
0.243005
0.211884
0.184364
0.159706
0.137151
0.115932
0.0954126
0.0753076
0.0558374
0.0377322
0.0220726
0.0100193
0.00250812
0
0
0.00132331
0.00529696
0.0119295
0.0212233
0.0331914
0.0479064
0.0655432
0.0863632
0.110603
0.138285
0.169014
0.201871
0.235486
0.268326
0.299119
0.327266
0.353021
0.37734
0.40144
0.426303
0.452388
0.479661
0.507834
0.536624
0.565845
0.595275
0.624357
0.651906
0.676101
0.694904
0.706802
0.711488
0.710095
0.704908
0.698829
0.694948
0.696316
0.705713
0.725202
0.755578
0.795971
0.843795
0.895137
0.945565
0.991151
1.02929
1.05885
1.07948
1.09056
1.0906
1.07771
1.051
1.01192
0.964702
0.915477
0.870581
0.834669
0.809568
0.79437
0.786566
0.783497
0.783367
0.785511
0.790012
0.797038
0.806299
0.816886
0.827469
0.836601
0.842925
0.845202
0.842223
0.832759
0.815616
0.789838
0.754967
0.711304
0.660036
0.603188
0.543385
0.483459
0.426001
0.372969
0.325458
0.283699
0.247284
0.215468
0.187415
0.16229
0.139263
0.117549
0.0965449
0.0760191
0.0562307
0.0379182
0.0221438
0.0100385
0.00251021
0
0
0.00132425
0.00530327
0.011937
0.021196
0.0330427
0.0474954
0.0646916
0.0848884
0.108365
0.135239
0.165266
0.197704
0.23133
0.264634
0.296158
0.324841
0.350252
0.372592
0.392508
0.41083
0.428368
0.445846
0.463954
0.483417
0.504986
0.529249
0.556255
0.585087
0.613725
0.639491
0.659995
0.674068
0.682087
0.685574
0.686524
0.687085
0.689738
0.697505
0.713663
0.740924
0.780526
0.831686
0.891639
0.956174
1.02045
1.07977
1.13009
1.16802
1.1907
1.19577
1.18187
1.14948
1.10142
1.04282
0.980172
0.919955
0.867276
0.825003
0.793718
0.772425
0.759618
0.754135
0.755403
0.763071
0.776413
0.793962
0.813601
0.832986
0.849967
0.862793
0.870077
0.870645
0.863405
0.84735
0.821715
0.786216
0.741294
0.688254
0.629225
0.566926
0.504293
0.444033
0.388236
0.338128
0.294056
0.255673
0.222226
0.192813
0.166515
0.142444
0.119805
0.0980218
0.0768927
0.0566866
0.0381212
0.0222166
0.0100567
0.0025121
0
0
0.00132557
0.0053127
0.0119556
0.0211946
0.0329367
0.0471295
0.0638365
0.0832531
0.105623
0.131079
0.159454
0.19015
0.222115
0.253971
0.284255
0.311712
0.335516
0.35538
0.371531
0.384633
0.395706
0.406097
0.417454
0.431662
0.45066
0.476091
0.508789
0.548245
0.592383
0.637953
0.68145
0.719985
0.751621
0.775202
0.790211
0.79709
0.797829
0.796202
0.797215
0.805887
0.825897
0.858673
0.903186
0.956374
1.01388
1.07077
1.12201
1.16274
1.18849
1.1957
1.18253
1.14964
1.10043
1.04056
0.976824
0.915762
0.862531
0.820289
0.790233
0.77216
0.765219
0.768401
0.780545
0.799992
0.824344
0.850643
0.8759
0.897647
0.914214
0.924669
0.928521
0.925376
0.914701
0.895781
0.867887
0.830568
0.783969
0.729072
0.667736
0.602538
0.536414
0.472216
0.41227
0.358078
0.31023
0.268531
0.232275
0.200516
0.172258
0.146552
0.122576
0.0997492
0.0778667
0.0571699
0.0383242
0.0222844
0.0100724
0.00251361
0
0
0.00132736
0.0053265
0.0119913
0.0212375
0.032917
0.0468931
0.063123
0.0816842
0.102711
0.126266
0.152189
0.179997
0.208848
0.237623
0.265091
0.290116
0.311845
0.32981
0.343977
0.354751
0.36304
0.370348
0.378883
0.391485
0.411289
0.441117
0.482785
0.536495
0.60051
0.671269
0.743871
0.81268
0.871894
0.916261
0.942115
0.948552
0.938153
0.916692
0.891799
0.871053
0.860265
0.862494
0.877969
0.904705
0.939365
0.977952
1.0161
1.04912
1.07217
1.08095
1.07277
1.04758
1.00828
0.960138
0.909612
0.862914
0.824972
0.798932
0.786211
0.786886
0.800085
0.824104
0.85629
0.89302
0.930068
0.963364
0.989782
1.00761
1.01657
1.01732
1.01096
0.998357
0.979818
0.955015
0.923162
0.883393
0.835219
0.778916
0.715726
0.647815
0.577977
0.509179
0.444062
0.384537
0.331585
0.285298
0.245107
0.210077
0.179151
0.151304
0.12566
0.101597
0.0788639
0.0576395
0.0385085
0.0223403
0.0100838
0.00251457
0
0
0.00132967
0.00534567
0.0120494
0.0213413
0.0330237
0.0468695
0.0627072
0.0804555
0.100083
0.121519
0.144556
0.168799
0.193656
0.218393
0.242231
0.264457
0.284497
0.301941
0.316526
0.328184
0.33724
0.344783
0.353047
0.365494
0.386325
0.419516
0.467803
0.531974
0.610489
0.699341
0.792174
0.880742
0.955902
1.00923
1.03501
1.03202
1.00413
0.959499
0.908383
0.860616
0.823528
0.800999
0.793668
0.799896
0.816896
0.841448
0.869978
0.898277
0.921493
0.934871
0.935076
0.921403
0.896182
0.864205
0.831465
0.803798
0.78588
0.780772
0.789903
0.813228
0.849311
0.895278
0.946839
0.998694
1.04538
1.08236
1.10684
1.11814
1.11743
1.10702
1.08947
1.0669
1.04044
1.01012
0.975097
0.934026
0.885678
0.829469
0.765845
0.696388
0.623617
0.550554
0.480163
0.414849
0.35611
0.304463
0.259598
0.220672
0.186604
0.156298
0.128797
0.103407
0.079796
0.058051
0.0386547
0.0223778
0.0100893
0.00251481
0
0
0.00133255
0.00537095
0.0121336
0.0215188
0.0332897
0.0471323
0.0627382
0.0798501
0.0982477
0.117699
0.137922
0.158593
0.179386
0.20003
0.220352
0.240258
0.259646
0.278236
0.295445
0.310471
0.322704
0.332441
0.341568
0.353769
0.373885
0.406566
0.454905
0.519673
0.599062
0.688587
0.781133
0.867459
0.937462
0.982195
0.996192
0.97923
0.93671
0.878348
0.815655
0.759142
0.716277
0.690709
0.682732
0.690471
0.711064
0.741233
0.777132
0.813945
0.846019
0.867924
0.876018
0.869692
0.851638
0.827071
0.802326
0.783451
0.775227
0.780738
0.80132
0.836619
0.884579
0.941434
1.00193
1.05997
1.10969
1.14659
1.16831
1.17493
1.16846
1.15207
1.12912
1.1023
1.07319
1.04202
1.00785
0.968973
0.923534
0.870191
0.808638
0.739859
0.666044
0.590201
0.515585
0.445103
0.380839
0.323844
0.274184
0.23121
0.193881
0.161054
0.131691
0.105007
0.0805709
0.05836
0.0387444
0.0223906
0.0100876
0.0025142
0
0
0
0
0
0
0
0
0
0
0
0
0
0
0
0
0
0
0
0
0
0
0
1.8531e-07
0
0
1.71763e-07
0
0
0
0
0
3.32586e-07
0
0
3.29639e-07
2.16836e-07
0
0
0
2.68857e-07
2.24412e-07
0
0
0
1.86275e-07
6.49095e-08
0
0
0
1.37584e-07
3.18411e-07
1.8103e-07
1.43638e-07
1.10829e-07
2.46594e-07
0
1.90361e-07
0
0
0
0
0
3.72502e-07
2.16026e-07
0
0
4.41148e-07
0
0
0
0
0
0
0
4.84876e-07
0
0
0
0
0
0
0
0
0
0
0
0
0
0
0
0
0
0
0
0
0
0
0
0
0
