NUMBER_OF_POINTS=10000
DIMENSION=1
TYPE=Scalar
0
0.00241734
0.00955454
0.0208691
0.0355562
0.0529076
0.0726282
0.0949914
0.120776
0.151002
0.186517
0.227496
0.273006
0.320794
0.367521
0.409457
0.443487
0.468058
0.483693
0.492902
0.499607
0.508414
0.524004
0.550621
0.591403
0.647426
0.716656
0.793317
0.868232
0.930417
0.969688
0.979497
0.958904
0.912919
0.851129
0.785256
0.72667
0.684643
0.665526
0.672486
0.705274
0.759902
0.828557
0.900254
0.962514
1.00387
1.01647
0.997941
0.951704
0.885896
0.811256
0.73876
0.677569
0.633693
0.609548
0.604401
0.615219
0.637481
0.665954
0.695646
0.722737
0.744943
0.760867
0.768702
0.765311
0.746692
0.709797
0.654713
0.586002
0.5125
0.445312
0.394033
0.362245
0.34582
0.33652
0.327143
0.313801
0.295669
0.274027
0.251357
0.230473
0.21363
0.201753
0.1941
0.18852
0.182254
0.172945
0.159427
0.141952
0.121852
0.100907
0.0807395
0.062465
0.0466218
0.0332792
0.0222327
0.013247
0.00629479
0.00168479
0
0
0.00242126
0.00958907
0.021
0.0359051
0.0536664
0.0740662
0.0974681
0.124788
0.157266
0.196039
0.241536
0.292873
0.347516
0.401491
0.45018
0.489534
0.517254
0.533499
0.540864
0.543723
0.547315
0.556917
0.57721
0.61164
0.66162
0.725618
0.79854
0.871919
0.935277
0.978499
0.994506
0.981245
0.942234
0.885528
0.821656
0.761386
0.713992
0.686181
0.681367
0.699132
0.735079
0.781408
0.828223
0.865356
0.884406
0.880553
0.853586
0.807829
0.750996
0.692332
0.64049
0.601698
0.578828
0.571748
0.578439
0.595771
0.619654
0.645255
0.667874
0.684128
0.692592
0.69338
0.686866
0.672553
0.649106
0.615767
0.574189
0.529325
0.488287
0.457141
0.437397
0.425314
0.414755
0.400628
0.380447
0.354198
0.323636
0.291601
0.261361
0.235854
0.216879
0.204522
0.197117
0.191775
0.185319
0.175317
0.160786
0.142284
0.121416
0.100095
0.0799162
0.0618582
0.0462926
0.0331644
0.022225
0.013264
0.00630375
0.00168604
0
0
0.00242479
0.00962039
0.0211186
0.0362169
0.05433
0.0753016
0.0995889
0.128279
0.162889
0.204888
0.254966
0.312278
0.374017
0.435613
0.491606
0.537006
0.568676
0.58623
0.592115
0.59093
0.588373
0.590248
0.601717
0.626712
0.667284
0.722858
0.789667
0.860822
0.927338
0.979986
1.01149
1.0183
1.00146
0.966129
0.920195
0.872439
0.830802
0.80112
0.786292
0.785875
0.796218
0.811309
0.82423
0.828824
0.821103
0.800058
0.767742
0.72868
0.688779
0.653987
0.628958
0.616143
0.615662
0.625817
0.643628
0.665071
0.685344
0.699664
0.704458
0.698369
0.682487
0.659629
0.633028
0.60515
0.577435
0.551067
0.527953
0.510618
0.500558
0.496385
0.493782
0.487477
0.473484
0.450188
0.41824
0.379944
0.338644
0.298217
0.262518
0.234604
0.21585
0.205386
0.200309
0.196645
0.190652
0.179925
0.163931
0.143817
0.121664
0.0996087
0.0792185
0.0612879
0.0459699
0.0330506
0.0222191
0.0132834
0.00631406
0.00168757
0
0
0.00242779
0.00964718
0.021219
0.036473
0.0548533
0.0762409
0.101176
0.130921
0.167263
0.211956
0.26587
0.328147
0.395752
0.463681
0.525864
0.576591
0.612006
0.631135
0.636072
0.631323
0.6227
0.616264
0.617575
0.631176
0.660026
0.704783
0.763218
0.83025
0.898749
0.960873
1.0096
1.04017
1.05101
1.04396
1.02362
0.995961
0.966804
0.940544
0.919386
0.903191
0.889888
0.876402
0.859853
0.838618
0.812882
0.784541
0.756675
0.732866
0.716594
0.710715
0.716959
0.735433
0.764173
0.798925
0.833437
0.860471
0.873424
0.868067
0.843686
0.80319
0.752167
0.697305
0.644798
0.599276
0.563548
0.538932
0.525553
0.522063
0.525115
0.529591
0.529946
0.521867
0.503291
0.474456
0.437325
0.394906
0.350747
0.308603
0.272073
0.244041
0.225851
0.216486
0.212489
0.20912
0.202154
0.18928
0.170514
0.147695
0.123431
0.100068
0.0790895
0.0610409
0.0458145
0.0330122
0.0222425
0.0133125
0.00632705
0.00168946
0
0
0.00243016
0.00966833
0.0212966
0.0366597
0.0552037
0.0768158
0.102091
0.13243
0.169817
0.216164
0.272369
0.337483
0.408325
0.479732
0.545452
0.599514
0.637704
0.658605
0.663829
0.657415
0.644776
0.631719
0.623852
0.626224
0.642797
0.675542
0.723624
0.783391
0.849239
0.914734
0.973596
1.02059
1.05241
1.06829
1.06996
1.06082
1.04474
1.02482
1.00271
0.978586
0.951703
0.921381
0.88787
0.852818
0.819157
0.790588
0.771013
0.764065
0.772679
0.798538
0.841367
0.898207
0.962964
1.02664
1.07858
1.10868
1.10986
1.07987
1.02183
0.943305
0.854372
0.765389
0.685134
0.619663
0.571984
0.542295
0.528407
0.52615
0.52995
0.533867
0.532915
0.524113
0.506735
0.481783
0.451121
0.416822
0.380934
0.345577
0.313075
0.285841
0.265728
0.252804
0.244504
0.23639
0.224267
0.206018
0.18213
0.154971
0.127492
0.102073
0.0799697
0.0614065
0.045988
0.033124
0.0223224
0.0133589
0.00634405
0.00169181
0
0
0.00243179
0.00968296
0.021348
0.0367686
0.0553636
0.0769897
0.10225
0.132615
0.170142
0.216714
0.273074
0.338087
0.408524
0.479408
0.544857
0.599297
0.63873
0.661632
0.669131
0.664472
0.652116
0.637008
0.624242
0.618933
0.625729
0.64765
0.68487
0.734556
0.791961
0.85172
0.908601
0.957928
0.996123
1.02135
1.03381
1.03532
1.02841
1.0152
0.996864
0.973558
0.945049
0.911522
0.874234
0.835749
0.799814
0.771135
0.755129
0.757336
0.782185
0.83137
0.902605
0.989238
1.08073
1.164
1.22567
1.25491
1.24587
1.19887
1.11984
1.01873
0.907372
0.797574
0.699531
0.62045
0.56368
0.528624
0.511547
0.506877
0.50855
0.511222
0.511262
0.507189
0.499215
0.48811
0.474174
0.457011
0.436111
0.411645
0.384953
0.358421
0.33459
0.314673
0.297417
0.279555
0.257773
0.230625
0.19913
0.165999
0.134244
0.106017
0.082193
0.0626178
0.0466249
0.0334492
0.0224828
0.0134295
0.00636633
0.00169472
0
0
0.00243261
0.0096905
0.0213715
0.0367973
0.0553321
0.0767627
0.101645
0.131425
0.168091
0.213312
0.267482
0.329175
0.395184
0.461036
0.521791
0.572997
0.611574
0.636373
0.648184
0.649275
0.642776
0.632324
0.622048
0.616589
0.620572
0.637232
0.666958
0.707058
0.753045
0.800227
0.844543
0.882729
0.912436
0.932545
0.943354
0.946307
0.943259
0.935661
0.924075
0.908217
0.887449
0.861436
0.830658
0.796687
0.762377
0.732114
0.711961
0.709099
0.73004
0.777963
0.85062
0.940012
1.0337
1.11716
1.17681
1.20296
1.19168
1.14484
1.06861
0.971699
0.864191
0.756854
0.66006
0.581923
0.526388
0.4926
0.476167
0.471343
0.472802
0.4767
0.481201
0.486258
0.492424
0.499285
0.504782
0.505956
0.500348
0.487039
0.46693
0.442306
0.415789
0.389001
0.361671
0.332026
0.298324
0.260371
0.219944
0.180015
0.143432
0.111919
0.0858711
0.0647858
0.0478005
0.0340278
0.0227405
0.0135293
0.00639493
0.00169828
0
0
0.00243257
0.00969067
0.0213672
0.0367494
0.0551242
0.0761724
0.100343
0.128972
0.163852
0.206295
0.256205
0.31175
0.369731
0.426343
0.478003
0.522002
0.556873
0.582399
0.599328
0.608994
0.613133
0.61402
0.614758
0.619236
0.631313
0.653245
0.684349
0.721105
0.7587
0.792796
0.820492
0.840432
0.852565
0.857912
0.858286
0.855827
0.852351
0.848788
0.844941
0.839669
0.831411
0.818786
0.801068
0.778466
0.752342
0.725459
0.702141
0.688082
0.689464
0.711193
0.75452
0.815249
0.883873
0.947901
0.995333
1.01775
1.01171
0.978066
0.920351
0.843847
0.755853
0.665949
0.584683
0.520544
0.477017
0.452149
0.440982
0.438454
0.440915
0.446578
0.455499
0.468826
0.487113
0.508769
0.530045
0.546499
0.554615
0.552637
0.54064
0.520079
0.492977
0.460956
0.424628
0.383837
0.338661
0.290364
0.241535
0.195297
0.154173
0.119368
0.0908372
0.0678572
0.0495091
0.0348677
0.0231022
0.0136617
0.00643065
0.00170256
0
0
0.00243168
0.00968351
0.0213366
0.0366339
0.0547693
0.0752895
0.0984891
0.125525
0.157938
0.196636
0.240988
0.288674
0.336368
0.380821
0.419835
0.452741
0.480216
0.503584
0.524053
0.542389
0.559258
0.575936
0.594773
0.618827
0.650532
0.690023
0.734324
0.778138
0.815726
0.84274
0.857248
0.859856
0.853216
0.841229
0.828131
0.817591
0.811983
0.811953
0.816402
0.822901
0.828465
0.830444
0.827195
0.818375
0.804926
0.788893
0.773123
0.760816
0.755041
0.758344
0.772297
0.796632
0.828155
0.86054
0.885815
0.896751
0.888592
0.859401
0.809871
0.743662
0.668054
0.59342
0.530308
0.485082
0.457517
0.442829
0.435793
0.433074
0.433372
0.437025
0.445695
0.461464
0.485099
0.514668
0.545856
0.573544
0.593258
0.601919
0.598103
0.581991
0.554948
0.518794
0.475178
0.425507
0.371446
0.315419
0.260519
0.209772
0.165243
0.127651
0.0966852
0.0716219
0.0516613
0.0359414
0.0235638
0.013827
0.00647387
0.0017076
0
0
0.00242994
0.00966937
0.0212825
0.0364635
0.0543072
0.0742104
0.0962834
0.12148
0.151109
0.185774
0.22443
0.264302
0.301761
0.333686
0.358719
0.377863
0.394047
0.410776
0.430618
0.454654
0.483235
0.517191
0.558278
0.608308
0.66747
0.733002
0.799219
0.85889
0.90523
0.933678
0.942946
0.935206
0.915485
0.890466
0.867016
0.850788
0.845191
0.850861
0.865658
0.885293
0.904583
0.91899
0.925887
0.925138
0.918939
0.911099
0.905878
0.906568
0.914295
0.927787
0.944269
0.960705
0.974314
0.982142
0.980576
0.965645
0.934103
0.884744
0.819559
0.744513
0.66916
0.604046
0.556098
0.525238
0.505949
0.492177
0.480571
0.470537
0.463023
0.459773
0.463149
0.475537
0.497936
0.528711
0.563687
0.597317
0.62395
0.63887
0.639145
0.624093
0.595059
0.554564
0.505371
0.450056
0.391175
0.33156
0.274203
0.22166
0.175447
0.13595
0.102877
0.0757639
0.0541032
0.0371916
0.0241104
0.0140232
0.00652463
0.00171345
0
0
0.0024274
0.00964885
0.0212086
0.0362538
0.0537835
0.0730447
0.0939571
0.117288
0.144221
0.175293
0.209373
0.2435
0.273743
0.296668
0.310792
0.317517
0.321067
0.327201
0.341111
0.365895
0.402829
0.45262
0.515857
0.592107
0.678666
0.770045
0.858577
0.93588
0.994635
1.0302
1.04165
1.03204
1.00784
0.977506
0.949785
0.931874
0.928093
0.939162
0.962172
0.991353
1.01967
1.04086
1.0512
1.05062
1.04268
1.03374
1.03104
1.04009
1.06213
1.09338
1.12676
1.15465
1.17107
1.17213
1.15556
1.12022
1.06646
0.996957
0.917576
0.837108
0.765155
0.708243
0.666659
0.635299
0.608059
0.581588
0.555932
0.533063
0.515287
0.504626
0.502938
0.511806
0.531698
0.560956
0.595482
0.629304
0.65576
0.669043
0.665687
0.645326
0.610307
0.564389
0.511329
0.45416
0.395295
0.336952
0.281253
0.229908
0.183894
0.143529
0.108861
0.0799298
0.0566489
0.0385418
0.0247193
0.0142461
0.00658253
0.0017201
0
0
0.00242415
0.00962278
0.0211195
0.0360208
0.0532444
0.0719018
0.091738
0.113382
0.138039
0.166498
0.198006
0.229902
0.258314
0.279511
0.291353
0.294344
0.292019
0.290475
0.296963
0.317851
0.357038
0.415755
0.49308
0.58609
0.68971
0.796822
0.898963
0.987543
1.05533
1.09781
1.11421
1.10769
1.0849
1.05464
1.02608
1.00681
1.00147
1.011
1.03264
1.06077
1.08827
1.1085
1.11709
1.11324
1.1002
1.08471
1.0755
1.08026
1.10229
1.13851
1.18066
1.21868
1.244
1.25105
1.2374
1.20329
1.15138
1.08679
1.01665
0.948608
0.888175
0.836439
0.79032
0.745515
0.699794
0.654247
0.612287
0.577706
0.553218
0.540159
0.538991
0.549676
0.571338
0.601462
0.635327
0.666258
0.686948
0.691495
0.677265
0.645595
0.600924
0.548797
0.493839
0.438768
0.384735
0.332269
0.281921
0.234335
0.190112
0.149831
0.114161
0.0837908
0.0591139
0.0399101
0.0253634
0.0144894
0.00664682
0.00172753
0
0
0.00242027
0.00959212
0.0210197
0.03578
0.0527311
0.070877
0.0898197
0.110102
0.133081
0.160059
0.191058
0.224172
0.256001
0.282846
0.302031
0.312915
0.317367
0.319689
0.326063
0.343496
0.378144
0.433499
0.509472
0.602662
0.707127
0.81519
0.918316
1.00819
1.07791
1.12317
1.14297
1.13998
1.12006
1.0912
1.06185
1.03917
1.02763
1.02837
1.03947
1.05666
1.07444
1.0874
1.09144
1.08484
1.06883
1.0477
1.02816
1.01777
1.02218
1.04235
1.07364
1.1078
1.13617
1.1523
1.15295
1.13802
1.10986
1.07241
1.02993
0.985456
0.939592
0.890718
0.83675
0.77743
0.715543
0.656385
0.605914
0.568689
0.546727
0.539775
0.546461
0.565137
0.593678
0.628523
0.663901
0.69217
0.705586
0.698793
0.670832
0.625579
0.570272
0.512702
0.458355
0.409058
0.363761
0.320483
0.27784
0.235505
0.194024
0.154523
0.118426
0.0870861
0.0613423
0.0412219
0.0260152
0.0147463
0.00671646
0.00173569
0
0
0.0024159
0.00955796
0.0209135
0.0355441
0.0522755
0.0700406
0.088337
0.107658
0.129555
0.15593
0.187713
0.2239
0.261699
0.297552
0.328357
0.352426
0.369993
0.383306
0.396439
0.414887
0.444695
0.490878
0.555604
0.637295
0.731056
0.829827
0.92561
1.0106
1.0782
1.12401
1.14647
1.14717
1.1307
1.1038
1.074
1.04796
1.03004
1.02159
1.02131
1.02621
1.03262
1.03703
1.0366
1.02948
1.01512
0.994389
0.969755
0.945218
0.925655
0.915294
0.915794
0.925255
0.939105
0.952244
0.9609
0.963296
0.959176
0.948737
0.931578
0.906207
0.870476
0.822894
0.764207
0.698363
0.632204
0.57381
0.530036
0.504358
0.496401
0.503507
0.52284
0.552224
0.589323
0.630094
0.667912
0.694328
0.701419
0.684644
0.644833
0.58833
0.525054
0.464974
0.414317
0.373612
0.339079
0.306033
0.271421
0.234407
0.19583
0.157478
0.121459
0.0896501
0.0632261
0.0424194
0.0266505
0.0150094
0.0067902
0.0017445
0
0
0.00241118
0.00952141
0.0208048
0.0353229
0.0518975
0.0694308
0.0873546
0.106121
0.127416
0.153609
0.186386
0.225527
0.268792
0.312793
0.354126
0.390294
0.42025
0.444627
0.465772
0.487648
0.515418
0.554378
0.60823
0.677566
0.759507
0.848528
0.937723
1.01996
1.0888
1.13934
1.16886
1.17737
1.16769
1.14515
1.11649
1.08842
1.06594
1.0513
1.04407
1.04213
1.04293
1.04431
1.0447
1.0428
1.03725
1.02648
1.00902
0.984207
0.952991
0.918232
0.884107
0.854667
0.832352
0.817399
0.80834
0.80286
0.798223
0.791184
0.777939
0.754646
0.71858
0.669518
0.610746
0.549083
0.493551
0.45264
0.430988
0.427852
0.439082
0.460628
0.49032
0.527241
0.569761
0.613698
0.651838
0.675369
0.676693
0.652348
0.60477
0.542135
0.476129
0.417987
0.373927
0.342745
0.318115
0.293466
0.265032
0.232071
0.19588
0.158758
0.123223
0.0914253
0.0647143
0.0434672
0.0272508
0.0152721
0.0068667
0.00175388
0
0
0.00240624
0.00948357
0.020697
0.0351218
0.0516038
0.0690516
0.0868663
0.105445
0.126479
0.152533
0.185732
0.22643
0.272906
0.322074
0.370501
0.415257
0.454476
0.487688
0.516032
0.542377
0.571184
0.607732
0.656597
0.719938
0.796649
0.882775
0.9726
1.05969
1.13768
1.20088
1.24499
1.26782
1.26989
1.25458
1.22764
1.19608
1.16643
1.14328
1.12859
1.12218
1.12287
1.12928
1.13998
1.15301
1.16521
1.17224
1.1692
1.15195
1.11851
1.07002
1.01067
0.946749
0.884831
0.83004
0.78492
0.749222
0.720359
0.694171
0.665873
0.631275
0.588192
0.537688
0.48462
0.436849
0.402582
0.386395
0.386961
0.3993
0.419045
0.444554
0.476245
0.514537
0.557706
0.600702
0.635635
0.653832
0.648709
0.618315
0.566605
0.502878
0.439291
0.386681
0.34985
0.325698
0.306656
0.285985
0.260306
0.229315
0.1946
0.158595
0.123842
0.0924643
0.0658149
0.0443541
0.0278043
0.0155288
0.00694458
0.00176372
0
0
0.00240124
0.00944548
0.0205922
0.0349427
0.0513884
0.0688758
0.0868031
0.105496
0.126513
0.152323
0.185155
0.225732
0.272865
0.323966
0.375906
0.42575
0.471291
0.511454
0.546644
0.579038
0.612595
0.652419
0.703336
0.768192
0.846879
0.936568
1.03263
1.12947
1.22102
1.30108
1.36389
1.40494
1.42202
1.41596
1.39091
1.35366
1.31226
1.27431
1.24553
1.22926
1.2267
1.2374
1.25928
1.28837
1.31862
1.34253
1.35247
1.3424
1.30938
1.25449
1.18257
1.10108
1.01824
0.941042
0.873848
0.817766
0.770965
0.729617
0.689208
0.645997
0.598426
0.548071
0.499609
0.459293
0.432058
0.418937
0.4173
0.423812
0.437088
0.457976
0.487844
0.526283
0.569624
0.610986
0.641746
0.653858
0.642337
0.607113
0.553584
0.491498
0.432156
0.384349
0.350655
0.327099
0.306907
0.284674
0.257939
0.22672
0.192499
0.157398
0.123594
0.0929196
0.0665878
0.0450905
0.028306
0.0157751
0.00702254
0.00177389
0
0
0.00239633
0.00940806
0.0204921
0.0347839
0.0512351
0.0688516
0.0870487
0.106071
0.127258
0.152776
0.184698
0.223937
0.269828
0.320447
0.373256
0.425691
0.475622
0.521761
0.564074
0.604145
0.645239
0.691748
0.747939
0.816512
0.897808
0.989991
1.08974
1.19276
1.29392
1.38718
1.46592
1.52374
1.55575
1.55999
1.53823
1.4961
1.44206
1.38581
1.33637
1.30075
1.28312
1.28458
1.3031
1.33362
1.36856
1.39898
1.41632
1.41421
1.38984
1.34455
1.28335
1.21353
1.14277
1.07729
1.02062
0.973128
0.932427
0.89431
0.854071
0.807933
0.75433
0.694696
0.633327
0.576114
0.528448
0.493405
0.471557
0.462554
0.466762
0.485151
0.517514
0.560669
0.608107
0.651104
0.680631
0.689502
0.674303
0.636542
0.582497
0.521565
0.463358
0.414408
0.376091
0.345328
0.31747
0.288917
0.258028
0.224803
0.190226
0.155738
0.122881
0.0930177
0.0671295
0.0457023
0.0287561
0.0160078
0.00709941
0.00178427
0
0
0.00239165
0.00937211
0.0203974
0.034641
0.0511211
0.0689123
0.0874579
0.106925
0.128406
0.153691
0.18456
0.221982
0.265748
0.314643
0.366865
0.420426
0.473489
0.524699
0.573558
0.62078
0.668409
0.719461
0.77707
0.843516
0.919685
1.00513
1.09838
1.19701
1.29734
1.39409
1.48045
1.54879
1.59219
1.60605
1.58959
1.54635
1.48381
1.41196
1.34141
1.28151
1.23896
1.21694
1.2149
1.22882
1.25205
1.27666
1.29512
1.30188
1.29447
1.27379
1.24356
1.209
1.17524
1.14593
1.12231
1.10301
1.08442
1.06157
1.02939
0.984067
0.92432
0.852118
0.772585
0.692935
0.620736
0.562219
0.521504
0.500938
0.501674
0.523295
0.562741
0.613822
0.667904
0.715316
0.747071
0.756645
0.741481
0.703663
0.649348
0.586946
0.524568
0.467683
0.418094
0.374675
0.335125
0.297455
0.260573
0.224193
0.188572
0.154302
0.122171
0.0930167
0.0675513
0.0462229
0.0291585
0.0162251
0.00717417
0.00179475
0
0
0.00238733
0.00933827
0.0203083
0.0345083
0.0510213
0.0689879
0.0878794
0.107793
0.129593
0.154719
0.184648
0.220329
0.261898
0.30875
0.359748
0.413444
0.468249
0.522631
0.575399
0.626041
0.674981
0.723574
0.773788
0.827734
0.88731
0.954003
1.02867
1.11103
1.19901
1.28825
1.37211
1.44258
1.4917
1.51329
1.50448
1.4666
1.40511
1.32866
1.24745
1.1714
1.10848
1.06369
1.03854
1.03127
1.0376
1.05188
1.06841
1.08263
1.09199
1.0962
1.09694
1.09692
1.09876
1.10382
1.11146
1.11885
1.12144
1.11385
1.09115
1.05017
0.990533
0.915218
0.830312
0.74396
0.664831
0.600634
0.557178
0.538002
0.5441
0.573496
0.621144
0.679462
0.739286
0.791026
0.826042
0.838163
0.824938
0.78812
0.733041
0.667003
0.597235
0.52922
0.465993
0.408484
0.356408
0.309044
0.265646
0.225567
0.188336
0.153744
0.121896
0.0931482
0.0679529
0.0466838
0.0295183
0.0164258
0.007246
0.00180518
0
0
0.00238349
0.00930706
0.0202244
0.0343795
0.0509114
0.0690153
0.0881791
0.108431
0.130445
0.155373
0.184447
0.218577
0.258131
0.302918
0.352252
0.404998
0.459615
0.514233
0.566844
0.61565
0.659497
0.69827
0.733096
0.766316
0.801222
0.841514
0.890406
0.949484
1.01775
1.09136
1.1641
1.22856
1.27741
1.30466
1.30682
1.28354
1.23791
1.17604
1.10599
1.03635
0.974802
0.926938
0.895601
0.88085
0.880392
0.89038
0.906363
0.924274
0.941275
0.956264
0.969836
0.983606
0.999062
1.01639
1.03382
1.04768
1.05326
1.04589
1.02214
0.980749
0.9232
0.853718
0.778689
0.705619
0.641977
0.594253
0.567324
0.563917
0.584041
0.624774
0.680654
0.74439
0.807578
0.861513
0.898296
0.91215
0.900532
0.864583
0.808653
0.73905
0.662467
0.584685
0.509889
0.440617
0.378053
0.322387
0.273112
0.229318
0.190027
0.154484
0.122326
0.093557
0.0683984
0.047107
0.0298402
0.0166095
0.00731425
0.00181548
0
0
0.0023802
0.00927881
0.0201452
0.0342486
0.0507718
0.068947
0.0882603
0.108663
0.130658
0.155168
0.18324
0.215745
0.253188
0.295618
0.342568
0.393003
0.445292
0.497226
0.546163
0.589369
0.624576
0.650688
0.668405
0.68056
0.691898
0.708093
0.734001
0.771802
0.820115
0.87469
0.930032
0.980884
1.02296
1.05304
1.06888
1.06935
1.05496
1.02822
0.993594
0.956777
0.923598
0.898826
0.885315
0.883673
0.892418
0.908517
0.928139
0.947532
0.963869
0.975854
0.983781
0.988933
0.992488
0.994428
0.993044
0.985271
0.9677
0.937814
0.895032
0.84123
0.780569
0.718631
0.661183
0.613141
0.578249
0.559403
0.558843
0.577614
0.614713
0.66686
0.728976
0.794805
0.857364
0.909452
0.944457
0.957416
0.945958
0.910757
0.855252
0.78477
0.70537
0.622799
0.541809
0.465831
0.396906
0.335785
0.282174
0.235137
0.193554
0.156512
0.123474
0.094259
0.0689008
0.0475006
0.0301268
0.0167761
0.00737848
0.00182551
0
0
0.00237756
0.00925375
0.02007
0.0341109
0.0505889
0.0687556
0.0880755
0.108408
0.130088
0.153829
0.180511
0.210949
0.24572
0.285011
0.328481
0.375155
0.423392
0.470913
0.514928
0.552424
0.580723
0.59831
0.605722
0.606157
0.605284
0.609797
0.624753
0.651114
0.685491
0.722444
0.757516
0.789065
0.818094
0.846452
0.874755
0.901604
0.924586
0.942072
0.954426
0.963989
0.974101
0.987822
1.00694
1.03154
1.06013
1.09001
1.11781
1.14014
1.1542
1.15828
1.15202
1.13609
1.11158
1.07931
1.03937
0.991252
0.934528
0.869837
0.799809
0.72937
0.66495
0.612542
0.575523
0.55399
0.546423
0.551973
0.571041
0.603939
0.649379
0.704177
0.763908
0.823564
0.877866
0.921491
0.949525
0.958176
0.945495
0.911789
0.859547
0.792902
0.716861
0.636524
0.556441
0.480174
0.410035
0.347061
0.291225
0.24186
0.198125
0.159335
0.125075
0.0951378
0.0694228
0.0478582
0.030379
0.0169261
0.00743841
0.00183521
0
0
0.00237558
0.00923199
0.0199979
0.033963
0.0503554
0.0684335
0.0876274
0.107695
0.128794
0.151422
0.176265
0.204031
0.235307
0.270396
0.309147
0.350833
0.394133
0.437196
0.477743
0.513235
0.541263
0.560237
0.570288
0.573966
0.576138
0.582507
0.596949
0.619247
0.645259
0.669653
0.689344
0.70559
0.723583
0.749473
0.786551
0.833544
0.886178
0.940112
0.99282
1.04374
1.09339
1.14231
1.19044
1.23691
1.28017
1.31821
1.3488
1.36964
1.37862
1.37412
1.35524
1.32194
1.27493
1.21551
1.14539
1.06668
0.982156
0.895619
0.812277
0.738432
0.680015
0.640218
0.617999
0.609375
0.610601
0.620275
0.63886
0.666706
0.702592
0.743733
0.786634
0.827759
0.863705
0.89115
0.906939
0.908453
0.894088
0.863646
0.818433
0.76105
0.694971
0.624018
0.55185
0.481515
0.415151
0.353911
0.298143
0.247734
0.202449
0.162125
0.126671
0.0959847
0.0698914
0.0481638
0.0305962
0.0170598
0.00749391
0.00184449
0
0
0.00237431
0.00921354
0.0199286
0.0338028
0.05007
0.0679891
0.0869573
0.106636
0.127014
0.148365
0.171138
0.195858
0.223045
0.253111
0.286239
0.322266
0.360671
0.40061
0.440927
0.480109
0.51633
0.547798
0.573432
0.593551
0.61008
0.625852
0.643142
0.662283
0.681513
0.698443
0.712351
0.725818
0.744417
0.774205
0.818507
0.876459
0.944178
1.01696
1.09076
1.16248
1.22982
1.29092
1.34428
1.38876
1.42366
1.44879
1.46435
1.47068
1.46795
1.45596
1.43417
1.40199
1.35905
1.30559
1.24265
1.1722
1.09723
1.02166
0.950091
0.887038
0.835808
0.797413
0.770469
0.752462
0.741447
0.736818
0.738673
0.746612
0.759134
0.774021
0.789108
0.802704
0.813485
0.820142
0.82114
0.814804
0.799636
0.774709
0.739946
0.696195
0.645099
0.588825
0.529701
0.469874
0.411059
0.354464
0.300895
0.250948
0.20515
0.163978
0.127757
0.0965664
0.0702237
0.0483986
0.0307777
0.0171783
0.00754499
0.00185328
0
0
0.00237374
0.00919837
0.0198616
0.0336299
0.049735
0.0674394
0.0861241
0.105385
0.12508
0.145286
0.166216
0.18816
0.211484
0.236662
0.264272
0.294957
0.329373
0.368083
0.411341
0.458732
0.508866
0.559427
0.607711
0.65141
0.689229
0.720996
0.747284
0.768869
0.786476
0.8011
0.814697
0.830648
0.853356
0.886864
0.933265
0.991895
1.05967
1.13201
1.20385
1.27035
1.32743
1.37209
1.40256
1.41838
1.42048
1.41122
1.3941
1.37326
1.35253
1.33452
1.32
1.30798
1.29618
1.28176
1.26212
1.23541
1.2009
1.15918
1.11203
1.06209
1.01228
0.965118
0.922404
0.885186
0.854002
0.828947
0.80946
0.794186
0.781273
0.769052
0.756619
0.743942
0.731485
0.719613
0.708119
0.696063
0.681965
0.664204
0.641438
0.612902
0.578507
0.538773
0.494645
0.447288
0.397931
0.3478
0.298131
0.250183
0.205183
0.164191
0.127935
0.0966978
0.0703551
0.0485495
0.0309244
0.0172827
0.00759179
0.00186153
0
0
0.00237384
0.00918638
0.0197969
0.0334452
0.0493553
0.0668024
0.0851816
0.104077
0.123289
0.142783
0.162613
0.182875
0.203764
0.225721
0.249588
0.276695
0.308783
0.347699
0.394882
0.450735
0.514157
0.582523
0.652178
0.719232
0.780312
0.833011
0.876036
0.909191
0.933387
0.950715
0.964452
0.978793
0.998178
1.0263
1.06506
1.11396
1.16996
1.22812
1.28255
1.32757
1.35853
1.37235
1.36773
1.34524
1.30746
1.259
1.20627
1.15676
1.1178
1.09494
1.09054
1.10315
1.12806
1.15856
1.18738
1.20788
1.21508
1.20627
1.1813
1.14234
1.09328
1.03881
0.983526
0.931119
0.883885
0.842553
0.806445
0.773993
0.743503
0.713855
0.684867
0.657224
0.632083
0.610527
0.593064
0.579303
0.567961
0.557153
0.544848
0.529269
0.509145
0.483787
0.453063
0.417324
0.377347
0.334286
0.289611
0.244996
0.202125
0.162459
0.127025
0.0962972
0.0702611
0.0486156
0.0310398
0.017375
0.00763453
0.00186921
0
0
0.00237458
0.00917747
0.0197348
0.0332506
0.0489367
0.0660921
0.0841606
0.102778
0.12178
0.141151
0.160931
0.181167
0.201969
0.223683
0.247119
0.273724
0.30555
0.344931
0.393889
0.453445
0.523094
0.600684
0.682726
0.765007
0.843232
0.913536
0.972833
1.01915
1.05201
1.07283
1.08498
1.09341
1.10367
1.12053
1.14673
1.18211
1.22362
1.2661
1.30348
1.33002
1.34112
1.33371
1.30652
1.26039
1.19855
1.12673
1.05278
0.985788
0.93461
0.906111
0.90342
0.925031
0.965213
1.01546
1.06619
1.10836
1.13476
1.14104
1.12619
1.09239
1.0442
0.987388
0.927684
0.869704
0.816338
0.768662
0.726346
0.688361
0.653654
0.621545
0.591821
0.56468
0.540635
0.520336
0.504258
0.492339
0.483767
0.477064
0.47039
0.4619
0.450012
0.433549
0.411807
0.384596
0.352275
0.315751
0.276421
0.236007
0.196317
0.158962
0.125119
0.0954133
0.0699682
0.0486111
0.0311306
0.0174572
0.00767349
0.0018763
0
0
0.00237589
0.00917153
0.019676
0.0330492
0.0484858
0.0653165
0.0830624
0.101465
0.120485
0.140241
0.160917
0.182676
0.205661
0.230094
0.256446
0.2856
0.318925
0.358182
0.405206
0.461412
0.527237
0.60175
0.682588
0.766235
0.848458
0.924761
0.990842
1.04318
1.07979
1.10101
1.10989
1.11185
1.11344
1.12066
1.13715
1.16335
1.1967
1.2327
1.26616
1.29204
1.30585
1.30385
1.2834
1.24377
1.1869
1.11775
1.0438
0.973881
0.916562
0.878553
0.863407
0.870795
0.896524
0.933342
0.972291
1.00434
1.02202
1.02075
0.999514
0.96072
0.909221
0.850951
0.791527
0.735236
0.68463
0.640721
0.60356
0.572794
0.547881
0.527978
0.511854
0.49814
0.485784
0.474347
0.463891
0.454596
0.446388
0.438789
0.430976
0.42194
0.410637
0.396101
0.377557
0.354539
0.327016
0.295485
0.260966
0.224883
0.188841
0.154347
0.122572
0.094219
0.0695517
0.048565
0.0312063
0.0175317
0.00770899
0.00188278
0
0
0.0023777
0.00916842
0.0196215
0.0328454
0.0480108
0.0644805
0.0818669
0.100049
0.11916
0.139528
0.161568
0.185652
0.212014
0.240723
0.271731
0.304995
0.340657
0.379214
0.421583
0.468976
0.522514
0.5827
0.648938
0.719319
0.790695
0.858963
0.919569
0.968282
1.00223
1.02093
1.02693
1.02551
1.02339
1.02683
1.03979
1.06321
1.09555
1.13391
1.17491
1.21489
1.24956
1.27399
1.28328
1.27397
1.24545
1.20057
1.1452
1.08687
1.03303
0.989668
0.960306
0.945642
0.943518
0.949229
0.956262
0.957544
0.947024
0.921133
0.879617
0.825429
0.763725
0.700386
0.640594
0.587969
0.544451
0.510812
0.48727
0.473671
0.469067
0.471244
0.476898
0.482531
0.485444
0.484245
0.47877
0.469647
0.457807
0.444104
0.429117
0.413075
0.395874
0.377145
0.35637
0.333043
0.306863
0.277895
0.246657
0.214073
0.181319
0.149599
0.119922
0.0929748
0.0691203
0.0485154
0.031278
0.017601
0.00774135
0.00188865
0
0
0.00237991
0.00916799
0.0195726
0.032645
0.0475223
0.0635913
0.0805504
0.0984151
0.117496
0.138337
0.161592
0.187847
0.217423
0.250229
0.2857
0.322891
0.360718
0.398297
0.435279
0.472045
0.509662
0.549544
0.592872
0.639943
0.689692
0.739563
0.78588
0.824696
0.852971
0.869723
0.876675
0.878034
0.879308
0.885578
0.900065
0.923783
0.956277
0.996625
1.04378
1.09595
1.14971
1.19972
1.23972
1.26433
1.2708
1.25977
1.23484
1.20127
1.16442
1.12861
1.09649
1.06895
1.04524
1.02303
0.998695
0.967985
0.927175
0.87437
0.810388
0.73879
0.665009
0.594952
0.533655
0.484525
0.449367
0.428903
0.423111
0.430889
0.449442
0.47426
0.499994
0.521697
0.535786
0.540493
0.535796
0.522988
0.504086
0.481235
0.456265
0.430445
0.404431
0.378349
0.351963
0.324875
0.296738
0.267418
0.237086
0.206222
0.175531
0.145804
0.117763
0.0919674
0.0687923
0.0485027
0.0313564
0.0176673
0.00777086
0.00189392
0
0
0.00238243
0.00917007
0.0195308
0.0324546
0.0470349
0.0626649
0.0791071
0.0964845
0.115248
0.136115
0.159933
0.187459
0.219086
0.254607
0.293076
0.33288
0.372007
0.408477
0.440814
0.468437
0.491856
0.512625
0.53297
0.555128
0.5805
0.608979
0.638857
0.667436
0.692125
0.711514
0.725965
0.73747
0.748857
0.762743
0.780837
0.803966
0.832681
0.867815
0.910364
0.960546
1.01662
1.07444
1.1283
1.17263
1.20364
1.2201
1.22316
1.2154
1.19973
1.1787
1.15409
1.12693
1.09743
1.06487
1.02756
0.983142
0.929487
0.865806
0.793541
0.716497
0.640125
0.570299
0.512107
0.469137
0.443354
0.435247
0.443809
0.466306
0.498291
0.534154
0.568043
0.594824
0.610861
0.614446
0.605829
0.586834
0.560204
0.528878
0.495376
0.461451
0.42801
0.39526
0.362994
0.330893
0.298757
0.266604
0.234657
0.20327
0.172859
0.143838
0.11659
0.0914387
0.0686679
0.0485604
0.0314501
0.0177322
0.00779774
0.0018986
0
0
0.00238515
0.00917439
0.0194975
0.0322819
0.0465671
0.0617312
0.0775663
0.0942569
0.112337
0.132628
0.156109
0.183664
0.215768
0.252174
0.291745
0.332481
0.371813
0.407082
0.436111
0.457698
0.471936
0.480267
0.485274
0.490179
0.498083
0.511118
0.529869
0.553391
0.579804
0.607081
0.633656
0.658639
0.681753
0.703149
0.723326
0.74319
0.764196
0.788328
0.817715
0.853811
0.896454
0.943387
0.990663
1.03379
1.06901
1.09415
1.10874
1.11365
1.11047
1.10101
1.08694
1.06962
1.04972
1.02696
0.999927
0.966394
0.924262
0.872683
0.812921
0.748473
0.684396
0.626159
0.578506
0.544746
0.52653
0.523886
0.535263
0.5576
0.586585
0.617198
0.644422
0.663951
0.672791
0.669638
0.65494
0.630594
0.599356
0.564125
0.527319
0.490493
0.454268
0.418536
0.382862
0.346905
0.310687
0.274637
0.239408
0.20564
0.173789
0.144094
0.116654
0.0915232
0.0688051
0.0487078
0.0315638
0.0177965
0.00782215
0.00190271
0
0
0.00238794
0.00918062
0.0194738
0.0321346
0.0461413
0.0608346
0.0759995
0.0918319
0.108887
0.12803
0.150312
0.176727
0.207856
0.24352
0.282554
0.32282
0.361495
0.395601
0.422663
0.441313
0.451678
0.455426
0.455487
0.455491
0.459055
0.469049
0.48699
0.512736
0.544635
0.580055
0.616081
0.650112
0.68025
0.705462
0.725641
0.741595
0.754988
0.768119
0.783455
0.802946
0.82732
0.855669
0.885585
0.913841
0.937362
0.954067
0.963309
0.965831
0.963385
0.958199
0.952429
0.947624
0.944218
0.941216
0.936277
0.92634
0.908654
0.881835
0.846536
0.805437
0.762565
0.722243
0.688111
0.662575
0.646725
0.640511
0.642876
0.651807
0.664458
0.677492
0.687609
0.692045
0.688955
0.677626
0.658514
0.633052
0.60324
0.571105
0.538195
0.505267
0.472245
0.438485
0.403226
0.366084
0.32734
0.287929
0.249129
0.212143
0.177781
0.146375
0.117906
0.0922168
0.0692068
0.0489458
0.0316973
0.0178601
0.00784417
0.00190627
0
0
0.00239068
0.00918831
0.0194605
0.03202
0.0457813
0.0600312
0.0745162
0.0894019
0.105218
0.122823
0.143315
0.167797
0.197008
0.230923
0.268484
0.307578
0.345321
0.378627
0.40495
0.422997
0.433197
0.437743
0.440125
0.444273
0.453604
0.470306
0.495036
0.526971
0.564114
0.603793
0.643265
0.680211
0.712957
0.740458
0.762207
0.778255
0.789364
0.797092
0.803601
0.811092
0.821043
0.833604
0.847475
0.860374
0.869903
0.874446
0.873752
0.869017
0.862517
0.856947
0.854672
0.857052
0.864033
0.874106
0.884676
0.89271
0.895502
0.891365
0.880058
0.86277
0.841632
0.81895
0.796518
0.775328
0.755757
0.737978
0.7222
0.708555
0.696762
0.685978
0.675005
0.662678
0.648189
0.631215
0.611929
0.590896
0.568872
0.546492
0.52397
0.500907
0.476334
0.449002
0.417851
0.382488
0.343469
0.302229
0.260686
0.220695
0.183592
0.150018
0.120031
0.0933849
0.0698212
0.0492566
0.0318451
0.017922
0.0078638
0.00190931
0
0
0.00239325
0.00919687
0.0194575
0.0319431
0.0455094
0.0593813
0.0732481
0.0872195
0.101773
0.117738
0.136248
0.15853
0.185525
0.217433
0.25338
0.291368
0.328551
0.361834
0.388656
0.407784
0.419851
0.427417
0.434382
0.444838
0.461817
0.486537
0.518444
0.555753
0.596104
0.637142
0.67697
0.71435
0.748556
0.779004
0.804962
0.825631
0.840585
0.850258
0.8561
0.860188
0.864446
0.86985
0.876049
0.881587
0.884634
0.883835
0.878919
0.870859
0.861588
0.853446
0.848544
0.848261
0.852982
0.862098
0.874197
0.887325
0.89931
0.908173
0.912532
0.911794
0.90597
0.895199
0.879291
0.857672
0.829854
0.79617
0.758235
0.718724
0.680499
0.645658
0.615122
0.588903
0.566623
0.547863
0.532248
0.519386
0.50876
0.499595
0.490726
0.480569
0.467252
0.44894
0.4243
0.392942
0.355656
0.314296
0.271327
0.229199
0.189792
0.154153
0.122557
0.0948033
0.0705552
0.0496071
0.0319981
0.0179805
0.007881
0.00191188
0
0
0.00239554
0.00920559
0.0194637
0.0319066
0.0453426
0.0589394
0.0723254
0.0855488
0.0990278
0.113558
0.1303
0.150605
0.175624
0.205801
0.240481
0.277826
0.315101
0.349274
0.377795
0.399377
0.414544
0.425703
0.436586
0.451091
0.471989
0.500156
0.534688
0.573607
0.614653
0.65588
0.695985
0.734288
0.770406
0.803795
0.833512
0.858404
0.877655
0.891336
0.900576
0.90723
0.913164
0.919534
0.926392
0.9328
0.937349
0.938805
0.936592
0.930958
0.922872
0.913774
0.905295
0.898984
0.896061
0.897191
0.902305
0.910552
0.920425
0.930098
0.937832
0.9422
0.941985
0.935808
0.921836
0.897972
0.862642
0.815875
0.760045
0.699686
0.640287
0.58662
0.541547
0.505907
0.479282
0.460818
0.449586
0.444534
0.444319
0.447178
0.450895
0.452889
0.45047
0.441242
0.423585
0.397066
0.362622
0.322399
0.279245
0.236051
0.195138
0.157935
0.124985
0.0962133
0.0712943
0.0499555
0.0321443
0.0180333
0.0078957
0.00191401
0
0
0.00239741
0.00921364
0.0194771
0.0319092
0.0452891
0.0587434
0.0718517
0.0846108
0.0973886
0.110943
0.126435
0.145292
0.168814
0.197648
0.231356
0.268317
0.30601
0.341592
0.372614
0.397698
0.416988
0.4322
0.44619
0.462104
0.482423
0.508336
0.539711
0.575529
0.614424
0.655075
0.696347
0.737187
0.776413
0.812579
0.844113
0.869739
0.888983
0.90248
0.911851
0.919178
0.926291
0.934222
0.943021
0.951991
0.960136
0.966578
0.970774
0.9725
0.971744
0.968657
0.963604
0.957241
0.950502
0.944401
0.939746
0.936909
0.935785
0.935913
0.936628
0.937047
0.93581
0.93074
0.918746
0.896293
0.860513
0.810553
0.748531
0.679461
0.610004
0.54649
0.493183
0.451713
0.421782
0.402356
0.392358
0.390675
0.395822
0.405672
0.417396
0.427668
0.433078
0.430686
0.418567
0.396202
0.364592
0.326024
0.28354
0.240253
0.198742
0.160693
0.126876
0.0973718
0.0719251
0.0502586
0.0322714
0.0180783
0.00790786
0.00191573
0
0
0.00239877
0.00922011
0.0194948
0.0319454
0.0453457
0.0588058
0.0718808
0.0845369
0.0971033
0.110288
0.125199
0.143229
0.1657
0.19337
0.226008
0.262295
0.300078
0.336879
0.370494
0.399515
0.42361
0.443533
0.460855
0.477533
0.495473
0.516229
0.540889
0.570089
0.604026
0.642401
0.684279
0.727967
0.771039
0.81063
0.844007
0.869274
0.88596
0.895195
0.899355
0.901256
0.903258
0.906687
0.911825
0.918358
0.925937
0.934473
0.94404
0.954479
0.965001
0.974095
0.979874
0.980715
0.975898
0.965898
0.952245
0.937052
0.92247
0.910275
0.901581
0.896582
0.894239
0.892029
0.88603
0.871593
0.844596
0.802923
0.747545
0.682627
0.614452
0.549549
0.492867
0.446913
0.412164
0.388148
0.374262
0.36987
0.373888
0.384322
0.398116
0.411428
0.420249
0.421152
0.411936
0.392
0.362357
0.325325
0.283946
0.241332
0.200089
0.161985
0.127915
0.0980899
0.072354
0.0504795
0.0323685
0.0181137
0.00791749
0.0019171
0
0
0.00239953
0.00922409
0.019513
0.0320063
0.0454969
0.0591092
0.0724037
0.0853393
0.0982147
0.111665
0.126671
0.144465
0.166245
0.192766
0.223996
0.259001
0.29614
0.333453
0.369106
0.401729
0.430565
0.455467
0.4768
0.495367
0.512354
0.529297
0.547983
0.570238
0.597593
0.630874
0.669828
0.712898
0.757283
0.799332
0.835267
0.862074
0.878307
0.884496
0.882949
0.876958
0.869718
0.863485
0.859388
0.857892
0.859495
0.865098
0.875735
0.891771
0.912037
0.933505
0.95186
0.96281
0.963536
0.953645
0.935264
0.912293
0.889199
0.869844
0.856709
0.850576
0.850494
0.853844
0.856535
0.853559
0.840049
0.812654
0.770735
0.716774
0.655716
0.593474
0.535259
0.484551
0.443063
0.411403
0.389766
0.378158
0.376074
0.38194
0.392792
0.404538
0.41274
0.413585
0.404658
0.385304
0.356549
0.320672
0.28059
0.239227
0.199013
0.161619
0.127938
0.0982561
0.0725206
0.0505929
0.0324283
0.0181383
0.00792467
0.00191816
0
0
0.00239962
0.00922469
0.0195274
0.0320792
0.0457161
0.0596068
0.0733466
0.0869078
0.100559
0.114835
0.130533
0.148635
0.170116
0.195656
0.225387
0.258782
0.294754
0.331894
0.368741
0.403983
0.436557
0.465701
0.491027
0.512627
0.531169
0.547896
0.564482
0.582757
0.604391
0.630602
0.661905
0.697863
0.736872
0.77614
0.81203
0.840823
0.859698
0.867564
0.865401
0.855905
0.842582
0.828693
0.816599
0.807794
0.803468
0.805056
0.814199
0.831898
0.85727
0.886807
0.914856
0.935286
0.943529
0.938095
0.920972
0.896841
0.871482
0.850015
0.835694
0.829584
0.830886
0.837358
0.845517
0.850826
0.848302
0.833659
0.80463
0.761796
0.708482
0.649715
0.590768
0.535949
0.488122
0.448904
0.419175
0.399418
0.389604
0.388673
0.394039
0.401682
0.406977
0.40585
0.395718
0.375886
0.347393
0.31247
0.273863
0.234217
0.195664
0.159643
0.126938
0.0978466
0.0724055
0.0505893
0.0324481
0.018152
0.00792959
0.00191895
0
0
0.00239901
0.00922116
0.0195338
0.0321501
0.0459685
0.0602275
0.0745818
0.0890297
0.103805
0.119323
0.13617
0.155065
0.176755
0.201834
0.230561
0.262743
0.297728
0.3345
0.371827
0.408407
0.443009
0.474625
0.502636
0.526962
0.548096
0.566987
0.584778
0.602516
0.620993
0.640803
0.662517
0.68673
0.713764
0.743089
0.772868
0.800062
0.821228
0.833669
0.836408
0.830566
0.819
0.805389
0.793167
0.784826
0.781897
0.785473
0.796677
0.816437
0.844441
0.878002
0.911915
0.939722
0.955813
0.957294
0.944844
0.922308
0.89531
0.869479
0.849035
0.836184
0.831274
0.833151
0.839294
0.845804
0.847748
0.840164
0.819477
0.784675
0.737653
0.682563
0.624525
0.5683
0.517449
0.474176
0.439666
0.414521
0.398906
0.392182
0.392315
0.395705
0.39786
0.394624
0.383281
0.363063
0.334988
0.301239
0.26441
0.226884
0.19047
0.156325
0.125057
0.0969243
0.0720318
0.0504759
0.0324301
0.0181556
0.00793257
0.00191953
0
0
0.00239769
0.00921296
0.0195283
0.0322042
0.0462149
0.0608864
0.0759475
0.0914273
0.107518
0.124505
0.14277
0.162812
0.185215
0.210541
0.239158
0.271076
0.305844
0.342566
0.380016
0.416831
0.451732
0.483747
0.512388
0.537725
0.560304
0.580896
0.600166
0.618391
0.635427
0.650988
0.665129
0.67864
0.692988
0.70966
0.729169
0.750349
0.770505
0.786417
0.79566
0.797621
0.793823
0.78748
0.782448
0.781992
0.787972
0.800874
0.820523
0.84669
0.87887
0.915337
0.952366
0.984554
1.00629
1.0136
1.00545
0.983964
0.953654
0.920054
0.888338
0.862361
0.844244
0.834285
0.830927
0.83079
0.829089
0.82064
0.801291
0.769193
0.725347
0.673206
0.617544
0.563109
0.513596
0.471249
0.437077
0.411367
0.394073
0.384706
0.381772
0.382348
0.382437
0.378062
0.366462
0.346749
0.319835
0.287819
0.253173
0.218082
0.184097
0.152116
0.122562
0.0956275
0.071461
0.0502762
0.0323819
0.0181513
0.00793401
0.00191993
0
0
0.00239568
0.00919981
0.0195078
0.0322286
0.0464175
0.0614962
0.0772727
0.0938043
0.111233
0.129711
0.149438
0.170742
0.194126
0.220181
0.249377
0.281806
0.317011
0.353994
0.391401
0.427805
0.461985
0.493145
0.521013
0.545822
0.568151
0.588664
0.607802
0.625558
0.641468
0.654895
0.66554
0.67395
0.681667
0.690808
0.703117
0.718988
0.737058
0.754697
0.769127
0.778595
0.783148
0.784773
0.786856
0.793047
0.805951
0.826343
0.853414
0.8857
0.921731
0.959828
0.99736
1.03039
1.05426
1.06499
1.06058
1.04171
1.01153
0.974721
0.936363
0.900875
0.871298
0.848875
0.832865
0.820623
0.808083
0.790732
0.764883
0.72882
0.683347
0.631522
0.577698
0.52628
0.480669
0.44274
0.41295
0.390895
0.375905
0.367235
0.363694
0.363095
0.362229
0.357621
0.346644
0.328293
0.303287
0.273543
0.241391
0.208872
0.177367
0.147589
0.119809
0.0941497
0.0707841
0.0500261
0.0323151
0.0181417
0.0079344
0.00192019
0
0
0.00239303
0.00918179
0.0194707
0.0322134
0.0465445
0.0619796
0.0784027
0.0958912
0.114529
0.134334
0.155337
0.177727
0.201961
0.228681
0.25844
0.291344
0.326842
0.363795
0.400771
0.436409
0.469696
0.500087
0.527485
0.55213
0.574456
0.594949
0.613997
0.63176
0.648108
0.662728
0.675432
0.686539
0.697097
0.708703
0.722887
0.740328
0.760353
0.781023
0.799778
0.814326
0.82347
0.82765
0.82909
0.831327
0.838075
0.851832
0.873069
0.900521
0.932102
0.965532
0.998313
1.02744
1.04953
1.06146
1.06134
1.04914
1.02668
0.997155
0.964237
0.931314
0.900843
0.873945
0.850223
0.827827
0.803858
0.775144
0.739222
0.69524
0.644386
0.589684
0.535217
0.485063
0.44233
0.408554
0.383666
0.366477
0.355427
0.3491
0.346182
0.345007
0.343248
0.33822
0.327701
0.310688
0.287659
0.260244
0.230539
0.200426
0.171168
0.143365
0.117192
0.0927124
0.0701093
0.0497699
0.032244
0.0181305
0.00793425
0.00192035
0
0
0.00238985
0.00915932
0.0194166
0.0321531
0.046574
0.0622801
0.0792209
0.097485
0.117092
0.137927
0.15985
0.18291
0.207498
0.23428
0.263859
0.296352
0.331161
0.367121
0.402903
0.437415
0.470027
0.500559
0.529114
0.555888
0.58107
0.604851
0.627482
0.649287
0.670598
0.691666
0.712661
0.733796
0.755484
0.778345
0.802952
0.829381
0.856809
0.883412
0.906646
0.923815
0.932783
0.932676
0.924449
0.911056
0.896942
0.886779
0.883943
0.889555
0.902595
0.920713
0.941058
0.960743
0.977125
0.988103
0.992445
0.989977
0.981483
0.968373
0.952242
0.934482
0.91597
0.896852
0.876432
0.853222
0.825233
0.79053
0.747932
0.697627
0.641439
0.5826
0.525125
0.472983
0.429298
0.395738
0.372234
0.357222
0.348365
0.343355
0.340311
0.337632
0.333665
0.326632
0.314987
0.297968
0.275894
0.250043
0.222162
0.193885
0.166334
0.14003
0.115089
0.0915353
0.0695468
0.0495539
0.0321842
0.0181211
0.00793406
0.00192044
0
0
0.00238626
0.00913319
0.0193472
0.0320476
0.0464975
0.0623686
0.0796639
0.0984767
0.118763
0.140277
0.162709
0.185939
0.210243
0.236255
0.264614
0.295502
0.32841
0.362328
0.396196
0.429318
0.461527
0.493069
0.524336
0.555591
0.586841
0.617874
0.64844
0.678464
0.708183
0.738128
0.768952
0.801225
0.835288
0.871207
0.908719
0.947082
0.984859
1.01978
1.04883
1.0687
1.07638
1.06999
1.04953
1.01725
0.977656
0.936675
0.900274
0.872923
0.856555
0.850507
0.852335
0.858969
0.867693
0.876694
0.885145
0.892934
0.900214
0.907016
0.91306
0.917728
0.920091
0.918905
0.912596
0.899347
0.87736
0.845303
0.802829
0.750952
0.69211
0.629854
0.568287
0.511435
0.462664
0.424147
0.396418
0.378252
0.367116
0.360032
0.354356
0.348094
0.339811
0.328431
0.313201
0.29385
0.270752
0.244897
0.217619
0.1902
0.16354
0.138056
0.113814
0.090806
0.0691949
0.0494208
0.03215
0.0181172
0.00793429
0.00192046
0
0
0.0023824
0.00910455
0.0192657
0.0319025
0.0463205
0.0622469
0.0797279
0.0988615
0.119552
0.14144
0.16405
0.187074
0.210629
0.235272
0.26169
0.290234
0.320656
0.352255
0.384305
0.416441
0.448808
0.481942
0.516477
0.552801
0.590773
0.629618
0.66812
0.705116
0.740086
0.773552
0.806982
0.842227
0.880773
0.923209
0.969081
1.01699
1.06471
1.1092
1.1467
1.17302
1.18419
1.17735
1.15158
1.1085
1.05229
0.989098
0.925996
0.869594
0.824756
0.793729
0.776062
0.769426
0.770924
0.778254
0.790199
0.806381
0.826591
0.8502
0.875921
0.901908
0.925958
0.945638
0.958366
0.961558
0.952933
0.930982
0.895433
0.847528
0.789953
0.726454
0.661294
0.598713
0.542465
0.495363
0.458788
0.432347
0.413985
0.400641
0.38916
0.376993
0.362493
0.344857
0.323923
0.299993
0.27371
0.245963
0.217745
0.189953
0.163199
0.137739
0.113572
0.0906563
0.0691264
0.049404
0.0321531
0.0181213
0.00793524
0.00192043
0
0
0.00237844
0.00907482
0.0191769
0.0317283
0.0460622
0.0619463
0.0794648
0.0987311
0.119624
0.141707
0.164368
0.187122
0.209909
0.233198
0.25776
0.284228
0.312763
0.343075
0.37473
0.407484
0.441464
0.477126
0.515031
0.555448
0.59788
0.640783
0.681776
0.718432
0.74938
0.775173
0.79843
0.82306
0.852845
0.890078
0.934947
0.985739
1.03943
1.09213
1.13937
1.17627
1.19808
1.20096
1.18298
1.14484
1.08995
1.0239
0.953521
0.885693
0.826383
0.77978
0.747758
0.729892
0.724207
0.728357
0.740578
0.759906
0.785745
0.817262
0.85304
0.891069
0.928883
0.963665
0.992317
1.01162
1.0186
1.01103
0.987952
0.949978
0.899283
0.839271
0.774096
0.708164
0.645666
0.590083
0.543659
0.506969
0.478816
0.456625
0.437243
0.417798
0.396298
0.371845
0.344497
0.314939
0.284135
0.253059
0.222547
0.193209
0.165385
0.139156
0.114437
0.0911452
0.0693803
0.0495233
0.032201
0.0181354
0.00793706
0.00192032
0
0
0.00237456
0.00904564
0.0190869
0.0315402
0.0457528
0.0615217
0.0789701
0.0982479
0.119252
0.141524
0.164373
0.187177
0.209723
0.232396
0.25607
0.281715
0.309982
0.341039
0.374698
0.410685
0.448845
0.489193
0.531733
0.576037
0.620712
0.663145
0.699879
0.727688
0.744931
0.752616
0.754653
0.757062
0.766236
0.786859
0.820508
0.865643
0.918642
0.974931
1.02961
1.07765
1.11407
1.13445
1.13586
1.11767
1.08188
1.03278
0.975968
0.917401
0.862531
0.815712
0.77976
0.75574
0.743179
0.740727
0.746948
0.760774
0.781459
0.808274
0.840236
0.875999
0.913798
0.951378
0.985938
1.01423
1.03288
1.03892
1.03037
1.00662
0.968577
0.918584
0.860071
0.79717
0.734196
0.675065
0.622695
0.578509
0.542235
0.512102
0.48543
0.459434
0.431951
0.401867
0.369159
0.334611
0.299378
0.26459
0.231108
0.199449
0.169812
0.14216
0.116344
0.0922537
0.0699564
0.0497824
0.0322958
0.0181597
0.0079397
0.00192011
0
0
0.00237096
0.00901877
0.0190024
0.0313559
0.0454302
0.0610436
0.0783641
0.0976079
0.118743
0.14136
0.164764
0.188256
0.211493
0.234765
0.258999
0.285451
0.315246
0.349035
0.386943
0.428739
0.474031
0.522303
0.572694
0.623543
0.671968
0.713866
0.74468
0.76078
0.760923
0.747161
0.724816
0.701512
0.685449
0.683276
0.698281
0.729903
0.774758
0.828217
0.885433
0.941565
0.991679
1.03094
1.05535
1.06273
1.05332
1.02972
0.996156
0.95743
0.918126
0.882003
0.851674
0.828473
0.812581
0.803409
0.800104
0.801932
0.808423
0.819334
0.83454
0.853888
0.876972
0.90285
0.929798
0.955277
0.976175
0.989279
0.991827
0.981988
0.959177
0.924182
0.879116
0.827156
0.772092
0.717696
0.667076
0.622146
0.583368
0.54981
0.519525
0.490168
0.45968
0.426813
0.391344
0.353933
0.315749
0.278039
0.241808
0.207671
0.175873
0.146395
0.119101
0.0938886
0.0708166
0.0501685
0.0324338
0.0181932
0.00794287
0.00191975
0
0
0.00236782
0.00899596
0.0189305
0.0311948
0.0451361
0.0605885
0.0777727
0.0970017
0.118371
0.141591
0.166034
0.190975
0.21595
0.241087
0.267239
0.295799
0.328262
0.365785
0.408965
0.45787
0.51215
0.570985
0.632764
0.694613
0.75209
0.799491
0.830977
0.842289
0.832363
0.804125
0.764094
0.720976
0.683786
0.660027
0.654329
0.667925
0.699147
0.744523
0.799691
0.859694
0.918973
0.971649
1.01238
1.03753
1.04606
1.03957
1.02166
0.996837
0.969407
0.942789
0.919156
0.899423
0.883485
0.870597
0.85981
0.850328
0.841751
0.83419
0.828269
0.824974
0.825337
0.830003
0.83881
0.85057
0.863147
0.873816
0.87974
0.878456
0.868262
0.848516
0.819807
0.783909
0.74347
0.701468
0.660582
0.622688
0.588574
0.557918
0.529484
0.501518
0.472265
0.440478
0.405731
0.368454
0.32969
0.290726
0.252744
0.216597
0.18275
0.15136
0.122416
0.0958964
0.0718894
0.0506533
0.0326057
0.0182336
0.00794605
0.00191921
0
0
0.00236529
0.00897888
0.018878
0.0310759
0.0449114
0.0602302
0.0773103
0.0965856
0.118324
0.142419
0.168367
0.195452
0.223069
0.251093
0.280129
0.311486
0.346848
0.387815
0.435551
0.490661
0.553162
0.622328
0.696301
0.771589
0.842833
0.903225
0.945788
0.965246
0.959795
0.932014
0.888469
0.838171
0.790528
0.75357
0.732886
0.731341
0.74926
0.78479
0.834189
0.892048
0.951641
1.00571
1.0477
1.07321
1.08087
1.07247
1.05215
1.02504
0.996011
0.968657
0.94495
0.925313
0.908998
0.894584
0.880455
0.865208
0.84798
0.828655
0.807934
0.787215
0.768298
0.752938
0.742359
0.73685
0.73562
0.736952
0.738592
0.73819
0.733701
0.723734
0.707824
0.686546
0.661369
0.634234
0.607017
0.581067
0.556978
0.534568
0.512996
0.490973
0.467072
0.440115
0.409508
0.375407
0.338642
0.300455
0.262175
0.224941
0.189555
0.156478
0.12594
0.0980832
0.0730792
0.0511964
0.0327975
0.0182769
0.00794851
0.0019184
0
0
0.00236354
0.00896897
0.018851
0.0310162
0.0447934
0.060034
0.0770711
0.0964699
0.1187
0.143882
0.171686
0.201435
0.232371
0.26403
0.296577
0.330949
0.368693
0.4116
0.461315
0.519072
0.585527
0.66049
0.742486
0.82824
0.912421
0.988005
1.04746
1.08455
1.0961
1.0832
1.05104
1.00777
0.962572
0.923858
0.898
0.888866
0.897838
0.923946
0.963917
1.01227
1.0618
1.10461
1.13372
1.14466
1.13643
1.11157
1.07518
1.03341
0.991892
0.954705
0.923946
0.899874
0.881357
0.866415
0.852737
0.838147
0.820992
0.800431
0.776573
0.750436
0.723732
0.698504
0.676648
0.659411
0.647015
0.638611
0.632555
0.62689
0.619798
0.609972
0.596883
0.580907
0.563203
0.545299
0.528522
0.513553
0.500305
0.488092
0.475873
0.462415
0.446433
0.426779
0.402704
0.374072
0.341431
0.305884
0.268822
0.231633
0.195475
0.161185
0.129313
0.100239
0.0742771
0.0517495
0.0329916
0.0183184
0.00794936
0.00191725
0
0
0.00236266
0.00896739
0.0188544
0.0310299
0.0448127
0.0600527
0.0771268
0.0967248
0.119529
0.145915
0.175777
0.208526
0.243267
0.279128
0.315633
0.352978
0.392105
0.434553
0.482171
0.536793
0.599897
0.672202
0.753149
0.840366
0.929362
1.01376
1.08628
1.14027
1.17139
1.17888
1.16585
1.13853
1.10488
1.07281
1.04883
1.03725
1.04007
1.05695
1.08536
1.12052
1.15576
1.18358
1.19718
1.19223
1.16795
1.12721
1.07558
1.01972
0.965803
0.918367
0.879912
0.850989
0.830602
0.816697
0.806655
0.797756
0.787608
0.774497
0.757626
0.737193
0.714294
0.690651
0.668167
0.648385
0.631972
0.618469
0.606457
0.594044
0.579467
0.561621
0.540431
0.517021
0.493537
0.47253
0.456014
0.44466
0.437642
0.433181
0.429281
0.424153
0.416292
0.404443
0.387668
0.365528
0.338225
0.306612
0.272013
0.235952
0.199881
0.164998
0.132204
0.102159
0.0753724
0.052261
0.0331686
0.0183524
0.00794755
0.00191567
0
0
0.00236276
0.00897492
0.0188917
0.0311269
0.0449918
0.0603256
0.0775293
0.0973957
0.120809
0.148422
0.180401
0.216314
0.255172
0.29565
0.336429
0.376594
0.415982
0.455379
0.496477
0.541575
0.593068
0.652827
0.721535
0.798099
0.879313
0.96001
1.03383
1.09448
1.13721
1.1599
1.16366
1.1525
1.13234
1.10968
1.09032
1.07852
1.07677
1.08572
1.10419
1.12897
1.15478
1.17496
1.18293
1.17399
1.14669
1.10316
1.04845
0.989045
0.931326
0.880342
0.839218
0.809097
0.789435
0.778441
0.773537
0.771801
0.770383
0.766924
0.759886
0.748752
0.734007
0.716914
0.699115
0.682113
0.666736
0.652766
0.638916
0.623186
0.603484
0.578319
0.547416
0.512131
0.475496
0.441671
0.414701
0.396911
0.387939
0.385216
0.385426
0.38568
0.383842
0.378339
0.367981
0.351994
0.330182
0.303035
0.271663
0.237575
0.202384
0.167568
0.134347
0.103669
0.0762636
0.0526812
0.0333087
0.0183732
0.00794199
0.00191359
0
0
0.00236386
0.00899194
0.0189645
0.0313128
0.0453436
0.0608771
0.0783137
0.0985147
0.12254
0.151318
0.185334
0.224376
0.267419
0.312672
0.357852
0.400689
0.439583
0.4742
0.505757
0.536832
0.57072
0.610541
0.658349
0.714418
0.776895
0.841956
0.904497
0.959189
1.00161
1.02919
1.04169
1.04117
1.03145
1.01721
1.00304
0.99282
0.98945
0.994803
1.00943
1.03195
1.05849
1.08298
1.09857
1.0996
1.0833
1.05052
1.00529
0.953528
0.901498
0.854465
0.815958
0.787612
0.769412
0.760072
0.757396
0.758638
0.760923
0.761739
0.759375
0.753161
0.743423
0.73121
0.717905
0.704795
0.692651
0.681372
0.669829
0.656011
0.637506
0.61221
0.57909
0.538815
0.494083
0.449408
0.410153
0.380793
0.363041
0.355264
0.353778
0.354773
0.355321
0.353354
0.347324
0.33608
0.318987
0.296093
0.268169
0.236549
0.202851
0.168705
0.135565
0.104635
0.0768667
0.0529659
0.0333935
0.018375
0.0079316
0.00191092
0
0
0.00236598
0.00901839
0.0190726
0.0315877
0.045871
0.0617159
0.079497
0.100102
0.124721
0.154535
0.190351
0.232225
0.27915
0.328922
0.378334
0.423784
0.462219
0.492118
0.514094
0.53085
0.546453
0.565197
0.590409
0.623556
0.663877
0.70866
0.754006
0.795769
0.830403
0.855564
0.870432
0.875756
0.873618
0.866984
0.859195
0.853599
0.853373
0.861325
0.879265
0.906931
0.941099
0.975787
1.00379
1.01887
1.01752
0.999808
0.968974
0.930146
0.88881
0.84955
0.815463
0.788202
0.76827
0.755245
0.74784
0.744032
0.741452
0.737994
0.732367
0.724305
0.714395
0.703656
0.693137
0.683645
0.675582
0.668769
0.662261
0.654265
0.642346
0.623973
0.597285
0.561872
0.51931
0.473231
0.428728
0.391011
0.363606
0.347018
0.338972
0.335997
0.334879
0.333115
0.328752
0.320225
0.306445
0.286998
0.262242
0.23321
0.201376
0.168374
0.135776
0.104976
0.0771216
0.0530802
0.033407
0.0183528
0.00791537
0.00190759
0
0
0.00236908
0.00905376
0.019214
0.0319467
0.046566
0.0628333
0.0810736
0.102156
0.127339
0.157994
0.195209
0.239302
0.289342
0.342852
0.395936
0.44398
0.482823
0.510017
0.525694
0.532634
0.535486
0.53941
0.548605
0.565239
0.589147
0.618337
0.649909
0.680917
0.70889
0.73205
0.749393
0.760743
0.76681
0.769151
0.770042
0.772286
0.77898
0.793088
0.816577
0.84926
0.888028
0.927211
0.960113
0.981001
0.986686
0.977155
0.955144
0.924932
0.890923
0.856616
0.8243
0.795328
0.770488
0.750094
0.733788
0.720446
0.708487
0.696528
0.683965
0.671112
0.658834
0.647979
0.638994
0.631922
0.626615
0.622848
0.620153
0.617461
0.612894
0.603962
0.588217
0.56411
0.531739
0.493178
0.452205
0.413392
0.380737
0.356398
0.340229
0.330386
0.324389
0.319806
0.314448
0.30641
0.294209
0.277011
0.254749
0.228089
0.198232
0.166675
0.134988
0.104661
0.0769941
0.053
0.0333375
0.0183025
0.00789244
0.00190351
0
0
0.00237307
0.00909715
0.0193848
0.03238
0.04741
0.0642012
0.0830094
0.10464
0.130347
0.161595
0.199658
0.245066
0.297013
0.352953
0.408695
0.459146
0.499604
0.527174
0.541755
0.546166
0.545308
0.544656
0.548642
0.55959
0.57761
0.601329
0.628831
0.658272
0.688013
0.716498
0.742206
0.763881
0.780935
0.79379
0.803958
0.813809
0.826111
0.843366
0.86698
0.896445
0.928936
0.959736
0.983463
0.995627
0.993891
0.978584
0.952343
0.919071
0.882701
0.846282
0.811712
0.780033
0.75183
0.72737
0.706446
0.688265
0.671706
0.65588
0.640607
0.626413
0.614053
0.603904
0.595706
0.588821
0.582753
0.577503
0.573433
0.570706
0.568644
0.565482
0.558748
0.546104
0.526246
0.499483
0.46778
0.43425
0.402258
0.374482
0.352288
0.335654
0.323506
0.314157
0.30565
0.296024
0.283606
0.267265
0.246573
0.221803
0.193803
0.163813
0.133283
0.103709
0.0764762
0.0527136
0.0331773
0.018221
0.00786217
0.00189866
0
0
0.00237785
0.0091473
0.0195797
0.0328733
0.0483742
0.0657725
0.0852389
0.107473
0.133648
0.165207
0.203483
0.249132
0.301501
0.358198
0.41516
0.467395
0.510266
0.540892
0.559118
0.567617
0.571039
0.574531
0.582248
0.596518
0.617914
0.645918
0.679559
0.717632
0.758522
0.800015
0.839425
0.874129
0.902293
0.923432
0.938547
0.949795
0.959804
0.970872
0.984212
0.999439
1.01444
1.02578
1.02961
1.02278
1.00389
0.973683
0.934871
0.891361
0.847188
0.805609
0.768659
0.737216
0.711353
0.690623
0.674155
0.660713
0.648925
0.637676
0.626432
0.615246
0.604434
0.594156
0.584208
0.574188
0.563895
0.553663
0.544358
0.536933
0.53176
0.528134
0.524296
0.518001
0.507314
0.491257
0.47008
0.445128
0.418429
0.392142
0.368055
0.347235
0.329886
0.315394
0.302526
0.289734
0.275504
0.258647
0.238498
0.214969
0.188517
0.160049
0.130798
0.102175
0.075583
0.0522207
0.0329237
0.0181069
0.00782414
0.00189298
0
0
0.00238329
0.00920266
0.0197921
0.0334086
0.0494212
0.0674837
0.0876684
0.110535
0.137102
0.168686
0.206552
0.251383
0.302689
0.358399
0.414927
0.467838
0.513001
0.547837
0.572154
0.58821
0.599959
0.611817
0.627503
0.64944
0.678783
0.715758
0.759895
0.809966
0.863787
0.918177
0.969301
1.01337
1.04746
1.07023
1.08215
1.08528
1.08258
1.07709
1.07098
1.06505
1.05856
1.04948
1.03523
1.01352
0.983215
0.944819
0.900507
0.853667
0.808107
0.767207
0.733276
0.7073
0.68908
0.677559
0.671144
0.667941
0.665955
0.663313
0.658498
0.65053
0.639051
0.6243
0.606997
0.588176
0.56902
0.550725
0.534379
0.520794
0.510279
0.502469
0.496326
0.49039
0.483152
0.473393
0.460399
0.444056
0.424834
0.403678
0.381791
0.36034
0.340156
0.321536
0.304202
0.287422
0.270238
0.251711
0.231125
0.208125
0.182792
0.155665
0.127697
0.100142
0.0743483
0.051532
0.0325788
0.0179601
0.00777824
0.00188646
0
0
0.0023892
0.00926146
0.0200145
0.0339654
0.0505082
0.0692599
0.0901851
0.113674
0.14054
0.171889
0.208825
0.251985
0.301038
0.354336
0.408962
0.461276
0.507844
0.546442
0.57672
0.600272
0.620086
0.639665
0.662205
0.690109
0.724865
0.767081
0.816484
0.871803
0.93064
0.989512
1.04416
1.09018
1.12375
1.1425
1.14599
1.13597
1.11595
1.09041
1.06368
1.03889
1.01736
0.998594
0.980767
0.961556
0.938996
0.912147
0.88142
0.848507
0.815962
0.78656
0.762625
0.74554
0.735576
0.732036
0.733569
0.738456
0.74475
0.750311
0.752827
0.749986
0.739864
0.721456
0.695139
0.662771
0.627311
0.592058
0.559821
0.532366
0.510274
0.493161
0.480063
0.469788
0.461158
0.45309
0.444592
0.434749
0.422805
0.408306
0.391243
0.372061
0.351505
0.330368
0.309248
0.288391
0.267672
0.246671
0.224837
0.201683
0.176983
0.150922
0.12415
0.0977055
0.0728196
0.0506673
0.0321489
0.0177821
0.00772462
0.00187912
0
0
0.00239543
0.00932182
0.020239
0.0345219
0.0515893
0.0710215
0.0926694
0.116736
0.143794
0.174693
0.21033
0.251279
0.297384
0.347472
0.399362
0.45024
0.497325
0.538598
0.573325
0.602175
0.62694
0.650008
0.673835
0.700567
0.731831
0.768645
0.811323
0.859354
0.911253
0.964453
1.01533
1.05946
1.09222
1.10965
1.1096
1.09255
1.06195
1.02364
0.984477
0.950605
0.925988
0.911761
0.906522
0.907241
0.910317
0.912478
0.91141
0.906105
0.896902
0.885234
0.873135
0.862652
0.855372
0.852209
0.853462
0.858975
0.868171
0.879804
0.891537
0.89974
0.899929
0.887923
0.861255
0.820161
0.767654
0.708712
0.648964
0.593452
0.54579
0.507806
0.479565
0.459724
0.446195
0.436866
0.430004
0.424165
0.41789
0.409626
0.398034
0.382424
0.362969
0.340568
0.316464
0.291821
0.267411
0.243477
0.219797
0.195897
0.171348
0.146037
0.120314
0.0949668
0.0710535
0.0496536
0.0316446
0.0175757
0.00766371
0.00187098
0
0
0.00240177
0.00938184
0.0204577
0.0350566
0.0526197
0.0726914
0.0950088
0.11958
0.14672
0.177007
0.211133
0.249636
0.292592
0.339356
0.38849
0.437928
0.485367
0.52875
0.566675
0.598624
0.624948
0.646696
0.665373
0.682723
0.700583
0.720783
0.745058
0.77488
0.811131
0.853561
0.900151
0.946723
0.987273
1.01524
1.02544
1.01598
0.989302
0.951931
0.912795
0.880747
0.862152
0.859557
0.871848
0.895397
0.925341
0.956529
0.984225
1.00472
1.01587
1.01738
1.01075
0.998772
0.984865
0.972364
0.964132
0.962436
0.968832
0.98366
1.00511
1.02842
1.04627
1.0505
1.03461
0.995725
0.935373
0.8588
0.773522
0.687718
0.608951
0.543151
0.493615
0.460246
0.439961
0.428512
0.422359
0.419146
0.416939
0.413496
0.406425
0.39396
0.375609
0.352195
0.325411
0.29717
0.269041
0.241921
0.215978
0.190858
0.166033
0.141163
0.11632
0.0920229
0.0691118
0.0485235
0.0310791
0.0173447
0.00759618
0.00186208
0
0
0.00240803
0.00943968
0.0206632
0.0355496
0.0535583
0.0742009
0.097108
0.122097
0.149225
0.178801
0.211327
0.247357
0.287268
0.331002
0.37786
0.42643
0.474699
0.520341
0.561088
0.595098
0.621235
0.639215
0.649632
0.653898
0.654174
0.653351
0.655066
0.663606
0.683345
0.717387
0.76569
0.823812
0.883402
0.934462
0.968407
0.980769
0.972597
0.950087
0.922526
0.899322
0.887336
0.889642
0.905925
0.933637
0.96891
1.00701
1.04267
1.07073
1.0871
1.08968
1.07898
1.05802
1.03165
1.00547
0.984811
0.974107
0.976592
0.993732
1.02406
1.06205
1.09827
1.12154
1.12202
1.09402
1.03723
0.956384
0.859755
0.757315
0.659179
0.574313
0.509041
0.465326
0.440254
0.428145
0.423729
0.423508
0.4249
0.425072
0.420916
0.410001
0.391467
0.366188
0.336257
0.304189
0.272186
0.241675
0.213179
0.186496
0.161068
0.136386
0.112271
0.0889654
0.0670591
0.0473135
0.0304682
0.017094
0.0075229
0.00185251
0
0
0.00241403
0.00949365
0.0208491
0.0359841
0.054371
0.0754948
0.098895
0.124217
0.151275
0.180115
0.211061
0.244699
0.281734
0.322716
0.367656
0.415701
0.464988
0.512797
0.555969
0.591468
0.616954
0.631218
0.634402
0.628005
0.614788
0.598733
0.585137
0.580676
0.592748
0.627311
0.685735
0.763023
0.848944
0.931107
0.998348
1.04343
1.06447
1.06467
1.05063
1.02991
1.009
0.992403
0.982677
0.980903
0.986862
0.998842
1.01347
1.02604
1.03156
1.02623
1.0087
0.980767
0.947077
0.914034
0.888284
0.875365
0.878905
0.900127
0.937115
0.983984
1.03101
1.06646
1.07965
1.06378
1.0175
0.944878
0.853982
0.755022
0.658593
0.57425
0.50901
0.465668
0.442096
0.432984
0.432835
0.437421
0.443224
0.446576
0.44386
0.432513
0.411855
0.383157
0.349032
0.312533
0.276339
0.242248
0.211031
0.182601
0.156388
0.131741
0.10825
0.0858805
0.064961
0.0460618
0.0298288
0.0168287
0.00744486
0.00184234
0
0
0.0024196
0.00954228
0.0210102
0.036347
0.0550321
0.0765332
0.100323
0.125908
0.15289
0.181068
0.210576
0.241989
0.276279
0.314524
0.357367
0.404417
0.453902
0.502736
0.547047
0.582957
0.607416
0.618876
0.617642
0.605897
0.587503
0.567769
0.553345
0.552051
0.571996
0.619321
0.695347
0.795182
0.908611
1.02238
1.12298
1.19931
1.2448
1.25813
1.24266
1.20481
1.15228
1.09258
1.03231
0.97684
0.930204
0.894768
0.870767
0.855985
0.846132
0.83613
0.82189
0.801852
0.777669
0.753827
0.736277
0.730533
0.739957
0.764869
0.802412
0.846762
0.889648
0.921665
0.934371
0.922488
0.885271
0.826535
0.753476
0.674916
0.599633
0.53509
0.486437
0.455687
0.441565
0.440492
0.448053
0.45975
0.470986
0.477183
0.474496
0.460759
0.436001
0.402264
0.362834
0.32128
0.280637
0.242919
0.209012
0.178868
0.151872
0.127237
0.10433
0.0828531
0.0628833
0.044807
0.0291779
0.0165543
0.00736314
0.00183167
0
0
0.00242458
0.00958441
0.0211427
0.0366299
0.0555261
0.0772927
0.101368
0.127167
0.154126
0.181826
0.210191
0.239699
0.271435
0.306826
0.346998
0.391974
0.440132
0.488253
0.532143
0.567595
0.591407
0.60218
0.600749
0.590193
0.575506
0.563082
0.56013
0.573949
0.610901
0.675026
0.766613
0.881227
1.00959
1.13855
1.25328
1.34008
1.38921
1.39662
1.36413
1.29838
1.20881
1.1058
0.999159
0.897244
0.806666
0.732302
0.677349
0.642971
0.627541
0.626353
0.632718
0.640173
0.644617
0.645434
0.645311
0.648764
0.659796
0.679731
0.70635
0.734585
0.758008
0.770405
0.767184
0.746503
0.709784
0.661374
0.607417
0.554384
0.507838
0.471749
0.448345
0.438212
0.440415
0.45257
0.470965
0.490832
0.506906
0.51431
0.509576
0.491406
0.460864
0.420919
0.375551
0.328765
0.283809
0.242769
0.206523
0.174972
0.147408
0.122894
0.100592
0.0799695
0.0608901
0.0435855
0.0285314
0.0162757
0.00727882
0.00182061
0
0
0.00242882
0.00961916
0.0212447
0.0368292
0.0558476
0.0777663
0.102025
0.128005
0.155043
0.182548
0.21023
0.238375
0.267992
0.300623
0.337699
0.37964
0.425193
0.471428
0.514424
0.550315
0.57634
0.591603
0.597392
0.597024
0.595295
0.597743
0.609944
0.636984
0.682993
0.750475
0.839309
0.945709
1.06173
1.1758
1.27445
1.34488
1.37767
1.36864
1.31946
1.23682
1.13073
1.01255
0.893377
0.782678
0.687516
0.612312
0.559484
0.530513
0.52598
0.543798
0.577621
0.617936
0.655153
0.682491
0.697505
0.702056
0.700797
0.698588
0.697922
0.697761
0.694402
0.683549
0.662258
0.630002
0.588789
0.542644
0.49679
0.456796
0.42765
0.412661
0.412562
0.425556
0.448259
0.476596
0.506087
0.531913
0.549276
0.554177
0.544284
0.519499
0.481951
0.4354
0.384308
0.332889
0.284411
0.240876
0.203043
0.170685
0.142961
0.118781
0.0971359
0.0773181
0.0590409
0.0424291
0.0279027
0.0159974
0.00719292
0.00180928
0
0
0.00243224
0.009646
0.0213155
0.0369465
0.0560018
0.0779626
0.102306
0.128438
0.155673
0.183314
0.21088
0.238405
0.266656
0.297055
0.331148
0.369746
0.412211
0.45639
0.499264
0.537957
0.570632
0.596958
0.618057
0.636019
0.653262
0.672101
0.694768
0.723713
0.761677
0.811048
0.872536
0.943919
1.01966
1.09161
1.15054
1.18794
1.19778
1.17771
1.12945
1.05831
0.972183
0.88038
0.792505
0.717255
0.660966
0.626369
0.612778
0.618076
0.640614
0.67881
0.728885
0.783418
0.832441
0.866307
0.878614
0.868005
0.838391
0.79758
0.754611
0.716539
0.686022
0.661018
0.636642
0.60775
0.570976
0.525977
0.476248
0.429507
0.396602
0.387072
0.402675
0.436341
0.478032
0.519557
0.555259
0.58105
0.593755
0.5912
0.572711
0.539483
0.494496
0.441933
0.386336
0.331778
0.28129
0.236627
0.198331
0.165996
0.138634
0.115035
0.0940815
0.0749826
0.057384
0.0413614
0.0273015
0.0157229
0.00710638
0.0017978
0
0
0.00243474
0.00966471
0.0213562
0.0369876
0.0560031
0.0779051
0.102235
0.128482
0.156009
0.184089
0.212095
0.239787
0.26758
0.296583
0.328255
0.363706
0.403018
0.445099
0.488193
0.530706
0.571809
0.611483
0.650029
0.687412
0.722862
0.755069
0.782904
0.806285
0.826626
0.84639
0.867769
0.891231
0.914986
0.935741
0.950127
0.95583
0.951965
0.938834
0.917504
0.889627
0.857678
0.825473
0.798432
0.782847
0.783785
0.80262
0.836309
0.879303
0.926388
0.974114
1.01999
1.06053
1.08995
1.101
1.08732
1.04628
0.98078
0.899538
0.815659
0.743384
0.692951
0.665443
0.65209
0.639479
0.616193
0.576945
0.524297
0.469015
0.428302
0.418282
0.441707
0.486237
0.536135
0.580304
0.612706
0.630427
0.632201
0.617871
0.588437
0.546196
0.4946
0.437781
0.379889
0.324473
0.274066
0.230021
0.192593
0.161183
0.134687
0.111847
0.0915504
0.0730282
0.0559497
0.040395
0.0267332
0.0154542
0.00702002
0.00178629
0
0
0.00243628
0.00967536
0.0213693
0.0369622
0.0558747
0.077631
0.101855
0.128156
0.156011
0.184731
0.213592
0.242087
0.27021
0.29861
0.32845
0.36093
0.39672
0.435721
0.477379
0.521263
0.567394
0.615982
0.666694
0.717969
0.766849
0.809507
0.842293
0.862895
0.871126
0.868918
0.859386
0.845478
0.829185
0.812016
0.796269
0.785732
0.784698
0.795677
0.817711
0.846968
0.879193
0.912165
0.946697
0.985733
1.03196
1.08527
1.1418
1.19531
1.23982
1.27175
1.29017
1.29529
1.28618
1.25991
1.21263
1.14228
1.05128
0.947984
0.846411
0.763474
0.712443
0.694594
0.697149
0.701303
0.691963
0.662713
0.616944
0.56696
0.530344
0.521427
0.541401
0.578534
0.618068
0.649347
0.66683
0.668568
0.654665
0.626401
0.585913
0.536072
0.48028
0.422121
0.364933
0.311432
0.263448
0.221836
0.186532
0.156787
0.131475
0.109416
0.0896295
0.0714827
0.0547425
0.0395293
0.0261979
0.0151926
0.00693451
0.00177488
0
0
0.00243684
0.00967829
0.0213578
0.0368828
0.0556461
0.0771897
0.101222
0.127498
0.155644
0.185062
0.21498
0.244641
0.273593
0.301926
0.330322
0.359813
0.391359
0.425563
0.46276
0.503389
0.548188
0.59787
0.652349
0.709996
0.767403
0.819864
0.862427
0.891159
0.904212
0.902221
0.887858
0.864811
0.836988
0.808665
0.785375
0.774248
0.782391
0.813583
0.866041
0.933482
1.00831
1.08433
1.15779
1.22702
1.29112
1.34854
1.3963
1.43052
1.44795
1.44757
1.4309
1.40075
1.35916
1.306
1.23957
1.15893
1.06664
0.97043
0.882999
0.81873
0.787016
0.785607
0.801021
0.816253
0.818448
0.802559
0.771753
0.735563
0.705806
0.690875
0.691416
0.700995
0.710742
0.713504
0.705318
0.684996
0.65318
0.611567
0.562455
0.508467
0.452315
0.396572
0.343458
0.294669
0.251247
0.213527
0.18119
0.153452
0.129323
0.107857
0.0883284
0.0703195
0.053736
0.0387497
0.025691
0.014938
0.00685045
0.00176369
0
0
0.00243644
0.00967403
0.0213256
0.0367631
0.0553506
0.0766402
0.100416
0.126574
0.154911
0.184957
0.215934
0.246882
0.276927
0.305579
0.332935
0.359662
0.386739
0.415161
0.445857
0.479857
0.518477
0.563151
0.614806
0.673061
0.735692
0.798728
0.857187
0.906244
0.942413
0.964304
0.97268
0.969925
0.959442
0.945479
0.933371
0.929529
0.940408
0.970469
1.02034
1.08654
1.16284
1.24218
1.31817
1.38586
1.44186
1.48398
1.51084
1.52171
1.51684
1.49782
1.46737
1.42832
1.38239
1.3297
1.26967
1.20281
1.13246
1.06533
1.01035
0.975614
0.964379
0.972781
0.991218
1.00845
1.0156
1.00834
0.987255
0.956577
0.921886
0.887628
0.855556
0.824753
0.792912
0.757793
0.718084
0.673561
0.624857
0.573149
0.519888
0.466579
0.414625
0.365212
0.319267
0.277418
0.239956
0.20681
0.177578
0.151649
0.128358
0.107126
0.0875488
0.06945
0.0528733
0.0380291
0.0252042
0.0146896
0.00676834
0.00175283
0
0
0.00243513
0.00966328
0.0212767
0.0366169
0.055022
0.0760461
0.0995302
0.125491
0.153894
0.184417
0.216338
0.248579
0.279937
0.309423
0.336579
0.36164
0.385453
0.409239
0.434362
0.462288
0.494687
0.533461
0.580456
0.636833
0.702309
0.774714
0.850143
0.923723
0.990737
1.04763
1.09256
1.1254
1.14742
1.16085
1.16864
1.17429
1.1815
1.19368
1.21334
1.24148
1.27737
1.31858
1.36165
1.40284
1.43903
1.46825
1.48973
1.50369
1.51091
1.51226
1.5082
1.49842
1.48196
1.45776
1.42559
1.38684
1.34476
1.30411
1.27003
1.24655
1.23518
1.23413
1.23876
1.24288
1.2405
1.22713
1.2005
1.16048
1.10865
1.04754
0.980106
0.909206
0.83736
0.766584
0.698352
0.633636
0.573009
0.51675
0.464917
0.417378
0.373835
0.333891
0.297139
0.263235
0.231917
0.202974
0.176208
0.151415
0.128394
0.10698
0.0870826
0.0687313
0.0520741
0.0373322
0.0247269
0.0144463
0.00668865
0.00174241
0
0
0.00243297
0.00964683
0.0212149
0.0364564
0.0546908
0.0754689
0.0986646
0.124386
0.152743
0.183585
0.21631
0.249846
0.282835
0.313965
0.34236
0.367869
0.391155
0.413544
0.436739
0.462539
0.492716
0.529049
0.57337
0.627399
0.692251
0.76774
0.851893
0.941008
1.03032
1.11498
1.19094
1.25539
1.30681
1.34466
1.36906
1.38066
1.38056
1.3706
1.35351
1.33308
1.31389
1.30066
1.29731
1.30621
1.3279
1.36151
1.40531
1.45704
1.51382
1.57196
1.6269
1.67354
1.70704
1.72371
1.72188
1.7024
1.66861
1.62574
1.57973
1.53597
1.49809
1.46733
1.44239
1.41994
1.39538
1.36386
1.32119
1.26472
1.19382
1.11009
1.01702
0.919312
0.821972
0.729424
0.64494
0.570427
0.506503
0.452735
0.407904
0.370273
0.337864
0.308756
0.281383
0.254723
0.228341
0.202267
0.176789
0.152251
0.12893
0.107014
0.0866453
0.0679889
0.051247
0.0366206
0.0242483
0.0142071
0.0066119
0.00173253
0
0
0.00243007
0.00962555
0.0211434
0.0362911
0.0543805
0.0749584
0.0979112
0.1234
0.151653
0.18269
0.2161
0.250958
0.285948
0.31966
0.350986
0.379472
0.405507
0.430289
0.455549
0.483148
0.514709
0.551508
0.594637
0.645272
0.704707
0.773968
0.85308
0.940425
1.03262
1.12502
1.21254
1.29051
1.35508
1.40343
1.43369
1.44488
1.43696
1.41111
1.37013
1.31889
1.26449
1.216
1.18336
1.17546
1.19798
1.252
1.33425
1.43831
1.5559
1.67754
1.79303
1.89199
1.96498
2.00496
2.00878
1.97816
1.91954
1.84269
1.75836
1.67601
1.60206
1.53927
1.48698
1.44184
1.39879
1.35213
1.29667
1.22885
1.14749
1.05405
0.95228
0.847383
0.744938
0.649907
0.565958
0.495183
0.438105
0.393844
0.360346
0.334713
0.313699
0.294296
0.274278
0.252483
0.228779
0.203752
0.178296
0.153261
0.129279
0.106748
0.0859309
0.0670463
0.050304
0.0358598
0.0237596
0.0139719
0.00653863
0.0017233
0
0
0.00242654
0.00960033
0.0210649
0.0361268
0.0541041
0.0745446
0.0973326
0.122648
0.150796
0.181952
0.215933
0.252069
0.289255
0.326187
0.361702
0.395113
0.426433
0.456404
0.486312
0.517611
0.551513
0.58875
0.629668
0.674588
0.724171
0.779471
0.841525
0.910592
0.985462
1.06321
1.13956
1.20961
1.26863
1.31274
1.33922
1.34668
1.33508
1.30582
1.26202
1.20874
1.15333
1.10537
1.07604
1.07633
1.11414
1.19156
1.30431
1.44319
1.59611
1.7494
1.88868
1.99984
2.07076
2.09347
2.06629
1.99481
1.89114
1.77128
1.65136
1.54402
1.45619
1.38876
1.33782
1.2966
1.25737
1.213
1.15814
1.09008
1.009
0.917719
0.820904
0.724033
0.632381
0.55024
0.480495
0.424515
0.382216
0.352163
0.331697
0.317267
0.30506
0.291792
0.275355
0.25506
0.231438
0.205734
0.179346
0.153427
0.128744
0.105737
0.0846714
0.0657566
0.0491758
0.0350251
0.0232562
0.0137412
0.00646951
0.00171479
0
0
0.00242252
0.00957209
0.0209814
0.0359656
0.0538628
0.0742311
0.0969452
0.122175
0.150253
0.181471
0.215855
0.253022
0.29217
0.332233
0.37215
0.411126
0.448817
0.485363
0.521279
0.557216
0.593668
0.630743
0.668161
0.705503
0.742599
0.779843
0.818241
0.859091
0.903354
0.950939
1.00025
1.04829
1.09122
1.12524
1.14737
1.15592
1.15066
1.13287
1.10539
1.07276
1.04127
1.01881
1.01419
1.03575
1.08913
1.17521
1.2894
1.42239
1.56157
1.69245
1.79996
1.87013
1.89234
1.86179
1.78149
1.66276
1.52364
1.38524
1.26669
1.18006
1.12748
1.10217
1.0926
1.08671
1.07432
1.0482
1.00449
0.942907
0.866414
0.780423
0.691522
0.606127
0.52943
0.464829
0.413858
0.376424
0.351127
0.335488
0.326154
0.319283
0.311212
0.299206
0.281989
0.259805
0.23401
0.20641
0.17865
0.151892
0.126788
0.103659
0.082684
0.0640259
0.0478233
0.0341062
0.022739
0.0135173
0.00640529
0.00170708
0
0
0.00241817
0.00954174
0.0208942
0.035806
0.0536463
0.073993
0.0967098
0.121932
0.149974
0.18117
0.215685
0.253367
0.293705
0.335932
0.379227
0.422901
0.466476
0.509642
0.552137
0.593629
0.633604
0.671285
0.705643
0.735562
0.760165
0.779199
0.79337
0.804477
0.815241
0.828696
0.847224
0.8716
0.900583
0.931341
0.960421
0.984727
1.00218
1.01205
1.0152
1.01416
1.01305
1.01711
1.03189
1.06212
1.11044
1.17642
1.25599
1.34153
1.42264
1.48725
1.52329
1.52073
1.47399
1.38409
1.26001
1.11851
0.982182
0.87481
0.813389
0.799805
0.821043
0.858853
0.897884
0.927441
0.940354
0.932111
0.900898
0.848011
0.777907
0.69752
0.614921
0.537724
0.471752
0.420273
0.38393
0.361196
0.349062
0.343667
0.340808
0.336481
0.327528
0.312221
0.290525
0.263858
0.234418
0.204381
0.17534
0.148154
0.123138
0.10037
0.0799005
0.061829
0.0462449
0.0331114
0.0222155
0.0133037
0.00634677
0.00170022
0
0
0.00241365
0.00951021
0.0208042
0.0356439
0.0534349
0.0737815
0.096537
0.121786
0.149777
0.180808
0.215076
0.252544
0.292901
0.33566
0.380337
0.426574
0.47408
0.522408
0.570717
0.617705
0.661711
0.700881
0.733342
0.757399
0.771821
0.776215
0.771384
0.759597
0.744689
0.731893
0.727144
0.735679
0.760259
0.800074
0.851092
0.907492
0.963219
1.01315
1.05389
1.08421
1.10514
1.11961
1.1315
1.14456
1.16127
1.18195
1.20431
1.22346
1.23242
1.22315
1.18822
1.12287
1.02704
0.906968
0.775976
0.654019
0.564919
0.52717
0.540279
0.58594
0.644587
0.70385
0.756836
0.798729
0.825076
0.831831
0.816444
0.779076
0.723198
0.65522
0.583237
0.515354
0.458109
0.415378
0.387943
0.373761
0.368808
0.368119
0.366745
0.360571
0.347007
0.325428
0.297135
0.264749
0.231229
0.198931
0.16913
0.14215
0.117824
0.0959272
0.0763772
0.0592154
0.0444807
0.0320678
0.0216999
0.013105
0.00629479
0.00169425
0
0
0.00240911
0.00947843
0.0207122
0.0354741
0.0532042
0.0735335
0.0963042
0.121539
0.14939
0.180051
0.213649
0.250135
0.289271
0.330756
0.374433
0.420381
0.468706
0.519086
0.570338
0.620364
0.666481
0.705932
0.736301
0.755816
0.763602
0.759948
0.746487
0.726201
0.703295
0.683153
0.67239
0.678404
0.707551
0.762222
0.839039
0.929721
1.02366
1.11048
1.18186
1.2327
1.26146
1.26991
1.26216
1.24337
1.21829
1.19016
1.15997
1.12622
1.08541
1.03307
0.965328
0.880719
0.781677
0.675344
0.573294
0.489828
0.437907
0.4227
0.4386
0.475
0.523019
0.576542
0.6304
0.679061
0.716584
0.737504
0.738114
0.717592
0.678487
0.626335
0.568487
0.512567
0.464997
0.42987
0.408305
0.398417
0.396002
0.39571
0.392302
0.381741
0.362001
0.333428
0.298472
0.260768
0.223858
0.190113
0.16035
0.13426
0.111169
0.0905752
0.0722901
0.0563082
0.0426113
0.0310208
0.0212116
0.0129269
0.00625011
0.0016892
0
0
0.00240473
0.00944736
0.0206193
0.035292
0.0529302
0.0731843
0.0958825
0.120983
0.148528
0.178577
0.211128
0.246035
0.283019
0.321829
0.362486
0.405373
0.450945
0.499075
0.548458
0.596559
0.640177
0.676271
0.702637
0.718292
0.723648
0.720555
0.712108
0.702075
0.694159
0.691776
0.698858
0.720979
0.764803
0.834783
0.929248
1.03951
1.15248
1.25447
1.33423
1.38476
1.40393
1.394
1.36061
1.3112
1.25348
1.19411
1.13751
1.08531
1.03642
0.987979
0.936863
0.881257
0.821693
0.761237
0.704803
0.657833
0.624816
0.608167
0.607814
0.621462
0.645244
0.6744
0.70381
0.728372
0.743406
0.745217
0.731786
0.703333
0.662452
0.613667
0.562544
0.514639
0.474569
0.445251
0.427331
0.418953
0.41613
0.41373
0.406719
0.391369
0.366152
0.332094
0.292389
0.251293
0.212658
0.178732
0.149874
0.125232
0.103739
0.0847181
0.0679212
0.0532977
0.0407537
0.0300306
0.0207737
0.012775
0.00621337
0.00168504
0
0
0.00240065
0.00941795
0.0205268
0.0350949
0.0525947
0.0726817
0.0951646
0.119944
0.146964
0.176167
0.207427
0.240491
0.274989
0.31059
0.347242
0.385281
0.425159
0.466788
0.508939
0.549213
0.584727
0.613118
0.633352
0.646098
0.653694
0.659785
0.66854
0.68346
0.706394
0.737807
0.778502
0.831346
0.900828
0.98983
1.09584
1.20985
1.31868
1.40884
1.46992
1.49649
1.48857
1.45083
1.39123
1.31939
1.24515
1.17723
1.12207
1.0828
1.05895
1.04721
1.04291
1.04157
1.0399
1.03625
1.03044
1.0233
1.01595
1.00905
1.00244
0.995097
0.985432
0.971649
0.95196
0.92477
0.888942
0.844196
0.791502
0.733207
0.672707
0.613771
0.559843
0.513612
0.476875
0.450413
0.433708
0.42465
0.419608
0.414033
0.403458
0.384604
0.356293
0.319833
0.278633
0.237059
0.19891
0.166206
0.138969
0.116057
0.0962635
0.0788793
0.0636392
0.0504292
0.0390522
0.0291659
0.0204101
0.0126545
0.00618498
0.00168176
0
0
0.00239703
0.00939116
0.0204368
0.0348835
0.0521899
0.0719968
0.0940885
0.118324
0.14459
0.172767
0.202679
0.234034
0.266402
0.299302
0.332369
0.365458
0.398503
0.431122
0.46227
0.490312
0.513654
0.531627
0.545141
0.556823
0.570569
0.590642
0.620514
0.661913
0.714749
0.778203
0.852258
0.938276
1.0376
1.14879
1.26548
1.37672
1.46968
1.53307
1.56
1.5493
1.50529
1.43636
1.35315
1.26685
1.18793
1.1252
1.08479
1.06925
1.07712
1.10361
1.14197
1.18503
1.22632
1.26076
1.28503
1.29747
1.29774
1.28636
1.26427
1.23262
1.19257
1.14514
1.091
1.03049
0.963964
0.892279
0.817367
0.742286
0.670687
0.605908
0.550215
0.504614
0.469132
0.443133
0.425338
0.413641
0.405035
0.395867
0.382479
0.362091
0.333667
0.298357
0.259226
0.220207
0.184671
0.15432
0.129057
0.107816
0.0895484
0.0736568
0.0598734
0.047984
0.0376633
0.028495
0.0201422
0.0125692
0.00616503
0.00167931
0
0
0.00239399
0.00936792
0.020352
0.0346626
0.0517211
0.0711324
0.0926528
0.116126
0.141441
0.168511
0.197223
0.227364
0.258534
0.290112
0.321291
0.351151
0.378711
0.402963
0.422987
0.438258
0.449108
0.457149
0.465359
0.477639
0.49792
0.529233
0.573246
0.630476
0.700966
0.784931
0.882862
0.994644
1.11786
1.24627
1.36954
1.47493
1.55013
1.58634
1.58042
1.53552
1.46017
1.36622
1.26653
1.17297
1.09534
1.04075
1.01318
1.01308
1.03726
1.0796
1.13223
1.18694
1.23625
1.27431
1.29737
1.30382
1.29399
1.26965
1.23346
1.18851
1.13775
1.0835
1.02706
0.96866
0.907899
0.844499
0.779052
0.71331
0.649848
0.591308
0.539679
0.495976
0.460326
0.432193
0.410526
0.393793
0.37995
0.366486
0.350692
0.330262
0.304064
0.272685
0.238335
0.204031
0.172418
0.144878
0.121457
0.10151
0.0843847
0.0696698
0.0570729
0.0462446
0.0367319
0.0280746
0.0199851
0.0125211
0.0061533
0.00167762
0
0
0.00239163
0.00934911
0.0202756
0.0344411
0.0512075
0.0701252
0.0909225
0.113461
0.137707
0.163712
0.191555
0.221224
0.252445
0.284505
0.316168
0.345725
0.371254
0.391058
0.40422
0.41113
0.413748
0.415442
0.420324
0.432307
0.454357
0.488369
0.535595
0.59718
0.674315
0.767884
0.877623
1.00106
1.13258
1.26318
1.3812
1.47421
1.5315
1.5466
1.51894
1.45422
1.36316
1.25923
1.15597
1.06482
0.993876
0.947599
0.927
0.929975
0.95178
0.985787
1.02448
1.06054
1.08787
1.10241
1.10255
1.08902
1.06443
1.03243
0.996895
0.961239
0.927863
0.897779
0.870435
0.843885
0.815399
0.782412
0.743468
0.698755
0.650021
0.599963
0.551397
0.506573
0.466823
0.432564
0.403518
0.378978
0.357923
0.338964
0.320313
0.300062
0.276806
0.250274
0.221486
0.19228
0.164492
0.139303
0.117129
0.0979118
0.0814461
0.0674725
0.0556321
0.0454414
0.0363628
0.0279391
0.0199451
0.0125096
0.00614921
0.0016766
0
0
0.00239003
0.00933551
0.0202114
0.0342313
0.0506811
0.0690435
0.0890243
0.110541
0.133711
0.158822
0.186248
0.216262
0.24876
0.282984
0.317363
0.349621
0.377204
0.397975
0.41096
0.416857
0.41804
0.418011
0.420573
0.429259
0.447285
0.477732
0.52337
0.58603
0.666001
0.761829
0.870382
0.986872
1.10482
1.2161
1.31147
1.38165
1.41898
1.41924
1.3831
1.31645
1.22956
1.13492
1.04477
0.968767
0.912727
0.878434
0.864291
0.866286
0.878904
0.895932
0.911221
0.919516
0.917316
0.903584
0.880025
0.850681
0.820834
0.795534
0.778306
0.770539
0.771577
0.779115
0.789564
0.798442
0.801064
0.7935
0.773523
0.741128
0.698417
0.648909
0.59657
0.544923
0.496495
0.452705
0.414067
0.38052
0.351663
0.32676
0.304612
0.283581
0.261995
0.238767
0.213802
0.187913
0.162345
0.138269
0.116496
0.0974388
0.0811579
0.0674231
0.0557856
0.0456886
0.0365929
0.028092
0.0200181
0.012532
0.00615185
0.00167616
0
0
0.00238926
0.00932776
0.0201633
0.0340481
0.0501836
0.0679803
0.0871334
0.107652
0.129863
0.154359
0.181852
0.2129
0.247547
0.284992
0.323468
0.360423
0.393069
0.419114
0.437437
0.448379
0.45355
0.455356
0.456754
0.461537
0.47475
0.502143
0.548077
0.613261
0.694362
0.785543
0.88034
0.972839
1.05806
1.13179
1.19015
1.22939
1.24613
1.23829
1.20636
1.1542
1.08898
1.01988
0.956141
0.905024
0.870399
0.852417
0.848227
0.853199
0.862062
0.86967
0.871545
0.864452
0.847094
0.820741
0.789383
0.759018
0.736045
0.725282
0.728613
0.744917
0.770895
0.801947
0.832744
0.85774
0.871872
0.871391
0.854528
0.821759
0.775582
0.719898
0.659205
0.597817
0.539267
0.485967
0.439119
0.398888
0.364728
0.335688
0.310498
0.287571
0.265183
0.241941
0.217276
0.191574
0.165899
0.141501
0.119382
0.100061
0.0835617
0.0695491
0.0575164
0.0469422
0.0373787
0.0285044
0.02019
0.0125832
0.00616006
0.00167618
0
0
0.00238932
0.00932635
0.020135
0.0339073
0.0497614
0.0670418
0.0854505
0.105118
0.12661
0.150832
0.178793
0.21125
0.248302
0.289098
0.331796
0.373832
0.412467
0.445425
0.471343
0.489872
0.501504
0.5075
0.510316
0.514413
0.526523
0.553992
0.601133
0.666369
0.742845
0.821501
0.894044
0.954748
1.00114
1.03369
1.05466
1.06626
1.06927
1.06271
1.04517
1.01663
0.979734
0.939723
0.903125
0.875708
0.860624
0.857657
0.8639
0.875201
0.887391
0.896861
0.900748
0.897163
0.885692
0.867944
0.847678
0.830104
0.820409
0.822082
0.835849
0.859643
0.889364
0.919913
0.946114
0.963401
0.968255
0.958438
0.933088
0.89276
0.839415
0.776318
0.707759
0.638515
0.573072
0.514755
0.46509
0.423764
0.389246
0.359625
0.333091
0.307997
0.282868
0.256667
0.229155
0.200997
0.17346
0.147857
0.125054
0.105281
0.0882623
0.0735081
0.060546
0.0490065
0.0386048
0.0291201
0.0204385
0.0126563
0.0061725
0.00167657
0
0
0.00239021
0.00933151
0.0201295
0.0338236
0.0494598
0.0663336
0.0841741
0.103249
0.124353
0.148643
0.177305
0.211134
0.250168
0.293489
0.339277
0.385123
0.428511
0.467278
0.499877
0.525395
0.543554
0.555025
0.562181
0.569859
0.585045
0.614463
0.660799
0.720569
0.785543
0.846183
0.894761
0.927256
0.94405
0.949398
0.949537
0.949758
0.95179
0.953336
0.950173
0.939272
0.920906
0.898792
0.878475
0.864876
0.860317
0.864123
0.873794
0.886576
0.900369
0.913743
0.925579
0.934919
0.941291
0.945247
0.948592
0.95391
0.963467
0.978045
0.996358
1.01536
1.03125
1.04068
1.04149
1.0328
1.01453
0.986685
0.949022
0.901245
0.843712
0.778216
0.708331
0.639005
0.575338
0.520969
0.476895
0.441528
0.41195
0.385314
0.359482
0.332975
0.304838
0.274778
0.243376
0.212006
0.182337
0.155646
0.132383
0.112226
0.0945144
0.0786819
0.0644161
0.0515875
0.0401104
0.0298652
0.0207361
0.0127439
0.00618777
0.00167722
0
0
0.00239188
0.00934324
0.0201489
0.0338089
0.0493172
0.0659452
0.0834697
0.102292
0.123387
0.148041
0.177441
0.212251
0.252334
0.296676
0.343531
0.390731
0.436071
0.477621
0.513865
0.543736
0.566782
0.58366
0.596863
0.611067
0.63222
0.665012
0.709982
0.762624
0.815231
0.860014
0.891748
0.909226
0.915365
0.915893
0.91676
0.921196
0.928203
0.933655
0.933232
0.9251
0.910857
0.89451
0.880274
0.870527
0.865176
0.862673
0.86167
0.862064
0.86495
0.871795
0.883515
0.900029
0.920496
0.943936
0.969627
0.996878
1.02431
1.04927
1.06792
1.07626
1.07151
1.05331
1.0238
0.986684
0.945602
0.902619
0.857733
0.809541
0.756729
0.699564
0.640634
0.584349
0.535271
0.495999
0.465992
0.442248
0.421134
0.399777
0.376372
0.349923
0.320108
0.287455
0.253447
0.220207
0.189729
0.163071
0.140076
0.119827
0.101405
0.0843412
0.0686062
0.0543596
0.0417197
0.0306602
0.0210538
0.0128378
0.00620451
0.00167804
0
0
0.00239429
0.00936128
0.0201942
0.0338708
0.0493598
0.0659375
0.0834441
0.102394
0.123856
0.149106
0.17916
0.214408
0.25445
0.29814
0.343798
0.38951
0.433437
0.474022
0.510072
0.540824
0.566179
0.587185
0.606514
0.628365
0.657213
0.695607
0.742394
0.792821
0.840524
0.880079
0.908884
0.927751
0.940107
0.950072
0.960241
0.970414
0.978097
0.980437
0.976232
0.966734
0.954804
0.942967
0.931689
0.919141
0.902625
0.880636
0.854206
0.826893
0.80361
0.788989
0.785979
0.795227
0.815389
0.843992
0.878092
0.914286
0.948293
0.974811
0.988189
0.983922
0.960333
0.919543
0.867063
0.810021
0.754773
0.705026
0.661339
0.622066
0.585063
0.549293
0.515578
0.486099
0.462841
0.445986
0.433566
0.422536
0.410136
0.394511
0.374602
0.349947
0.320772
0.288272
0.254614
0.222378
0.193547
0.168681
0.146955
0.127044
0.108044
0.0897929
0.0726313
0.0570206
0.0432686
0.0314297
0.0213641
0.0129308
0.00622149
0.00167895
0
0
0.00239732
0.00938507
0.0202646
0.0340114
0.0495977
0.0663336
0.084131
0.10358
0.125757
0.151801
0.182444
0.217718
0.256905
0.298676
0.341363
0.383267
0.422933
0.459306
0.491783
0.520262
0.545341
0.568659
0.593093
0.622348
0.659643
0.706
0.759294
0.814878
0.867394
0.91272
0.949116
0.977223
0.999024
1.0164
1.03009
1.03976
1.0449
1.04599
1.04488
1.04391
1.0442
1.04405
1.039
1.0235
0.993551
0.948726
0.892826
0.832955
0.777492
0.733776
0.706321
0.696174
0.701533
0.718982
0.744398
0.773057
0.799335
0.816759
0.818926
0.801187
0.762397
0.705807
0.63853
0.569617
0.507508
0.45791
0.42288
0.401228
0.389785
0.384931
0.383787
0.384575
0.386196
0.387608
0.387572
0.384828
0.378327
0.367288
0.351175
0.329843
0.303873
0.274854
0.245221
0.217466
0.193045
0.171757
0.152226
0.133069
0.11372
0.094482
0.0761031
0.0593264
0.0446219
0.0321106
0.0216436
0.0130166
0.0062377
0.0016799
0
0
0.00240086
0.00941381
0.020358
0.0342264
0.0500232
0.0671163
0.0854899
0.105773
0.128979
0.156045
0.187387
0.222671
0.260838
0.300318
0.339359
0.376387
0.410299
0.440611
0.467476
0.491656
0.514601
0.538595
0.566732
0.602347
0.647791
0.703107
0.765507
0.830083
0.891337
0.94474
0.987685
1.01962
1.04151
1.0551
1.06247
1.06603
1.06876
1.0741
1.08505
1.10263
1.12443
1.14437
1.15416
1.14588
1.11467
1.06057
0.988775
0.908314
0.829524
0.761332
0.709292
0.67509
0.657417
0.65332
0.659035
0.670039
0.680789
0.684902
0.676179
0.650303
0.60655
0.548678
0.484396
0.423309
0.373781
0.340002
0.321191
0.313616
0.313234
0.316872
0.322235
0.327748
0.332438
0.335714
0.337087
0.33597
0.331644
0.323373
0.310645
0.293481
0.272712
0.250034
0.227607
0.207176
0.189159
0.172516
0.155635
0.137461
0.11799
0.0980484
0.0787624
0.0611092
0.0456838
0.0326569
0.0218749
0.0130905
0.00625244
0.00168084
0
0
0.00240479
0.00944645
0.0204707
0.0345059
0.0506115
0.0682312
0.0874181
0.108814
0.133348
0.161765
0.194216
0.230058
0.267903
0.305869
0.341992
0.374667
0.403036
0.427158
0.447978
0.467178
0.487078
0.510589
0.54103
0.581497
0.633732
0.696996
0.767646
0.839761
0.906537
0.96193
1.00199
1.02559
1.03433
1.03203
1.02394
1.01604
1.01428
1.02367
1.04696
1.08336
1.12799
1.17246
1.20658
1.22077
1.20854
1.16837
1.10414
1.02406
0.93834
0.856496
0.785459
0.728942
0.687945
0.661625
0.647845
0.64326
0.643319
0.642714
0.636535
0.621861
0.599102
0.572109
0.546353
0.525585
0.509233
0.492956
0.47191
0.443858
0.41022
0.37518
0.343736
0.319645
0.304087
0.295661
0.291478
0.288446
0.284083
0.276861
0.266279
0.252786
0.237576
0.22223
0.208128
0.195737
0.184239
0.171977
0.157463
0.140181
0.120715
0.100345
0.0804884
0.0622833
0.046402
0.0330423
0.0220479
0.01315
0.00626536
0.00168178
0
0
0.00240895
0.00948174
0.0205976
0.0348342
0.0513231
0.0695936
0.0897666
0.112497
0.138656
0.168885
0.203191
0.240722
0.279785
0.318112
0.353344
0.383638
0.408177
0.427424
0.44303
0.457546
0.474114
0.49624
0.527497
0.570858
0.627618
0.696304
0.7722
0.847877
0.91467
0.964733
0.993038
0.998679
0.985048
0.958943
0.929023
0.904177
0.892135
0.898353
0.925136
0.971101
1.0311
1.09667
1.15713
1.20138
1.22027
1.20886
1.16761
1.10213
1.02143
0.935616
0.853759
0.782695
0.726662
0.687462
0.664729
0.656196
0.658101
0.665934
0.675572
0.684404
0.691802
0.698302
0.703696
0.705305
0.698017
0.676282
0.636779
0.580256
0.511835
0.439934
0.374237
0.323022
0.29017
0.273465
0.266462
0.262511
0.257259
0.24896
0.237845
0.225327
0.213193
0.202856
0.194742
0.188026
0.180908
0.171419
0.158309
0.141511
0.122025
0.101424
0.0812926
0.0628435
0.0467684
0.0332612
0.0221603
0.0131945
0.00627643
0.00168272
0
0
0.00241318
0.00951827
0.0207327
0.0351917
0.0521073
0.0710981
0.0923565
0.116576
0.144652
0.177253
0.214398
0.255146
0.297523
0.338771
0.375942
0.406684
0.429957
0.446391
0.458176
0.468617
0.481615
0.501259
0.531427
0.575102
0.633331
0.704128
0.781904
0.857917
0.921882
0.964441
0.979737
0.967171
0.931653
0.882299
0.830187
0.78602
0.758425
0.753091
0.772503
0.815888
0.879042
0.954208
1.03051
1.09549
1.13759
1.14891
1.12713
1.07582
1.00327
0.920231
0.837591
0.764549
0.707552
0.669911
0.651904
0.651252
0.663866
0.684838
0.709545
0.734545
0.757754
0.77761
0.791628
0.795504
0.783725
0.751579
0.697477
0.62442
0.540041
0.455284
0.381954
0.329132
0.299025
0.285786
0.280068
0.274484
0.26543
0.252409
0.236903
0.221301
0.207891
0.197965
0.191304
0.186263
0.18045
0.171685
0.158796
0.141917
0.122249
0.101498
0.0813015
0.0628588
0.046817
0.0333287
0.0222176
0.0132256
0.00628601
0.0016837
0
0
0
0
0
0
0
0
0
0
0
0
0
0
0
0
0
0
0
0
0
0
0
2.85634e-07
0
0
2.95576e-07
0
0
0
0
0
4.31305e-07
0
0
3.04421e-07
1.84884e-07
0
0
0
2.57036e-07
2.43812e-07
0
0
0
2.95271e-07
1.02675e-07
0
0
0
1.54246e-07
3.16714e-07
1.61534e-07
1.17614e-07
8.59471e-08
1.8763e-07
0
1.51834e-07
0
0
0
0
0
3.07522e-07
1.70535e-07
0
0
2.86387e-07
0
0
0
0
0
0
0
1.41597e-07
0
0
0
0
0
0
0
0
0
0
0
0
0
0
0
0
0
0
0
0
0
0
0
0
0
