NUMBER_OF_POINTS=10000
DIMENSION=1
TYPE=Scalar
0
0.00555175
0.0220804
0.0490472
0.0855097
0.130245
0.181903
0.23916
0.300855
0.366119
0.43454
0.506376
0.582722
0.665456
0.756861
0.859
0.973136
1.09936
1.2364
1.3816
1.53097
1.67967
1.82268
1.95534
2.07315
2.17095
2.24227
2.28008
2.27906
2.23854
2.16458
2.06993
1.97158
1.88665
1.82789
1.80072
1.80317
1.82834
1.86737
1.91139
1.95211
1.98188
1.99412
1.98413
1.95011
1.8935
1.81839
1.73016
1.63391
1.53366
1.43247
1.33337
1.24025
1.15814
1.09203
1.04491
1.01571
0.99919
0.988163
0.976834
0.963299
0.949966
0.941834
0.943564
0.956978
0.980369
1.00969
1.04039
1.0688
1.0924
1.10936
1.1177
1.11485
1.09798
1.06524
1.01699
0.956412
0.88882
0.820105
0.754913
0.695462
0.641468
0.591032
0.541915
0.492573
0.442605
0.392586
0.343515
0.296284
0.251478
0.20949
0.17064
0.135125
0.102978
0.0742159
0.0491188
0.0283463
0.0127784
0.00319669
0
0
0.0055419
0.0219928
0.0487246
0.0846858
0.128529
0.178772
0.23397
0.292886
0.35467
0.419069
0.486632
0.558812
0.637838
0.726363
0.827018
0.942047
1.07299
1.22026
1.38256
1.55647
1.73649
1.91574
2.08666
2.24146
2.37198
2.46973
2.52682
2.53786
2.5024
2.42642
2.3222
2.2063
2.09624
2.00677
1.94701
1.91914
1.91918
1.93894
1.96816
1.996
2.01219
2.00821
1.97863
1.92232
1.84269
1.74666
1.64253
1.53763
1.43686
1.34275
1.25691
1.18157
1.12025
1.07672
1.05264
1.04552
1.04879
1.05444
1.0564
1.05283
1.04603
1.04036
1.03933
1.04363
1.0511
1.05825
1.0621
1.06126
1.05599
1.04732
1.03577
1.02028
0.998484
0.967985
0.928033
0.880378
0.828742
0.777213
0.728513
0.683119
0.639574
0.59562
0.549401
0.500233
0.448737
0.396435
0.345042
0.295886
0.249756
0.207091
0.168152
0.132998
0.101449
0.073304
0.048683
0.0281926
0.0127455
0.00319443
0
0
0.00552884
0.0218777
0.0483111
0.0836704
0.126526
0.175358
0.228738
0.285482
0.34481
0.406493
0.471001
0.539552
0.614051
0.69695
0.791134
0.899785
1.02601
1.17203
1.33813
1.52179
1.71766
1.91818
2.11452
2.29722
2.45649
2.58249
2.66628
2.70146
2.68608
2.62399
2.5248
2.40249
2.273
2.15159
2.05047
1.97708
1.93328
1.91559
1.91617
1.92449
1.9292
1.92011
1.89001
1.83618
1.76089
1.67053
1.57364
1.47831
1.39028
1.31246
1.24588
1.19127
1.14993
1.12318
1.11085
1.10998
1.11496
1.11953
1.1192
1.11274
1.10193
1.08975
1.07833
1.06771
1.05619
1.0416
1.02274
1.00009
0.975716
0.95226
0.931372
0.912582
0.893441
0.871036
0.843825
0.812473
0.779186
0.746096
0.713863
0.681358
0.646405
0.606935
0.5619
0.511669
0.457886
0.402889
0.348942
0.297674
0.249998
0.206373
0.167017
0.131872
0.100589
0.0727814
0.0484383
0.0281125
0.0127316
0.00319419
0
0
0.00551309
0.0217396
0.0478241
0.0825113
0.124347
0.171893
0.223896
0.279378
0.337663
0.3984
0.461595
0.527699
0.59774
0.673542
0.757965
0.854909
0.968756
1.10316
1.25965
1.43671
1.6299
1.8325
2.03645
2.23276
2.41158
2.56234
2.6745
2.73909
2.75071
2.70925
2.6205
2.49549
2.34868
2.19558
2.05053
1.92497
1.82632
1.75734
1.71602
1.69625
1.68919
1.68522
1.67593
1.65567
1.62244
1.57765
1.52504
1.46901
1.41327
1.36017
1.31109
1.26713
1.2296
1.19968
1.1776
1.16196
1.14991
1.1382
1.12451
1.10825
1.0902
1.07147
1.05245
1.03247
1.01021
0.984605
0.955692
0.924965
0.895082
0.868837
0.847778
0.831314
0.817102
0.802565
0.786388
0.768857
0.750904
0.732724
0.713065
0.689594
0.659893
0.622406
0.576969
0.524883
0.468573
0.410925
0.354529
0.301181
0.251872
0.207098
0.16706
0.131625
0.100313
0.0725969
0.0483566
0.0280935
0.012733
0.00319548
0
0
0.00549528
0.0215842
0.047284
0.0812611
0.122103
0.168577
0.219771
0.27505
0.33388
0.395647
0.459622
0.525159
0.592135
0.66156
0.736075
0.819948
0.918216
1.03514
1.17273
1.3302
1.50448
1.69113
1.88487
2.07936
2.26639
2.43536
2.57364
2.66835
2.70895
2.68997
2.61281
2.4859
2.32313
2.14122
1.9568
1.78411
1.63387
1.51308
1.42521
1.37051
1.34618
1.34688
1.36547
1.39414
1.42536
1.45265
1.47099
1.47692
1.46863
1.44604
1.41082
1.3662
1.3164
1.26571
1.2176
1.17413
1.13599
1.10299
1.0746
1.05033
1.02954
1.01124
0.994011
0.976172
0.956249
0.933456
0.908078
0.881544
0.856012
0.833498
0.81495
0.799884
0.786964
0.775082
0.764009
0.754044
0.74498
0.735314
0.722369
0.703154
0.675339
0.637889
0.591286
0.537395
0.479038
0.419322
0.360944
0.305775
0.254898
0.208895
0.168006
0.132062
0.100495
0.0726744
0.0483987
0.0281193
0.0127449
0.00319775
0
0
0.00547615
0.0214179
0.0467138
0.0799742
0.119892
0.165557
0.216539
0.272659
0.333551
0.398287
0.465319
0.532878
0.599748
0.666171
0.734465
0.80885
0.894239
0.994446
1.11095
1.24303
1.389
1.54746
1.71747
1.89725
2.08198
2.2621
2.42317
2.54793
2.61996
2.62763
2.56715
2.44373
2.27056
2.06598
1.84982
1.64012
1.45091
1.2917
1.16822
1.08373
1.03999
1.03715
1.07244
1.13896
1.22564
1.31866
1.40373
1.46851
1.50457
1.50853
1.48207
1.43103
1.36363
1.28867
1.21395
1.14537
1.08666
1.03961
1.00439
0.979953
0.964313
0.954898
0.948874
0.943474
0.936335
0.925845
0.911427
0.893574
0.873532
0.852719
0.83224
0.812789
0.794979
0.77963
0.767568
0.758893
0.752294
0.745036
0.733685
0.715091
0.687139
0.649116
0.601753
0.547033
0.487768
0.426989
0.36735
0.31078
0.258516
0.211311
0.169504
0.13293
0.100968
0.072918
0.0485167
0.0281708
0.012762
0.00320038
0
0
0.00545651
0.0212478
0.0461379
0.0787039
0.117799
0.162921
0.21422
0.272048
0.336258
0.405665
0.478055
0.550795
0.621872
0.690948
0.759935
0.832557
0.912832
1.00326
1.10398
1.21361
1.33124
1.45821
1.59821
1.7551
1.92904
2.11314
2.29259
2.44696
2.55468
2.59811
2.56753
2.46329
2.29564
2.0824
1.84546
1.6069
1.38595
1.19717
1.04977
0.948131
0.893218
0.884462
0.92038
0.996532
1.10277
1.223
1.33816
1.43043
1.48697
1.50205
1.47731
1.42031
1.34215
1.2548
1.16893
1.09251
1.03032
0.98422
0.95394
0.937865
0.933553
0.937906
0.947234
0.957503
0.964842
0.96618
0.959757
0.945329
0.923987
0.897735
0.869037
0.84051
0.814668
0.79353
0.778039
0.767547
0.759787
0.751449
0.739039
0.719637
0.691351
0.653524
0.606751
0.552743
0.493989
0.433259
0.373108
0.315578
0.26216
0.213859
0.171162
0.133941
0.101543
0.073218
0.0486573
0.0282271
0.0127788
0.00320277
0
0
0.0054372
0.0210811
0.0455806
0.0775007
0.11589
0.160698
0.212698
0.272818
0.341199
0.416586
0.49642
0.577618
0.657733
0.736004
0.813745
0.893691
0.978414
1.06874
1.16335
1.26001
1.35795
1.45999
1.57298
1.70552
1.86316
2.04342
2.2336
2.41282
2.55683
2.64352
2.65763
2.59366
2.45659
2.26049
2.02553
1.77446
1.52935
1.30939
1.12962
0.999898
0.924115
0.900468
0.923467
0.985465
1.07586
1.17993
1.28006
1.35934
1.40539
1.41287
1.38388
1.3265
1.25225
1.17324
1.09963
1.03821
0.992073
0.961609
0.945847
0.943309
0.951922
0.968506
0.988625
1.00714
1.01922
1.02123
1.01143
0.990162
0.95964
0.923414
0.885625
0.850194
0.820103
0.79685
0.780241
0.768587
0.759225
0.749122
0.735381
0.715572
0.687964
0.651721
0.607027
0.55509
0.497929
0.438012
0.377843
0.319664
0.265295
0.216045
0.172574
0.134793
0.102019
0.0734594
0.0487647
0.0282668
0.0127896
0.00320429
0
0
0.00541908
0.0209252
0.0450661
0.0764116
0.114217
0.158878
0.21178
0.274429
0.347355
0.429473
0.518251
0.610551
0.703751
0.796642
0.889634
0.984035
1.08071
1.17895
1.27646
1.37069
1.46097
1.55053
1.64717
1.76151
1.90256
2.07226
2.2621
2.45401
2.62449
2.75003
2.81198
2.8
2.71354
2.56132
2.35908
2.1265
1.88405
1.65081
1.4432
1.27427
1.15284
1.08223
1.05938
1.07558
1.11837
1.17329
1.22571
1.26301
1.27691
1.26493
1.23037
1.18087
1.12599
1.07462
1.03291
1.00352
0.986266
0.979736
0.982525
0.993306
1.01004
1.02934
1.04668
1.05734
1.0575
1.04509
1.02023
0.985237
0.944208
0.902094
0.863446
0.831257
0.806428
0.788084
0.774396
0.763338
0.753004
0.741567
0.727139
0.707785
0.681757
0.647856
0.60576
0.556162
0.500682
0.44158
0.3814
0.322632
0.267436
0.217406
0.173347
0.135189
0.1022
0.0735299
0.0487852
0.0282695
0.0127891
0.00320435
0
0
0.00540298
0.0207871
0.044617
0.0754794
0.112822
0.157439
0.211252
0.276317
0.353636
0.442514
0.540735
0.645349
0.753629
0.863772
0.974997
1.08697
1.19888
1.3089
1.41436
1.513
1.60461
1.6925
1.78403
1.88923
2.01744
2.17274
2.35057
2.53744
2.71373
2.85818
2.95234
2.98402
2.94915
2.85179
2.70258
2.51617
2.30862
2.0953
1.88981
1.70346
1.54502
1.42003
1.3299
1.27133
1.23681
1.21639
1.20006
1.18007
1.15247
1.11768
1.07973
1.04459
1.01793
1.00318
1.00066
1.00802
1.02173
1.03854
1.05605
1.07233
1.08521
1.09195
1.08971
1.07632
1.05112
1.01538
0.972455
0.927293
0.88543
0.851298
0.826638
0.810064
0.798269
0.787986
0.777308
0.765775
0.753538
0.74039
0.725226
0.706165
0.681118
0.648463
0.607528
0.558766
0.503654
0.444417
0.383681
0.324125
0.268145
0.217516
0.173122
0.13486
0.101908
0.0733282
0.0486701
0.0282168
0.0127725
0.00320245
0
0
0.00538966
0.0206732
0.0442537
0.0747431
0.111748
0.156367
0.210941
0.277997
0.359038
0.453872
0.560735
0.676924
0.799547
0.926067
1.05441
1.18269
1.30875
1.43005
1.54404
1.64911
1.74568
1.83709
1.9296
2.03128
2.14949
2.28778
2.44346
2.60707
2.76418
2.89848
2.99534
3.04452
3.04178
2.98895
2.89274
2.76278
2.60953
2.44289
2.27137
2.10208
1.94077
1.79175
1.65754
1.53854
1.43324
1.33896
1.25321
1.17498
1.10554
1.04824
1.00732
0.986156
0.985555
1.00302
1.0332
1.06925
1.10445
1.13339
1.15246
1.15951
1.15344
1.13384
1.10123
1.05743
1.00604
0.952435
0.903262
0.864944
0.841378
0.831945
0.831572
0.833235
0.8312
0.823014
0.8095
0.793247
0.77661
0.76026
0.742894
0.72198
0.694898
0.659863
0.616355
0.565096
0.507771
0.446687
0.384468
0.32378
0.267031
0.216019
0.171604
0.133586
0.101
0.0727724
0.0483804
0.0280936
0.0127358
0.00319815
0
0
0.00537979
0.0205889
0.0439937
0.074237
0.111037
0.15568
0.210762
0.279155
0.362791
0.46197
0.575353
0.700408
0.833989
0.972803
1.11364
1.25341
1.38911
1.51801
1.63801
1.74829
1.84989
1.94593
2.04125
2.1413
2.25041
2.36988
2.49684
2.62422
2.74213
2.84007
2.90922
2.94419
2.94378
2.91064
2.85001
2.76809
2.67057
2.56175
2.44453
2.32077
2.19187
2.05919
1.92411
1.78802
1.65252
1.5198
1.39327
1.2779
1.18008
1.10642
1.06197
1.04825
1.06223
1.09676
1.14209
1.18789
1.22499
1.24669
1.24938
1.23225
1.1967
1.14586
1.08436
1.01843
0.955803
0.90499
0.873184
0.863304
0.871976
0.890525
0.908593
0.917997
0.915041
0.900784
0.879503
0.856125
0.833756
0.812489
0.78991
0.762675
0.72807
0.684881
0.633475
0.575385
0.512758
0.447945
0.383319
0.321213
0.263776
0.212652
0.168583
0.131215
0.0993756
0.0718062
0.0478886
0.0278895
0.0126763
0.00319113
0
0
0.00537392
0.0205387
0.043851
0.0739903
0.110736
0.155432
0.210747
0.279702
0.364509
0.465816
0.582567
0.712284
0.851532
0.996398
1.1429
1.28729
1.42637
1.55776
1.68019
1.79379
1.9001
2.00182
2.10209
2.2035
2.30691
2.41066
2.51042
2.5999
2.67231
2.72202
2.74602
2.74464
2.72138
2.68189
2.63235
2.57789
2.52141
2.46325
2.40158
2.33338
2.25554
2.16568
2.06276
1.9474
1.82208
1.69129
1.5616
1.44125
1.33928
1.26382
1.22001
1.20823
1.22352
1.25654
1.29563
1.3291
1.34732
1.34415
1.31751
1.26909
1.20354
1.12776
1.05037
0.981141
0.929938
0.904245
0.906031
0.930155
0.966078
1.0017
1.02699
1.03632
1.02923
1.00952
0.983088
0.954996
0.927348
0.8989
0.86641
0.826643
0.777861
0.720322
0.655895
0.587223
0.516911
0.447121
0.379629
0.316103
0.2582
0.207297
0.163975
0.127685
0.0969943
0.0704051
0.0471818
0.0275986
0.0125923
0.0031812
0
0
0.00537246
0.0205257
0.0438351
0.0740248
0.11089
0.155711
0.211035
0.27981
0.364291
0.465258
0.581755
0.711261
0.850114
0.994063
1.13884
1.28073
1.41699
1.54617
1.66825
1.7845
1.897
2.00797
2.11887
2.22947
2.3373
2.43759
2.52394
2.58964
2.62928
2.64023
2.62361
2.58432
2.5301
2.46997
2.41215
2.3624
2.32292
2.29225
2.26598
2.23801
2.20199
2.15259
2.08653
2.00319
1.90493
1.797
1.68698
1.58382
1.4964
1.43185
1.39384
1.38148
1.3892
1.4078
1.42625
1.43394
1.42271
1.38838
1.33124
1.25577
1.16984
1.08363
1.00834
0.954558
0.929749
0.935616
0.967214
1.01469
1.06636
1.11147
1.14228
1.15522
1.15116
1.13413
1.10909
1.07948
1.04592
1.00657
0.958741
0.900675
0.832592
0.756753
0.676689
0.596038
0.517579
0.442919
0.372914
0.308364
0.250364
0.200037
0.157842
0.123037
0.0938786
0.0685789
0.0462623
0.0272208
0.0124833
0.00316829
0
0
0.00537565
0.0205514
0.0439505
0.0743526
0.111536
0.156618
0.211853
0.27988
0.362738
0.461095
0.573928
0.69864
0.831506
0.968311
1.10507
1.23871
1.36755
1.49157
1.61228
1.73219
1.85401
1.97964
2.10915
2.24012
2.36741
2.48367
2.58045
2.64986
2.68632
2.68799
2.65752
2.60177
2.53049
2.45441
2.38299
2.32272
2.27614
2.24188
2.21555
2.19096
2.16154
2.12163
2.06763
1.99873
1.91718
1.828
1.73808
1.65489
1.58507
1.53313
1.50053
1.48522
1.48182
1.4824
1.47787
1.45981
1.42232
1.36349
1.28607
1.19722
1.10739
1.02841
0.970975
0.942084
0.943388
0.971432
1.01932
1.07841
1.13948
1.19384
1.23476
1.25858
1.26508
1.2564
1.23533
1.2036
1.1613
1.10737
1.04094
0.962509
0.874535
0.781168
0.687212
0.59679
0.512342
0.434562
0.363243
0.29838
0.240682
0.191209
0.150422
0.117423
0.0901185
0.0663726
0.0451482
0.0267616
0.0123506
0.00315248
0
0
0.00538359
0.0206161
0.0441965
0.0749737
0.112692
0.158241
0.213454
0.280462
0.360851
0.454964
0.561592
0.678105
0.80094
0.926325
1.05106
1.17322
1.2926
1.4108
1.53081
1.65629
1.79046
1.93502
2.08922
2.24934
2.40874
2.55855
2.68891
2.79066
2.85713
2.88551
2.87754
2.83919
2.77927
2.70749
2.63235
2.55968
2.49201
2.42896
2.36818
2.30645
2.24066
2.16851
2.0891
2.00328
1.91361
1.82406
1.73926
1.66374
1.60108
1.55328
1.52019
1.49918
1.48521
1.47143
1.45037
1.41555
1.36326
1.29403
1.21324
1.13031
1.0564
1.00105
0.969401
0.961922
0.976406
1.01007
1.05977
1.12083
1.1864
1.24835
1.29916
1.33363
1.34943
1.34649
1.32584
1.28847
1.23503
1.16609
1.08293
0.988176
0.886041
0.781812
0.680697
0.586457
0.5006
0.4227
0.351691
0.287199
0.230002
0.181429
0.142135
0.11111
0.0858684
0.0638644
0.0438722
0.0262313
0.0121962
0.00313397
0
0
0.00539618
0.0207184
0.0445666
0.0758741
0.114349
0.160626
0.216047
0.282116
0.359804
0.448988
0.548224
0.654937
0.765969
0.878329
0.989979
1.10044
1.21108
1.32495
1.4462
1.5791
1.72702
1.89139
2.071
2.26167
2.45639
2.6459
2.81991
2.96852
3.08391
3.16161
3.20118
3.20593
3.18167
3.13501
3.07162
2.99525
2.90758
2.80899
2.69967
2.58064
2.45419
2.3239
2.19403
2.06875
1.95146
1.84446
1.74921
1.66688
1.59867
1.54548
1.50679
1.47966
1.45853
1.43629
1.40606
1.36324
1.30725
1.24243
1.17736
1.12189
1.08272
1.0605
1.05112
1.05041
1.05801
1.0772
1.11143
1.16032
1.21837
1.27681
1.32673
1.36129
1.37645
1.37068
1.34417
1.29806
1.2341
1.15456
1.06244
0.961692
0.857165
0.753967
0.656371
0.566715
0.48507
0.410092
0.340564
0.276562
0.21957
0.171562
0.133555
0.104462
0.0813386
0.0611607
0.0424793
0.0256451
0.0120238
0.0031131
2.27374e-13
0
0.00541318
0.0208554
0.0450495
0.0770256
0.116464
0.16375
0.219732
0.285257
0.360635
0.445241
0.53742
0.634767
0.734715
0.835276
0.935735
1.0371
1.14212
1.2549
1.38007
1.52186
1.68308
1.86449
2.06436
2.27832
2.49958
2.71943
2.9281
3.11594
3.27479
3.39905
3.4863
3.53711
3.554
3.54006
3.4977
3.42812
3.33174
3.20919
3.06264
2.89663
2.7183
2.53665
2.36088
2.19852
2.05387
1.92784
1.81936
1.72746
1.65246
1.59512
1.55441
1.52564
1.50099
1.47204
1.43305
1.38349
1.32888
1.27946
1.24583
1.2328
1.23573
1.24311
1.24387
1.23362
1.21661
1.20286
1.20228
1.21899
1.24946
1.28502
1.31587
1.33403
1.33444
1.31495
1.27582
1.21906
1.14781
1.06574
0.976733
0.884695
0.793319
0.705578
0.623087
0.545775
0.472354
0.401505
0.333083
0.268608
0.210835
0.162609
0.125364
0.0979126
0.0767804
0.0583888
0.0410239
0.0250216
0.0118377
0.00309033
0
0
0.00543418
0.0210231
0.0456287
0.0783873
0.118963
0.167518
0.224459
0.290034
0.363958
0.445178
0.531928
0.622088
0.713792
0.806105
0.899578
0.996474
1.10054
1.21636
1.34835
1.49984
1.67235
1.86522
2.07559
2.29867
2.528
2.75595
2.97428
3.17483
3.35041
3.49563
3.60737
3.68464
3.72783
3.73757
3.71397
3.6564
3.56427
3.43825
3.28159
3.10088
2.90587
2.70831
2.51973
2.34899
2.20063
2.07508
1.97073
1.88631
1.82155
1.7754
1.7434
1.71704
1.68617
1.64331
1.58745
1.52573
1.47195
1.4411
1.44091
1.46572
1.49861
1.5202
1.51754
1.48854
1.44136
1.39
1.34777
1.32154
1.30984
1.30519
1.29838
1.28175
1.25077
1.20432
1.14426
1.07451
0.999905
0.924943
0.852888
0.785263
0.721829
0.660951
0.600253
0.537474
0.471349
0.402248
0.332347
0.265235
0.205084
0.155517
0.118254
0.0919248
0.0724657
0.0556871
0.0395664
0.0243822
0.0116433
0.00306619
0
0
0.00545863
0.0212163
0.0462844
0.0799076
0.121742
0.171767
0.23002
0.296273
0.369787
0.449236
0.532884
0.618999
0.706437
0.795215
0.88689
0.984567
1.09245
1.21494
1.35563
1.5163
1.69643
1.89324
2.10213
2.31735
2.53267
2.74186
2.93901
3.11869
3.2762
3.40788
3.5114
3.58566
3.63037
3.64529
3.62971
3.58252
3.50303
3.3922
3.25381
3.09493
2.92555
2.75715
2.60055
2.46372
2.35061
2.2616
2.19512
2.14879
2.11896
2.09928
2.08019
2.05087
2.00313
1.93537
1.85498
1.7776
1.72245
1.70349
1.72071
1.75872
1.79442
1.80776
1.78895
1.74038
1.67363
1.60341
1.54066
1.48847
1.44255
1.39519
1.33943
1.27153
1.19165
1.10355
1.01355
0.929043
0.856418
0.799054
0.756025
0.722434
0.691263
0.655719
0.610998
0.555113
0.488911
0.415597
0.339942
0.267376
0.203066
0.150985
0.112831
0.0869419
0.0686638
0.0531951
0.0381685
0.0237493
0.0114462
0.0030413
0
0
0.00548588
0.0214292
0.046994
0.0815282
0.124682
0.176285
0.236088
0.30352
0.377559
0.456775
0.539596
0.624737
0.711712
0.801268
0.895586
0.998093
1.11285
1.24358
1.39254
1.55965
1.74217
1.935
2.13156
2.32488
2.5087
2.67816
2.83
2.96232
3.07412
3.16488
3.2343
3.2823
3.30881
3.31353
3.29584
3.25511
3.19136
3.10635
3.00424
2.89184
2.77793
2.672
2.58248
2.51519
2.47253
2.45352
2.45412
2.46741
2.48359
2.49081
2.47734
2.43499
2.36238
2.26693
2.16437
2.07495
2.01627
1.99491
2.00242
2.01961
2.02633
2.01051
1.97221
1.92165
1.87211
1.83116
1.79588
1.75518
1.69663
1.61239
1.50171
1.37041
1.22912
1.09124
0.970479
0.877695
0.817232
0.784949
0.770105
0.759924
0.743446
0.713316
0.666187
0.602443
0.525528
0.440963
0.355235
0.274725
0.204844
0.149344
0.109532
0.0833393
0.0656177
0.0510427
0.0368901
0.0231454
0.0112524
0.00301632
0
0
0.00551519
0.021655
0.0477336
0.0831883
0.127656
0.180836
0.242265
0.311145
0.386308
0.466356
0.549956
0.636251
0.725268
0.8182
0.917432
1.02622
1.148
1.28541
1.43928
1.60786
1.78663
1.9688
2.14636
2.31145
2.45768
2.58109
2.6805
2.75716
2.81387
2.85385
2.87985
2.89364
2.8959
2.88641
2.86455
2.82993
2.78324
2.72691
2.66552
2.60555
2.55456
2.51998
2.50773
2.52097
2.55919
2.61762
2.68718
2.75514
2.80684
2.82855
2.81091
2.752
2.65885
2.54655
2.43462
2.34079
2.27427
2.2321
2.20184
2.16984
2.13037
2.09074
2.0683
2.07852
2.12094
2.17493
2.20951
2.19744
2.12429
1.99048
1.80894
1.60092
1.39178
1.20682
1.06615
0.978192
0.935831
0.92095
0.914074
0.900604
0.871797
0.823661
0.755934
0.671434
0.575398
0.474547
0.375982
0.286136
0.21
0.15062
0.108599
0.0813872
0.063522
0.0493409
0.035785
0.022592
0.0110679
0.00299193
0
0
0.00554573
0.0218871
0.0484791
0.0848283
0.130541
0.185193
0.248148
0.318462
0.394912
0.476191
0.561207
0.649431
0.741198
0.837848
0.941604
1.05517
1.18104
1.32067
1.47363
1.63705
1.80564
1.97219
2.12864
2.26735
2.38236
2.47033
2.53096
2.56691
2.58291
2.58463
2.57732
2.56485
2.54922
2.53081
2.50905
2.48343
2.45449
2.42456
2.398
2.38078
2.37961
2.40059
2.44773
2.52156
2.61805
2.72815
2.8384
2.93278
2.99578
3.01605
2.98957
2.9213
2.82424
2.71568
2.61134
2.51945
2.43822
2.35898
2.27473
2.19048
2.13007
2.13062
2.21895
2.38506
2.58197
2.75012
2.84067
2.82663
2.7047
2.4916
2.21813
1.92265
1.64502
1.42004
1.26847
1.18817
1.15603
1.14252
1.12492
1.09055
1.03449
0.956592
0.859689
0.748753
0.630284
0.51154
0.399578
0.300342
0.218017
0.154693
0.110108
0.081232
0.0625068
0.048174
0.0348981
0.0221083
0.0108982
0.0029688
0
0
0.00557667
0.0221184
0.0492074
0.0863931
0.133226
0.189149
0.253375
0.324846
0.402322
0.484585
0.570711
0.660354
0.753939
0.852683
0.958385
1.07298
1.19794
1.33359
1.47857
1.6296
1.78164
1.92851
2.06372
2.18145
2.27742
2.34939
2.39741
2.42372
2.43224
2.42781
2.41531
2.39881
2.38108
2.3636
2.34689
2.33117
2.31707
2.30628
2.30202
2.30895
2.33255
2.37786
2.44773
2.54103
2.65161
2.76824
2.87621
2.96015
3.00772
3.01294
2.97818
2.91349
2.83305
2.74932
2.66742
2.58297
2.48576
2.36906
2.24242
2.14328
2.13462
2.26944
2.54083
2.8807
3.20204
3.4322
3.52606
3.46858
3.272
2.96955
2.60751
2.23737
1.90837
1.65852
1.50285
1.42645
1.39443
1.37199
1.33627
1.27682
1.19169
1.08371
0.958255
0.822114
0.682789
0.547804
0.423917
0.31639
0.228511
0.16141
0.114009
0.0828927
0.0626279
0.047595
0.0342632
0.0217102
0.0107484
0.00294758
0
0
0.00560715
0.0223425
0.049897
0.0878346
0.135619
0.192543
0.257663
0.329814
0.407729
0.490235
0.576483
0.666154
0.759572
0.857645
0.961611
1.0726
1.19112
1.3166
1.44711
1.57946
1.70953
1.833
1.94603
2.04584
2.13099
2.20129
2.2575
2.3009
2.33299
2.35528
2.36921
2.37621
2.37778
2.3756
2.37143
2.367
2.36386
2.36349
2.36775
2.37941
2.40214
2.43976
2.49459
2.56546
2.64647
2.72721
2.79491
2.83786
2.84923
2.82965
2.78737
2.73507
2.68397
2.63757
2.58881
2.52328
2.42807
2.30462
2.18327
2.13106
2.22792
2.50224
2.89891
3.32072
3.67585
3.89847
3.95454
3.84154
3.58382
3.22508
2.81959
2.42371
2.08743
1.84403
1.6989
1.62787
1.59238
1.55847
1.50543
1.42481
1.3165
1.18513
1.03776
0.882445
0.727412
0.580293
0.447486
0.333608
0.241178
0.170572
0.12013
0.0862688
0.063866
0.0476224
0.0339014
0.0214099
0.0106227
0.00292884
0
0
0.00563636
0.022553
0.0505291
0.0891135
0.137652
0.195262
0.260827
0.33306
0.410642
0.492392
0.577448
0.66541
0.756384
0.850888
0.949586
1.0529
1.16062
1.27157
1.38359
1.49379
1.59911
1.69705
1.78633
1.86724
1.94147
2.0114
2.07916
2.14572
2.21048
2.27153
2.32628
2.37245
2.40881
2.43566
2.4546
2.46786
2.47745
2.4847
2.49041
2.49567
2.50244
2.51344
2.53094
2.55498
2.58188
2.60435
2.61348
2.60231
2.56943
2.521
2.46942
2.42832
2.40529
2.39668
2.38833
2.3627
2.30959
2.23792
2.18527
2.21453
2.38064
2.68378
3.06399
3.43738
3.72861
3.8862
3.88765
3.73862
3.46801
3.12031
2.74714
2.399
2.11663
1.92137
1.80839
1.75097
1.71518
1.67328
1.60872
1.51512
1.39338
1.24889
1.08945
0.923754
0.760324
0.606734
0.46902
0.351292
0.255568
0.181816
0.128165
0.0911535
0.0661327
0.0482404
0.0338198
0.0212151
0.0105245
0.00291308
0
0
0.00566353
0.0227445
0.0510879
0.0901996
0.13928
0.197244
0.262785
0.334474
0.410914
0.490883
0.573467
0.658147
0.744802
0.833589
0.924706
1.01807
1.11304
1.20818
1.30142
1.39027
1.47248
1.54671
1.6132
1.67408
1.73318
1.79503
1.86356
1.94061
2.02528
2.11404
2.20188
2.28364
2.35536
2.41497
2.46234
2.49849
2.52466
2.5415
2.54904
2.54735
2.5373
2.52086
2.50043
2.47747
2.45124
2.41855
2.37512
2.31838
2.25057
2.18032
2.12115
2.08639
2.08232
2.10454
2.14044
2.17654
2.20646
2.23643
2.286
2.38099
2.53806
2.75011
2.98467
3.19599
3.34056
3.38864
3.32976
3.17305
2.94351
2.67602
2.40847
2.1746
1.99702
1.8816
1.81706
1.78134
1.75083
1.70695
1.63845
1.54114
1.41648
1.26988
1.10907
0.942669
0.778995
0.625292
0.487193
0.368464
0.270925
0.194548
0.137667
0.0972547
0.0692831
0.0494016
0.034012
0.0211289
0.0104559
0.00290071
0
0
0.00568797
0.0229122
0.051561
0.0910728
0.140479
0.198478
0.263552
0.334122
0.408703
0.486034
0.565173
0.645534
0.726858
0.809082
0.892124
0.975637
1.05881
1.14029
1.21829
1.29083
1.35621
1.41358
1.46345
1.50816
1.55181
1.59968
1.65693
1.72706
1.81065
1.90511
2.00536
2.10525
2.19902
2.28227
2.35239
2.40823
2.44944
2.4758
2.48699
2.4829
2.46404
2.4318
2.38822
2.33532
2.27444
2.20612
2.13074
2.05006
1.96888
1.89593
1.84275
1.82027
1.8346
1.88515
1.96626
2.07053
2.19096
2.32106
2.454
2.58178
2.69508
2.78361
2.8371
2.84685
2.80779
2.72037
2.59162
2.43475
2.26715
2.10732
1.97119
1.86877
1.80206
1.76514
1.74649
1.73235
1.70967
1.66822
1.60164
1.50784
1.38869
1.24923
1.09649
0.938279
0.782125
0.634545
0.500635
0.383903
0.286242
0.207996
0.14809
0.104225
0.0731313
0.0510311
0.0344579
0.0211496
0.0104181
0.00289201
0
0
0.0057091
0.0230523
0.0519392
0.0917221
0.14125
0.198993
0.263223
0.33221
0.404399
0.47853
0.553705
0.629396
0.705379
0.78158
0.857872
0.933869
1.0088
1.0815
1.15055
1.21443
1.27188
1.32214
1.36541
1.4032
1.43849
1.47561
1.51948
1.57446
1.64302
1.72489
1.81703
1.91433
2.01083
2.10084
2.17974
2.24433
2.29269
2.32391
2.33771
2.3343
2.3142
2.2782
2.22739
2.16314
2.08742
2.00312
1.91452
1.82758
1.75008
1.69117
1.6602
1.66511
1.71106
1.79967
1.92859
2.09064
2.27329
2.45924
2.62853
2.76148
2.84171
2.85881
2.81023
2.70198
2.54788
2.36717
2.18104
2.00884
1.865
1.75734
1.68693
1.64923
1.63581
1.63627
1.63986
1.63666
1.61848
1.57947
1.51647
1.42917
1.31996
1.19338
1.05532
0.912118
0.769847
0.633795
0.508254
0.396444
0.300482
0.22135
0.158864
0.111696
0.0774674
0.0530329
0.0351259
0.0212711
0.010411
0.00288717
0
0
0.00572645
0.023162
0.0522172
0.0921451
0.141608
0.198854
0.261951
0.329042
0.398537
0.469239
0.5404
0.611702
0.683149
0.754893
0.826993
0.899214
0.970923
1.04111
1.10854
1.1719
1.23006
1.28222
1.32819
1.36864
1.40533
1.4411
1.47956
1.52446
1.57876
1.64379
1.71871
1.80053
1.88471
1.96597
2.03924
2.10038
2.1465
2.17608
2.18859
2.18408
2.16282
2.12514
2.07164
2.0036
1.92358
1.83585
1.74646
1.66312
1.59463
1.55032
1.53967
1.57191
1.65451
1.78991
1.97182
2.1842
2.40419
2.60737
2.77277
2.88588
2.93951
2.93292
2.87057
2.76088
2.61514
2.44615
2.26684
2.08926
1.92455
1.78299
1.67317
1.59958
1.55977
1.54412
1.53886
1.53044
1.50864
1.46758
1.4054
1.32322
1.22412
1.11224
0.992069
0.867972
0.743926
0.623453
0.509676
0.405358
0.312855
0.233922
0.169467
0.119309
0.0820721
0.055297
0.0359749
0.0214832
0.0104336
0.00288622
0
0
0.00573969
0.0232395
0.052393
0.0923472
0.141585
0.198147
0.259928
0.324972
0.391703
0.459056
0.526529
0.594137
0.662276
0.731499
0.802234
0.874532
0.947925
1.02144
1.09372
1.16327
1.22865
1.28878
1.34314
1.39201
1.43652
1.47867
1.521
1.56617
1.61641
1.67293
1.73553
1.80249
1.87082
1.93672
1.99624
2.04587
2.08285
2.10517
2.11135
2.10028
2.07128
2.02456
1.96188
1.88689
1.8049
1.72201
1.6439
1.57514
1.51966
1.48298
1.47548
1.51383
1.6159
1.7889
2.02023
2.2799
2.531
2.74066
2.88766
2.9657
2.98195
2.95162
2.89082
2.81061
2.71469
2.60101
2.46603
2.30909
2.13552
1.95752
1.79216
1.65642
1.56017
1.50112
1.46612
1.4381
1.4031
1.35337
1.28711
1.20639
1.11501
1.01681
0.914895
0.811381
0.707741
0.605273
0.505541
0.410617
0.323
0.245256
0.179478
0.12674
0.08673
0.0577068
0.0369574
0.0217727
0.0104838
0.0028891
0
0
0.00574863
0.0232843
0.0524678
0.0923403
0.141222
0.196975
0.257357
0.320357
0.384458
0.44878
0.513119
0.577883
0.643927
0.712277
0.783792
0.858845
0.93711
1.01751
1.09837
1.17765
1.25336
1.3239
1.38848
1.44724
1.50134
1.55268
1.6035
1.65585
1.71111
1.76956
1.83028
1.89125
1.94973
2.00275
2.04767
2.08241
2.10543
2.11524
2.11002
2.08763
2.04633
1.98625
1.91065
1.82633
1.74239
1.66735
1.60604
1.55812
1.5203
1.49203
1.48261
1.51472
1.617
1.80402
2.06099
2.34874
2.62026
2.83526
2.96938
3.01818
2.99596
2.92925
2.84632
2.76626
2.69289
2.61666
2.52281
2.40022
2.24694
2.0716
1.89106
1.72531
1.59022
1.49105
1.42073
1.36484
1.30936
1.24572
1.17172
1.08966
1.00363
0.917238
0.832359
0.749002
0.66604
0.582307
0.497547
0.412934
0.331014
0.255134
0.188585
0.133705
0.0912379
0.0601461
0.0380229
0.0221239
0.0105586
0.00289562
0
0
0.00575323
0.0232968
0.052446
0.0921417
0.140566
0.195442
0.254433
0.31552
0.377281
0.439038
0.500887
0.563607
0.628466
0.696898
0.770117
0.848725
0.932423
1.01992
1.10908
1.19727
1.2819
1.36096
1.43347
1.49969
1.56109
1.6199
1.67857
1.73906
1.80227
1.86769
1.93335
1.99613
2.05234
2.09853
2.13222
2.15222
2.15853
2.15158
2.13131
2.09681
2.04687
1.98158
1.90402
1.82102
1.74198
1.67574
1.62697
1.59448
1.5736
1.56211
1.56693
1.60726
1.70822
1.88415
2.12421
2.3942
2.65017
2.85226
2.97426
3.00862
2.96673
2.87455
2.76376
2.66051
2.57623
2.5056
2.43289
2.34187
2.22349
2.07893
1.91839
1.75722
1.61027
1.4865
1.38598
1.30147
1.22334
1.14448
1.06248
0.979056
0.897889
0.822153
0.752782
0.688049
0.624486
0.558541
0.488139
0.41354
0.337302
0.263508
0.19656
0.139961
0.0954125
0.0625058
0.0391211
0.0225199
0.0106544
0.00290549
0
0
0.00575359
0.0232785
0.0523346
0.0917731
0.139668
0.193648
0.251331
0.310728
0.370534
0.430264
0.490266
0.551599
0.615808
0.68457
0.759256
0.840485
0.92779
1.01953
1.11307
1.20531
1.29329
1.37488
1.44926
1.51707
1.58025
1.64152
1.70364
1.76868
1.83735
1.90869
1.97997
2.04707
2.10515
2.14957
2.17692
2.18582
2.17714
2.15353
2.11839
2.07467
2.02434
1.96882
1.91012
1.85175
1.79865
1.75588
1.72684
1.71241
1.71184
1.72536
1.757
1.81557
1.91187
2.05198
2.23035
2.42804
2.61719
2.7689
2.8609
2.88297
2.83905
2.74588
2.628
2.51012
2.40896
2.32816
2.25938
2.18858
2.10332
1.99748
1.87241
1.7354
1.59647
1.46472
1.34534
1.23863
1.14144
1.05004
0.962594
0.87998
0.804847
0.739578
0.684268
0.635848
0.58898
0.538181
0.479917
0.413758
0.342337
0.270379
0.203219
0.145302
0.0990954
0.0646894
0.0402053
0.0229438
0.0107672
0.00291831
0
0
0.00574997
0.0232317
0.052143
0.0912593
0.138579
0.191684
0.248191
0.306174
0.364451
0.422704
0.481458
0.541928
0.605767
0.674681
0.749952
0.831959
0.919854
1.01151
1.10387
1.19352
1.2775
1.354
1.42276
1.48512
1.54369
1.60167
1.66208
1.72696
1.79684
1.8704
1.94448
2.01442
2.07467
2.11973
2.14519
2.1489
2.13165
2.09736
2.05236
2.00396
1.95878
1.9215
1.89455
1.87853
1.87316
1.87788
1.89226
1.91602
1.94906
1.99144
2.04346
2.1058
2.17921
2.26374
2.35725
2.45401
2.54413
2.61491
2.65377
2.65193
2.60744
2.52644
2.42204
2.31083
2.20789
2.12199
2.05312
1.99378
1.93308
1.86122
1.77253
1.6666
1.54752
1.42215
1.29769
1.1796
1.07061
0.971254
0.881389
0.801603
0.733421
0.678091
0.634693
0.59905
0.564575
0.524617
0.474843
0.414506
0.346387
0.27569
0.208388
0.149555
0.102158
0.0666177
0.0412347
0.0233793
0.0108927
0.00293363
0
0
0.00574272
0.0231598
0.0518829
0.0906271
0.137351
0.189628
0.245115
0.301974
0.359144
0.416439
0.474484
0.534539
0.598206
0.667026
0.741983
0.823024
0.90878
0.996627
1.08315
1.16491
1.23927
1.30508
1.36299
1.41528
1.46537
1.51696
1.57318
1.63585
1.705
1.77876
1.85342
1.92395
1.98462
2.02981
2.05504
2.05797
2.03926
2.003
1.95639
1.90864
1.86921
1.84598
1.84372
1.86359
1.90353
1.95941
2.02618
2.09863
2.17177
2.24103
2.30259
2.35379
2.39352
2.42219
2.4413
2.45244
2.4562
2.4513
2.4345
2.40167
2.34967
2.27846
2.19215
2.09865
2.00762
1.92744
1.86231
1.81066
1.76574
1.71816
1.65905
1.58274
1.48811
1.37854
1.26054
1.14164
1.02837
0.925092
0.834176
0.756898
0.694136
0.64594
0.610225
0.581944
0.553959
0.519318
0.473554
0.415929
0.349353
0.279258
0.211891
0.152584
0.104509
0.0682323
0.0421764
0.0238113
0.0110263
0.00295092
2.27374e-13
0
0.00573236
0.0230668
0.0515671
0.0899047
0.136028
0.187541
0.24217
0.298176
0.354615
0.411402
0.469207
0.529246
0.592959
0.661599
0.735737
0.814833
0.897025
0.979318
1.05817
1.13036
1.19381
1.24822
1.29522
1.33803
1.3808
1.42764
1.48169
1.54438
1.61499
1.69062
1.76659
1.8371
1.89614
1.93851
1.9607
1.96167
1.94324
1.90999
1.86863
1.82707
1.79339
1.775
1.778
1.80633
1.86089
1.93889
2.03383
2.13634
2.23563
2.32143
2.38596
2.42537
2.44027
2.4348
2.41476
2.38545
2.35038
2.31098
2.26705
2.21736
2.16042
2.09533
2.02282
1.94579
1.86918
1.79876
1.73928
1.69243
1.65551
1.62172
1.58212
1.52849
1.45597
1.36439
1.25811
1.14444
1.03148
0.926159
0.833227
0.755307
0.693332
0.646564
0.612031
0.584254
0.55618
0.521185
0.475093
0.417309
0.350754
0.280791
0.213565
0.154302
0.106095
0.0694977
0.0430059
0.0242268
0.0111637
0.00296964
0
0
0.00571944
0.0229571
0.0512098
0.0891208
0.134655
0.185474
0.23939
0.294771
0.350779
0.407404
0.465328
0.525669
0.589646
0.658173
0.731416
0.80843
0.887055
0.964203
1.03652
1.10127
1.15709
1.20452
1.24598
1.2853
1.32698
1.37518
1.43278
1.50066
1.5772
1.65833
1.738
1.80917
1.86511
1.90079
1.91405
1.90625
1.88195
1.84784
1.81095
1.77714
1.75043
1.73373
1.73017
1.74387
1.77913
1.83817
1.91852
2.01209
2.10657
2.18879
2.24852
2.28129
2.28909
2.27882
2.25883
2.23539
2.21089
2.18444
2.15378
2.11696
2.07292
2.02145
1.96315
1.89972
1.83425
1.77111
1.71504
1.66944
1.63446
1.60586
1.57579
1.53522
1.47709
1.39861
1.30195
1.19331
1.08093
0.972888
0.875507
0.792654
0.725762
0.67394
0.63394
0.600371
0.566682
0.52688
0.477242
0.417316
0.349885
0.279974
0.213301
0.154683
0.10691
0.0704016
0.0437077
0.024615
0.0113009
0.00298921
0
0
0.00570463
0.0228359
0.0508259
0.088304
0.133272
0.183466
0.236792
0.291716
0.347492
0.404166
0.462405
0.523202
0.587533
0.655989
0.72841
0.803627
0.879447
0.953014
1.02148
1.08283
1.13653
1.18383
1.22765
1.27196
1.32101
1.37839
1.44621
1.52438
1.61028
1.69872
1.78253
1.85366
1.90471
1.93072
1.93056
1.90766
1.86946
1.82548
1.78453
1.75223
1.73
1.7163
1.70922
1.70878
1.71773
1.74018
1.77858
1.8308
1.88949
1.94444
1.98673
2.01235
2.02347
2.02685
2.03012
2.03789
2.04998
2.06244
2.07001
2.06833
2.05477
2.02843
1.98984
1.94095
1.88521
1.82754
1.77354
1.72791
1.69233
1.66399
1.63586
1.59895
1.54552
1.47164
1.37827
1.27067
1.1566
1.0443
0.940628
0.850146
0.774763
0.713821
0.664296
0.621266
0.578911
0.531987
0.477278
0.414459
0.34606
0.276581
0.211088
0.153779
0.106993
0.0709532
0.0442743
0.0249673
0.0114339
0.00300906
0
0
0.00568864
0.0227083
0.0504305
0.0874824
0.131917
0.181552
0.234381
0.288956
0.344594
0.401371
0.459912
0.521065
0.585568
0.653739
0.725208
0.798762
0.872416
0.943794
1.01076
1.07214
1.12819
1.18076
1.23298
1.28858
1.35109
1.42299
1.505
1.59561
1.69086
1.78458
1.86904
1.93617
1.97905
1.99363
1.97995
1.94279
1.89089
1.8351
1.78548
1.7486
1.72615
1.71562
1.7124
1.71238
1.71358
1.71644
1.72271
1.73353
1.7479
1.76288
1.77554
1.78525
1.79482
1.80943
1.83384
1.86961
1.91405
1.96114
2.00371
2.03537
2.05167
2.05042
2.03172
1.99785
1.95305
1.90311
1.85431
1.81169
1.77711
1.74798
1.7178
1.67831
1.62247
1.54671
1.45186
1.34265
1.22619
1.11015
1.00117
0.903815
0.820212
0.749997
0.690592
0.637746
0.586491
0.532405
0.472825
0.407564
0.338859
0.27059
0.207052
0.15172
0.106422
0.0711797
0.0447053
0.0252773
0.0115595
0.00302864
0
0
0.00567217
0.0225796
0.0500384
0.0866835
0.130627
0.179766
0.232172
0.286451
0.34195
0.398733
0.457343
0.518463
0.582612
0.649898
0.71985
0.791359
0.862791
0.932362
0.998695
1.06139
1.12136
1.18084
1.2429
1.31082
1.38717
1.47312
1.56781
1.66811
1.76866
1.86247
1.9418
1.99955
2.03064
2.03325
2.00955
1.96561
1.91046
1.85428
1.80629
1.77279
1.75608
1.75456
1.76378
1.77799
1.79165
1.8005
1.80216
1.79611
1.78335
1.76612
1.74787
1.73321
1.72744
1.73533
1.75949
1.79906
1.84966
1.90447
1.9559
1.99718
2.02346
2.03231
2.02377
2.00022
1.96593
1.92639
1.88706
1.85182
1.82142
1.79287
1.7603
1.7169
1.65728
1.57907
1.48352
1.37496
1.25962
1.14413
1.03434
0.934394
0.846333
0.770042
0.703462
0.643112
0.584949
0.525428
0.462493
0.396131
0.3283
0.262247
0.201471
0.148713
0.105308
0.0711213
0.0450056
0.0255407
0.0116748
0.00304745
0
0
0.00565596
0.0224548
0.0496641
0.0859334
0.129437
0.178148
0.230194
0.284202
0.3395
0.39608
0.454351
0.514814
0.577784
0.643231
0.710685
0.779234
0.847661
0.914772
0.979864
1.04315
1.10597
1.17061
1.23988
1.31633
1.40159
1.49561
1.59629
1.69932
1.79848
1.88644
1.95593
2.00127
2.01965
2.012
1.98309
1.94073
1.89431
1.85309
1.8245
1.81307
1.81991
1.84289
1.87727
1.91663
1.95382
1.98215
1.9964
1.99385
1.97487
1.94304
1.90458
1.86719
1.83837
1.82369
1.82551
1.84247
1.87007
1.90201
1.93175
1.95386
1.96481
1.96324
1.94977
1.9267
1.89748
1.86601
1.83563
1.808
1.78229
1.75515
1.72164
1.67676
1.61692
1.54098
1.45043
1.34892
1.24147
1.13337
1.02934
0.932874
0.845811
0.768254
0.698702
0.634504
0.572577
0.51028
0.446188
0.380492
0.314903
0.252071
0.194753
0.145017
0.103783
0.0708254
0.0451839
0.0257552
0.0117775
0.00306503
0
0
0.00564068
0.0223387
0.0493208
0.0852568
0.128385
0.176744
0.228501
0.282267
0.33729
0.393424
0.450884
0.50996
0.5708
0.633305
0.6971
0.761542
0.825851
0.889384
0.951994
1.01433
1.0779
1.14482
1.21732
1.29712
1.38484
1.47951
1.57835
1.6767
1.76842
1.8467
1.90523
1.93965
1.94879
1.93539
1.90586
1.86931
1.83577
1.81433
1.81147
1.83004
1.86908
1.92431
1.98927
2.05637
2.11796
2.16705
2.19816
2.20804
2.19646
2.16651
2.12411
2.07687
2.03231
1.99611
1.97091
1.95601
1.94805
1.94237
1.93445
1.92115
1.90117
1.87493
1.84403
1.81066
1.77716
1.74549
1.71679
1.69081
1.66569
1.63824
1.60461
1.56131
1.50603
1.43817
1.35889
1.2708
1.17744
1.08262
0.989891
0.902023
0.820653
0.746117
0.677506
0.613005
0.550466
0.488104
0.425073
0.361749
0.299617
0.240795
0.18739
0.140916
0.101981
0.0703412
0.0452516
0.02592
0.011866
0.00308101
0
0
0.00562697
0.0222358
0.0490206
0.0846766
0.127505
0.17561
0.227176
0.280766
0.335497
0.391007
0.447262
0.504321
0.562199
0.620815
0.679973
0.739374
0.798701
0.857828
0.917088
0.977455
1.04049
1.10801
1.18157
1.26199
1.34891
1.44058
1.53386
1.62434
1.70671
1.77537
1.82538
1.85353
1.85936
1.84576
1.81895
1.78767
1.7618
1.75049
1.76038
1.79412
1.84995
1.92235
2.00357
2.08537
2.16026
2.22217
2.26669
2.29131
2.29563
2.28154
2.25309
2.21569
2.1749
2.13503
2.09825
2.06424
2.03083
1.99512
1.95478
1.90901
1.85876
1.80622
1.75398
1.70426
1.65858
1.61769
1.5816
1.54942
1.51935
1.48878
1.45472
1.41442
1.36597
1.30857
1.24267
1.16975
1.09196
1.01183
0.931853
0.854173
0.780274
0.710748
0.645258
0.582746
0.521862
0.4615
0.401237
0.341541
0.283657
0.229244
0.179888
0.13668
0.100025
0.0697156
0.0452215
0.0260361
0.0119391
0.00309507
0
0
0.00561539
0.0221498
0.048774
0.0842129
0.126834
0.174802
0.22632
0.279878
0.334412
0.389291
0.44418
0.4989
0.553374
0.607614
0.661702
0.715759
0.769976
0.82475
0.880877
0.93964
1.00267
1.07156
1.14737
1.23011
1.31854
1.41011
1.5012
1.58745
1.66419
1.72701
1.77232
1.79801
1.804
1.79267
1.76886
1.7395
1.71276
1.69682
1.69828
1.72072
1.76374
1.82323
1.89268
1.96495
2.0338
2.09457
2.14419
2.18094
2.20419
2.2144
2.21312
2.2027
2.18563
2.16379
2.13777
2.10679
2.06917
2.02327
1.96848
1.90586
1.83807
1.76858
1.7007
1.63686
1.57842
1.52605
1.47984
1.43935
1.40329
1.36947
1.33506
1.29724
1.25387
1.20384
1.14712
1.08454
1.01744
0.947454
0.876361
0.805878
0.737426
0.671864
0.609337
0.54935
0.491073
0.433769
0.377172
0.321675
0.268259
0.218198
0.172688
0.132534
0.0980188
0.0689911
0.0451074
0.0261059
0.0119964
0.00310698
0
0
0.00560639
0.0220837
0.0485893
0.0838827
0.126401
0.174381
0.226047
0.279811
0.334408
0.3889
0.442622
0.495159
0.546377
0.596451
0.645821
0.6951
0.745045
0.796619
0.851112
0.910163
0.975574
1.0489
1.13092
1.22114
1.3176
1.41686
1.51435
1.60497
1.68368
1.74623
1.78973
1.813
1.81676
1.8036
1.77773
1.7446
1.71037
1.68119
1.66245
1.65782
1.66864
1.69372
1.72993
1.77327
1.81994
1.86698
1.91232
1.95447
1.99222
2.02462
2.051
2.07094
2.08397
2.08929
2.08551
2.07084
2.04361
2.00299
1.94966
1.88601
1.81575
1.74298
1.67132
1.6034
1.54095
1.48508
1.43644
1.39487
1.35899
1.32611
1.2928
1.25581
1.21288
1.16318
1.10703
1.04543
0.979654
0.91104
0.841062
0.771316
0.703336
0.638276
0.576633
0.518191
0.462257
0.408062
0.355177
0.303743
0.254442
0.208255
0.166116
0.128643
0.0960427
0.0682044
0.0449238
0.026133
0.012038
0.00311664
0
0
0.00560032
0.0220398
0.0484727
0.0836987
0.126232
0.174397
0.226459
0.280772
0.335873
0.390512
0.443691
0.494764
0.543565
0.590465
0.636301
0.682222
0.729594
0.779999
0.835283
0.897511
0.968739
1.05058
1.14368
1.24716
1.35838
1.4729
1.58484
1.6876
1.77479
1.8412
1.88366
1.90151
1.89664
1.87305
1.83605
1.79149
1.74505
1.70165
1.66521
1.63842
1.62276
1.61853
1.62513
1.64136
1.66576
1.69685
1.73312
1.77296
1.81466
1.85639
1.89626
1.93225
1.96208
1.98317
1.99283
1.98867
1.96926
1.93465
1.88666
1.82868
1.76497
1.69974
1.63649
1.5778
1.52547
1.48071
1.44387
1.41393
1.38821
1.3627
1.33305
1.29581
1.24926
1.19351
1.12993
1.06038
0.986636
0.910336
0.833174
0.757042
0.683856
0.615133
0.551592
0.493006
0.438426
0.386674
0.336877
0.288795
0.242831
0.199758
0.160351
0.125105
0.0941535
0.0673878
0.0446859
0.0261224
0.0120645
0.00312398
0
0
0.00559743
0.0220196
0.048428
0.0836681
0.126342
0.174881
0.22763
0.282921
0.339128
0.39472
0.448387
0.499259
0.547133
0.592559
0.636738
0.681322
0.728264
0.779773
0.838288
0.906353
0.986296
1.07975
1.1871
1.30695
1.43585
1.56819
1.69667
1.81305
1.90932
1.97901
2.01836
2.02701
2.00809
1.96749
1.91274
1.85161
1.791
1.73623
1.69079
1.65657
1.63421
1.62353
1.6239
1.63437
1.65376
1.6806
1.71313
1.74936
1.78717
1.82444
1.85903
1.88873
1.91111
1.92362
1.92387
1.91021
1.8823
1.84146
1.79073
1.7343
1.67671
1.62203
1.57338
1.53285
1.50167
1.48004
1.46676
1.45879
1.45139
1.43902
1.41662
1.38088
1.33084
1.2677
1.19396
1.1125
1.02596
0.936735
0.847273
0.760202
0.678082
0.602875
0.535424
0.475273
0.420956
0.370664
0.322958
0.277209
0.233599
0.192781
0.155439
0.121962
0.0923904
0.06657
0.0444094
0.0260798
0.0120771
0.00312907
0
0
0.00559779
0.0220235
0.0484559
0.0837923
0.126733
0.175842
0.229584
0.286327
0.344347
0.401893
0.457382
0.509731
0.558662
0.604815
0.649631
0.695113
0.743651
0.797958
0.860994
0.935737
1.02475
1.12958
1.2502
1.38451
1.52804
1.67403
1.81388
1.93809
2.03762
2.10535
2.13746
2.13422
2.10003
2.04257
1.97137
1.89615
1.82537
1.7653
1.7198
1.69044
1.6771
1.6785
1.69274
1.71752
1.75027
1.78814
1.82807
1.86691
1.90169
1.92987
1.9494
1.95868
1.95638
1.9415
1.91346
1.8725
1.82013
1.75931
1.69429
1.62999
1.5712
1.52187
1.48473
1.46125
1.4516
1.45437
1.46623
1.48189
1.49475
1.49802
1.48615
1.45588
1.40667
1.34028
1.25988
1.16904
1.07128
0.96998
0.868625
0.770814
0.679859
0.598155
0.526603
0.464446
0.40968
0.35991
0.313235
0.268758
0.226547
0.187202
0.151334
0.119222
0.0907814
0.0657773
0.0441099
0.0260117
0.0120775
0.00313204
0
0
0.00560141
0.0220511
0.0485547
0.0840658
0.127392
0.177253
0.232277
0.290936
0.351493
0.412058
0.47084
0.526548
0.578759
0.62806
0.675912
0.724396
0.776039
0.833751
0.900751
0.980281
1.07506
1.18658
1.31446
1.45595
1.60573
1.75611
1.89769
2.0204
2.11503
2.17478
2.19662
2.18193
2.13638
2.06891
1.99011
1.9105
1.83907
1.78238
1.7443
1.72619
1.72743
1.74594
1.77873
1.82217
1.87224
1.92463
1.97495
2.01896
2.05297
2.07408
2.08037
2.07086
2.04528
2.00403
1.94816
1.87961
1.80146
1.71797
1.6344
1.55633
1.48894
1.43631
1.4011
1.38435
1.38541
1.40163
1.42827
1.45867
1.48523
1.50057
1.49881
1.47652
1.43296
1.36967
1.28967
1.19668
1.09467
0.987801
0.88045
0.77701
0.681358
0.596157
0.522302
0.458829
0.403447
0.353503
0.306951
0.262849
0.221269
0.182793
0.147947
0.116874
0.0893478
0.0650336
0.0438032
0.0259253
0.0120677
0.00313312
0
0
0.0056081
0.022101
0.0487196
0.0844758
0.128289
0.179051
0.235591
0.296552
0.360277
0.424838
0.48831
0.549204
0.606872
0.661661
0.714785
0.768065
0.823767
0.88457
0.953545
1.0339
1.12844
1.23873
1.36442
1.5026
1.64772
1.79187
1.92552
2.03885
2.12328
2.17298
2.18608
2.1651
2.11657
2.0498
1.97526
1.9029
1.84086
1.79482
1.76787
1.76079
1.77248
1.80051
1.84147
1.89133
1.94571
2.00013
2.05023
2.09206
2.12234
2.13865
2.13942
2.12385
2.09172
2.04338
1.97977
1.90277
1.81546
1.72224
1.62862
1.54058
1.46371
1.40254
1.35997
1.33716
1.33335
1.34578
1.36966
1.39857
1.42523
1.44258
1.4449
1.42852
1.39208
1.33629
1.26334
1.17639
1.07924
0.976178
0.87185
0.770848
0.677107
0.593233
0.520056
0.45664
0.400847
0.350285
0.303182
0.258808
0.217336
0.179325
0.145189
0.114908
0.0881091
0.0643613
0.0435046
0.025828
0.01205
0.00313259
0
0
0.00561762
0.0221712
0.048943
0.0850028
0.129378
0.181138
0.239337
0.302844
0.370168
0.439455
0.508728
0.576322
0.641285
0.703547
0.76381
0.823318
0.883709
0.947039
1.01582
1.09291
1.18102
1.282
1.39601
1.52084
1.65165
1.78126
1.90096
2.00184
2.07631
2.11957
2.13057
2.11229
2.07115
2.01577
1.95541
1.89845
1.85134
1.81817
1.80065
1.79857
1.81035
1.83348
1.86497
1.90157
1.94005
1.97736
2.01082
2.03823
2.05795
2.06888
2.0702
2.06118
2.04091
2.00831
1.96246
1.90311
1.8314
1.75015
1.66389
1.5782
1.49884
1.43078
1.37755
1.34087
1.32064
1.315
1.32041
1.33199
1.34406
1.35092
1.34764
1.33068
1.29819
1.24993
1.18701
1.11157
1.0266
0.93572
0.842923
0.752138
0.66667
0.588691
0.518942
0.456812
0.400813
0.349313
0.30119
0.256127
0.214445
0.176655
0.143013
0.113328
0.0870863
0.0637818
0.0432291
0.0257275
0.0120271
0.00313081
0
0
0.00562956
0.0222587
0.0492151
0.0856211
0.130601
0.183389
0.243269
0.309368
0.380441
0.454801
0.530517
0.605786
0.679302
0.750436
0.819171
0.885938
0.951525
1.01714
1.08453
1.15594
1.23388
1.3205
1.41685
1.52213
1.63318
1.74456
1.84917
1.93942
2.00867
2.05257
2.07002
2.06333
2.03774
2.0003
1.95847
1.91881
1.88608
1.86278
1.8493
1.8445
1.84634
1.85262
1.86136
1.87097
1.88033
1.88868
1.89558
1.90088
1.90468
1.90728
1.90893
1.90937
1.90738
1.90061
1.88583
1.85989
1.82078
1.76848
1.70529
1.63541
1.56404
1.49627
1.43621
1.38645
1.34799
1.32025
1.30139
1.28845
1.27782
1.26564
1.24839
1.22331
1.18868
1.14389
1.08931
1.0261
0.956082
0.881507
0.804869
0.728613
0.654827
0.584988
0.519812
0.459286
0.402918
0.350131
0.300645
0.254622
0.212525
0.174776
0.141444
0.112163
0.0863076
0.0633173
0.0429916
0.0256318
0.0120017
0.00312817
0
0
0.00564344
0.0223598
0.0495237
0.0863001
0.131888
0.185659
0.247105
0.315621
0.39025
0.469565
0.551771
0.634993
0.71757
0.798233
0.876111
0.950695
1.02185
1.08994
1.15595
1.22158
1.28905
1.36077
1.43873
1.52379
1.61499
1.70922
1.80144
1.88545
1.95514
2.00587
2.03542
2.04447
2.03638
2.01632
1.99015
1.96321
1.93923
1.91991
1.90492
1.89258
1.88077
1.86777
1.85277
1.83595
1.81819
1.80072
1.78465
1.77087
1.76007
1.75302
1.7506
1.75346
1.76115
1.77144
1.78026
1.78263
1.77406
1.75188
1.71595
1.66845
1.61321
1.55462
1.49672
1.44259
1.39402
1.35157
1.31462
1.28166
1.25058
1.21911
1.18528
1.14764
1.10552
1.05884
1.008
0.953594
0.896253
0.836567
0.775081
0.712384
0.649182
0.586296
0.524572
0.464736
0.407341
0.352836
0.301702
0.254507
0.211794
0.173863
0.140599
0.111485
0.0858134
0.0629925
0.0428073
0.025549
0.0119769
0.00312513
0
0
0.00565872
0.0224704
0.0498552
0.0870059
0.133166
0.187799
0.250561
0.32109
0.398737
0.48239
0.570491
0.661182
0.752503
0.842541
0.929529
1.01197
1.08882
1.15971
1.22511
1.28637
1.3456
1.40545
1.46868
1.53755
1.61311
1.69449
1.77859
1.86036
1.93377
1.9932
2.03468
2.05684
2.06106
2.05103
2.03175
2.00828
1.98451
1.96241
1.9419
1.92149
1.89932
1.87411
1.84577
1.81543
1.78499
1.75643
1.73125
1.71013
1.69319
1.68049
1.67259
1.67038
1.67433
1.68343
1.69479
1.70408
1.70685
1.69982
1.6816
1.65277
1.6154
1.57231
1.52639
1.48004
1.43488
1.39162
1.35002
1.30909
1.26743
1.22377
1.17738
1.12835
1.07743
1.02572
0.974192
0.923307
0.872815
0.821849
0.769269
0.714165
0.656274
0.59613
0.53488
0.473919
0.414569
0.35794
0.304954
0.256376
0.21275
0.17427
0.140691
0.111405
0.0856596
0.062836
0.0426922
0.0254875
0.0119557
0.00312214
0
0
0.00567476
0.022586
0.050195
0.0877036
0.134361
0.189667
0.253377
0.325318
0.405128
0.49205
0.584841
0.681783
0.780737
0.879234
0.974656
1.06454
1.14697
1.22096
1.28668
1.34543
1.39947
1.45178
1.50567
1.56433
1.63011
1.70365
1.78315
1.86426
1.94075
2.0059
2.05412
2.08221
2.09002
2.0803
2.05783
2.02818
1.99626
1.9653
1.93648
1.90929
1.88249
1.85505
1.82687
1.79876
1.7722
1.74865
1.72901
1.7133
1.70084
1.69075
1.68248
1.67601
1.67148
1.66857
1.66615
1.6624
1.65544
1.64388
1.62725
1.60589
1.58076
1.55301
1.52368
1.49348
1.46266
1.43093
1.39748
1.36107
1.32039
1.27461
1.22382
1.16915
1.11253
1.05601
1.00118
0.948596
0.897636
0.846718
0.793938
0.737835
0.677984
0.615133
0.550852
0.486945
0.424975
0.366111
0.311236
0.261054
0.216071
0.176465
0.141998
0.112068
0.0859138
0.06288
0.0426628
0.0254554
0.0119412
0.00311966
0
0
0.0056909
0.0227018
0.0505281
0.088359
0.135407
0.191145
0.255346
0.327951
0.408835
0.497594
0.593375
0.694736
0.799542
0.904957
1.00766
1.10429
1.19213
1.26961
1.33666
1.3947
1.44631
1.49488
1.54412
1.59767
1.65834
1.72731
1.80332
1.88233
1.95807
2.02332
2.07163
2.09881
2.10381
2.08874
2.05821
2.01815
1.97443
1.93175
1.89299
1.85924
1.83031
1.80552
1.78429
1.76644
1.75213
1.74163
1.73498
1.73173
1.73088
1.73099
1.73054
1.72809
1.72243
1.71263
1.69817
1.67908
1.65607
1.63049
1.6041
1.57865
1.55553
1.53539
1.51807
1.50265
1.48765
1.4713
1.45166
1.42681
1.39511
1.35563
1.30852
1.2551
1.19754
1.1382
1.07896
1.02062
0.962751
0.903967
0.842672
0.777892
0.709859
0.640009
0.570381
0.502811
0.438451
0.377839
0.321313
0.269321
0.222392
0.180891
0.144785
0.113613
0.0866431
0.0631565
0.0427353
0.0254609
0.0119364
0.00311817
0
0
0.00570647
0.022813
0.0508399
0.0889404
0.136248
0.19214
0.25633
0.328777
0.409518
0.498469
0.595215
0.698738
0.807142
0.917499
1.02603
1.12867
1.22192
1.30361
1.37335
1.43257
1.48411
1.53167
1.5792
1.63034
1.6878
1.75263
1.82365
1.89715
1.96736
2.02761
2.07177
2.0957
2.098
2.08017
2.04607
2.00098
1.95054
1.89984
1.85278
1.81184
1.77817
1.75191
1.73262
1.71959
1.71221
1.70998
1.71257
1.71954
1.73014
1.74304
1.75631
1.7675
1.77392
1.77308
1.76328
1.74407
1.71651
1.68311
1.64733
1.61287
1.5829
1.55934
1.54256
1.53137
1.52352
1.51624
1.50667
1.4922
1.47063
1.44049
1.40126
1.35353
1.29881
1.23902
1.17589
1.11044
1.04272
0.972134
0.898124
0.820949
0.742125
0.66413
0.589435
0.519469
0.454283
0.393147
0.335508
0.281543
0.232017
0.18776
0.149189
0.11612
0.0878924
0.0636904
0.0429241
0.0255114
0.0119441
0.00311808
0
0
0.00572081
0.0229149
0.0511166
0.0894201
0.136839
0.1926
0.256272
0.327745
0.407121
0.494578
0.590152
0.693389
0.802891
0.915981
1.02876
1.13672
1.23566
1.32274
1.39703
1.45966
1.51339
1.56193
1.60917
1.65855
1.71242
1.7716
1.83503
1.89971
1.96113
2.01411
2.05392
2.07727
2.08288
2.07157
2.0458
2.00906
1.96516
1.91771
1.8698
1.82387
1.78173
1.74467
1.71357
1.68904
1.67153
1.66145
1.65916
1.6649
1.67861
1.69959
1.72624
1.75581
1.78445
1.80764
1.82101
1.82138
1.80762
1.78107
1.74524
1.70502
1.66549
1.63075
1.60313
1.58293
1.56869
1.55794
1.54784
1.53561
1.51873
1.49509
1.46318
1.42234
1.37278
1.31534
1.2511
1.18089
1.10514
1.02414
0.938638
0.850536
0.763
0.679714
0.603387
0.534491
0.471323
0.41146
0.353427
0.297382
0.24467
0.19689
0.155115
0.119558
0.0896618
0.0644925
0.0432395
0.0256134
0.0119668
0.0031198
0
0
0.00573326
0.0230032
0.0513459
0.089776
0.137154
0.192505
0.255194
0.324956
0.401866
0.486275
0.578656
0.679218
0.787314
0.900883
1.01631
1.12891
1.23398
1.32791
1.40897
1.47758
1.53594
1.58735
1.63536
1.68308
1.73266
1.78493
1.83932
1.89396
1.94604
1.99237
2.03008
2.05716
2.07274
2.07704
2.07102
2.05593
2.03286
2.00259
1.96556
1.92223
1.8734
1.82068
1.76658
1.71443
1.6679
1.63046
1.6049
1.59309
1.59602
1.61387
1.64574
1.68919
1.73976
1.79104
1.83558
1.86647
1.87895
1.87154
1.84621
1.80758
1.76166
1.71433
1.67016
1.63176
1.59981
1.57356
1.55145
1.53151
1.51148
1.48895
1.4615
1.42709
1.38433
1.33255
1.27166
1.20183
1.12351
1.03766
0.946348
0.853195
0.763107
0.680853
0.608908
0.546076
0.488371
0.43165
0.373892
0.315719
0.259434
0.207641
0.162192
0.123752
0.0918915
0.0655534
0.0436867
0.0257719
0.0120067
0.00312367
0
0
0.00574325
0.0230737
0.0515176
0.0899917
0.137178
0.191869
0.253184
0.320642
0.394206
0.474309
0.561798
0.657594
0.762008
0.87394
0.990446
1.10703
1.21863
1.32084
1.41092
1.48823
1.55399
1.6107
1.66135
1.70876
1.755
1.80124
1.84765
1.89355
1.93774
1.97882
2.01561
2.04735
2.07379
2.09502
2.11105
2.12145
2.12501
2.11966
2.10279
2.07186
2.02535
1.96361
1.88945
1.80809
1.72641
1.65177
1.59063
1.54778
1.52608
1.52684
1.54995
1.59348
1.65295
1.72102
1.78821
1.84469
1.88242
1.89677
1.88718
1.85668
1.8107
1.75552
1.69699
1.63972
1.58682
1.54004
1.50001
1.46641
1.43791
1.41223
1.38639
1.35724
1.32194
1.27831
1.22489
1.16092
1.08652
1.00304
0.913685
0.823666
0.739411
0.666264
0.605623
0.553848
0.504499
0.452205
0.395106
0.334822
0.274895
0.219015
0.169818
0.128402
0.0944645
0.0668432
0.0442647
0.0259906
0.0120654
0.00312996
0
0
0.00575027
0.0231234
0.0516235
0.0900572
0.136913
0.190737
0.250381
0.315125
0.384759
0.459707
0.541098
0.630545
0.729445
0.83795
0.954156
1.07407
1.19248
1.30421
1.40539
1.49407
1.57025
1.63541
1.69188
1.74211
1.78819
1.8316
1.87311
1.9129
1.95075
1.98639
2.01973
2.051
2.08072
2.10946
2.13734
2.16359
2.18611
2.20146
2.20511
2.19226
2.15904
2.10367
2.02745
1.93506
1.83397
1.73324
1.64189
1.56752
1.51555
1.48913
1.48931
1.51493
1.56219
1.62426
1.69179
1.7544
1.80271
1.83013
1.83375
1.8143
1.77524
1.7216
1.65885
1.59217
1.52609
1.46428
1.40937
1.3627
1.3241
1.29191
1.26341
1.23536
1.20445
1.16767
1.12251
1.06726
1.00144
0.926495
0.846383
0.76752
0.697252
0.640545
0.596636
0.558958
0.519108
0.471428
0.414965
0.352688
0.289421
0.229856
0.177279
0.133138
0.0972291
0.0683178
0.0449678
0.0262712
0.0121443
0.00313887
0
0
0.0057539
0.0231494
0.0516581
0.0899688
0.136372
0.18917
0.246956
0.308771
0.374213
0.443628
0.518316
0.600493
0.69268
0.796482
0.91135
1.0341
1.15953
1.28179
1.39579
1.49816
1.58757
1.6644
1.7302
1.78705
1.83696
1.88153
1.92177
1.95807
1.99047
2.01894
2.04377
2.06573
2.08614
2.10648
2.12796
2.15091
2.17423
2.19518
2.20954
2.21219
2.19821
2.16399
2.1084
2.03336
1.94381
1.84694
1.75098
1.66387
1.59229
1.54101
1.51266
1.50764
1.52391
1.55688
1.59968
1.64418
1.68236
1.70776
1.71639
1.70697
1.68048
1.63949
1.58747
1.52826
1.46571
1.40334
1.34392
1.28911
1.23945
1.19457
1.15358
1.1153
1.07807
1.03963
0.997265
0.94846
0.891889
0.828529
0.762434
0.700387
0.64953
0.613124
0.587444
0.563395
0.531788
0.487678
0.431458
0.367435
0.301506
0.239093
0.183912
0.137609
0.100036
0.0699309
0.0457878
0.0266142
0.012244
0.00315052
0
0
0.00575382
0.0231499
0.0516184
0.0897291
0.135582
0.187247
0.243091
0.301948
0.363243
0.427212
0.495222
0.569958
0.654993
0.753482
0.866457
0.991773
1.12439
1.2578
1.38564
1.50306
1.60728
1.69756
1.77473
1.84051
1.8969
1.94559
1.98758
2.02307
2.05166
2.07283
2.08643
2.09317
2.09473
2.09359
2.09244
2.09356
2.09817
2.10605
2.11539
2.12299
2.12482
2.11677
2.09558
2.05966
2.00959
1.9481
1.87957
1.80931
1.74262
1.68413
1.63733
1.60432
1.5856
1.58004
1.58489
1.59618
1.60937
1.62018
1.62519
1.62221
1.61023
1.58917
1.55956
1.52233
1.47851
1.42906
1.37466
1.31577
1.25297
1.18749
1.12149
1.05762
0.998085
0.943491
0.892481
0.842453
0.791151
0.738443
0.687412
0.643767
0.612796
0.594924
0.583744
0.569075
0.542292
0.499749
0.44313
0.377734
0.310101
0.245997
0.189267
0.141577
0.102782
0.0716483
0.0467175
0.0270192
0.0123646
0.00316493
2.27374e-13
0
0.00574984
0.023124
0.0515043
0.0893466
0.134575
0.185057
0.238969
0.294995
0.352441
0.411449
0.473387
0.54125
0.619498
0.71278
0.823791
0.951543
1.09123
1.23563
1.37706
1.50909
1.62743
1.73024
1.81777
1.89172
1.95441
2.00797
2.05365
2.09148
2.12041
2.13888
2.14562
2.14048
2.12478
2.10127
2.07363
2.04585
2.02157
2.00363
1.99366
1.99185
1.99682
2.00569
2.01456
2.0193
2.01646
2.00393
1.98135
1.94987
1.91171
1.8696
1.82636
1.78461
1.74663
1.71422
1.6885
1.66976
1.65745
1.65028
1.64654
1.64428
1.64149
1.63611
1.62598
1.6089
1.58267
1.54527
1.49509
1.4314
1.3548
1.26775
1.17453
1.08077
0.992072
0.912515
0.843542
0.78406
0.731876
0.685742
0.646773
0.617959
0.601323
0.594436
0.589715
0.577615
0.550956
0.507432
0.449608
0.383227
0.314935
0.250393
0.193248
0.144996
0.105445
0.0734613
0.0477538
0.0274851
0.0125059
0.00318204
0
0
0.00574191
0.0230715
0.051318
0.088835
0.133395
0.182695
0.234769
0.28821
0.342284
0.397101
0.454021
0.516207
0.588753
0.677558
0.786838
0.916724
1.06263
1.21663
1.36967
1.51369
1.64293
1.75451
1.84833
1.92646
1.99213
2.04859
2.09802
2.14088
2.17582
2.20033
2.21181
2.20857
2.19059
2.15956
2.11865
2.07201
2.0243
1.98039
1.94486
1.92143
1.91219
1.91698
1.9333
1.95682
1.98245
2.00546
2.02227
2.03077
2.0301
2.02034
2.00223
1.97713
1.94701
1.91437
1.88198
1.85236
1.82741
1.80805
1.79418
1.78478
1.77805
1.77149
1.76201
1.74609
1.72015
1.68091
1.626
1.5544
1.46692
1.36637
1.2575
1.1464
1.03955
0.942491
0.858738
0.789333
0.733385
0.689412
0.656571
0.634649
0.622467
0.615957
0.608064
0.591033
0.559464
0.512165
0.452105
0.384906
0.316784
0.252844
0.196215
0.148058
0.108107
0.0753935
0.0488992
0.0280102
0.0126667
0.00320168
0
0
0.00573007
0.0229931
0.0510645
0.0882129
0.132091
0.180265
0.230665
0.281854
0.333136
0.384685
0.437898
0.49601
0.564446
0.649898
0.757705
0.888913
1.03916
1.19993
1.36096
1.5127
1.64796
1.76293
1.85729
1.93372
1.9968
2.05156
2.10195
2.14981
2.19451
2.23342
2.26303
2.27998
2.28201
2.26824
2.23927
2.19706
2.14496
2.08772
2.03114
1.9813
1.94342
1.92065
1.91356
1.92028
1.93753
1.96161
1.98917
2.0174
2.04387
2.06639
2.08301
2.09236
2.09396
2.08834
2.07682
2.06108
2.04265
2.02257
2.00137
1.97908
1.95531
1.92917
1.89916
1.86316
1.81866
1.76331
1.69549
1.61479
1.52228
1.42052
1.31327
1.20514
1.10102
1.00534
0.921482
0.851221
0.79472
0.750902
0.718054
0.694114
0.676283
0.660374
0.640893
0.612361
0.571257
0.517346
0.453671
0.385301
0.317583
0.254693
0.198994
0.151193
0.110947
0.0774978
0.0501613
0.0285927
0.0128458
0.00322361
0
0
0.00571453
0.0228905
0.0507507
0.0875025
0.130718
0.177873
0.226833
0.276167
0.325279
0.374504
0.425365
0.481121
0.547208
0.630527
0.736922
0.86803
1.01979
1.18344
1.34794
1.50255
1.63886
1.75212
1.8417
1.91081
1.96537
2.01238
2.05818
2.10693
2.15993
2.21576
2.27091
2.32083
2.36066
2.38595
2.39311
2.38002
2.34663
2.29543
2.2313
2.16082
2.09089
2.02737
1.97434
1.93406
1.90766
1.89576
1.89858
1.91554
1.94485
1.98341
2.02718
2.07192
2.11374
2.14947
2.17659
2.19311
2.19742
2.18853
2.16627
2.13159
2.08636
2.03289
1.97314
1.90817
1.83796
1.76195
1.6799
1.59254
1.50173
1.41003
1.32002
1.23388
1.15313
1.07888
1.01188
0.952698
0.901481
0.857809
0.820556
0.787893
0.757302
0.72559
0.689151
0.644763
0.590732
0.527738
0.458784
0.388194
0.320216
0.257905
0.202754
0.154993
0.114203
0.079844
0.0515493
0.0292294
0.013041
0.00324749
0
0
0.0056956
0.0227661
0.0503854
0.0867289
0.129334
0.175634
0.223456
0.271389
0.318962
0.366731
0.416427
0.47133
0.536621
0.618819
0.723592
0.852802
1.00283
1.16518
1.32865
1.48186
1.6155
1.72388
1.8058
1.86446
1.90658
1.94077
1.97561
2.01798
2.07192
2.13822
2.21459
2.29614
2.3761
2.4467
2.50018
2.53004
2.53215
2.50556
2.45266
2.37852
2.28971
2.19309
2.09515
2.00193
1.9194
1.85343
1.8092
1.79008
1.79671
1.82701
1.87676
1.9404
2.0116
2.08346
2.14883
2.20064
2.23273
2.24077
2.22312
2.18132
2.11971
2.04432
1.96109
1.87433
1.78605
1.69663
1.60649
1.51757
1.43359
1.35875
1.29562
1.2438
1.2001
1.16022
1.12055
1.07922
1.03604
0.991742
0.947018
0.901828
0.855195
0.805413
0.750554
0.689173
0.621051
0.547653
0.47195
0.39758
0.32777
0.264566
0.208712
0.160053
0.118112
0.0824975
0.0530699
0.0299158
0.0132497
0.0032729
0
0
0.0056737
0.0226228
0.0499787
0.0859182
0.127999
0.173659
0.220718
0.267769
0.314433
0.361478
0.410874
0.465931
0.531414
0.613037
0.715742
0.841267
0.986529
1.14382
1.30251
1.4513
1.58041
1.6834
1.75818
1.80732
1.83741
1.85762
1.87784
1.90698
1.95155
2.01484
2.09656
2.19287
2.29686
2.39944
2.4907
2.56136
2.60423
2.61516
2.59335
2.54097
2.46232
2.36306
2.24976
2.12997
2.01228
1.90588
1.81949
1.75981
1.73058
1.73242
1.76339
1.81932
1.8938
1.9782
2.06205
2.13427
2.18481
2.20634
2.19563
2.15415
2.08758
2.00424
1.91262
1.81895
1.72601
1.63408
1.54367
1.45803
1.38362
1.32745
1.29279
1.27634
1.26947
1.26213
1.24665
1.21935
1.1803
1.13186
1.07702
1.01798
0.955552
0.889353
0.818507
0.742521
0.661958
0.578706
0.495674
0.416032
0.342362
0.276134
0.217718
0.166787
0.122829
0.0854955
0.0547207
0.0306448
0.0134687
0.00329936
0
0
0.00564937
0.0224643
0.0495416
0.0850963
0.126764
0.172052
0.218793
0.265551
0.311949
0.358861
0.40843
0.463983
0.529839
0.610768
0.710712
0.831022
0.96913
1.11847
1.26959
1.41202
1.53625
1.63544
1.70665
1.75137
1.77511
1.78633
1.79474
1.80969
1.83872
1.88674
1.95549
2.04334
2.14552
2.25469
2.36201
2.45843
2.53596
2.58866
2.6131
2.60823
2.575
2.516
2.43528
2.33849
2.2329
2.12691
2.02917
1.94732
1.88726
1.85283
1.84591
1.86616
1.91031
1.97163
2.04031
2.10491
2.15446
2.1805
2.17853
2.14857
2.09469
2.02356
1.9423
1.85632
1.76833
1.67939
1.59146
1.50983
1.443
1.39915
1.38082
1.3822
1.39141
1.39578
1.38619
1.3587
1.31406
1.25604
1.18928
1.11754
1.04276
0.965075
0.883783
0.798397
0.70946
0.618782
0.52911
0.443412
0.364144
0.292809
0.229915
0.175264
0.12837
0.0888277
0.0564865
0.0314063
0.0136943
0.00332632
0
0
0.00562322
0.0222945
0.0490855
0.0842864
0.125676
0.170894
0.21782
0.264945
0.311753
0.359022
0.408887
0.464618
0.530168
0.609502
0.705619
0.819386
0.948615
1.08791
1.22939
1.36407
1.48342
1.58095
1.65332
1.70091
1.72772
1.74053
1.74756
1.75698
1.77564
1.80838
1.85776
1.92407
2.00558
2.09878
2.19882
2.30008
2.39688
2.48408
2.55755
2.61419
2.65184
2.6691
2.66541
2.64125
2.59841
2.54019
2.47118
2.39699
2.32373
2.2576
2.2044
2.16874
2.15305
2.15659
2.17524
2.20231
2.23015
2.25182
2.26222
2.25838
2.23923
2.20495
2.15633
2.09432
2.0202
1.93637
1.84753
1.76122
1.68665
1.63139
1.59746
1.57974
1.56805
1.55147
1.52205
1.47645
1.41577
1.34397
1.26595
1.18556
1.10451
1.02245
0.93792
0.849666
0.757577
0.663001
0.568441
0.476906
0.3912
0.313407
0.244651
0.185161
0.134588
0.0924276
0.0583364
0.0321868
0.013922
0.0033532
0
0
0.00559591
0.022118
0.0486215
0.0835078
0.124761
0.170227
0.217871
0.266068
0.314007
0.362103
0.412195
0.467335
0.531204
0.607287
0.697988
0.803803
0.922784
1.0505
1.18062
1.30594
1.41963
1.51636
1.59314
1.64975
1.68873
1.71483
1.73406
1.75255
1.77548
1.80646
1.84734
1.8986
1.95993
2.03075
2.11059
2.1991
2.29583
2.39987
2.50952
2.62197
2.73316
2.83778
2.92961
3.00211
3.04938
3.0672
3.05395
3.01114
2.94344
2.85824
2.76464
2.67218
2.58948
2.52306
2.4767
2.45138
2.44589
2.45722
2.48086
2.51069
2.53906
2.55739
2.55743
2.533
2.48137
2.40421
2.30747
2.20026
2.09275
1.99346
1.9068
1.83213
1.76478
1.69856
1.62838
1.55181
1.46943
1.384
1.29882
1.21616
1.13621
1.05715
0.976221
0.891049
0.800623
0.705677
0.60847
0.512207
0.420323
0.335805
0.260686
0.195845
0.141196
0.0961775
0.0602247
0.0329698
0.0141472
0.00337937
0
0
0.00556815
0.0219391
0.04816
0.0827743
0.124028
0.170044
0.218918
0.26889
0.318712
0.36817
0.418463
0.472166
0.532691
0.603381
0.686541
0.782651
0.889997
1.00482
1.12201
1.23607
1.34215
1.43676
1.51809
1.58603
1.64205
1.68886
1.72997
1.76905
1.80928
1.85274
1.90014
1.95114
2.00509
2.06216
2.12424
2.19523
2.28029
2.38429
2.50999
2.6567
2.81978
2.99102
3.15945
3.31269
3.43841
3.52605
3.5684
3.56284
3.51202
3.42349
3.30862
3.18079
3.05349
2.93873
2.84611
2.78244
2.75169
2.75469
2.78856
2.84595
2.91501
2.98047
3.02628
3.03878
3.00969
2.93756
2.82745
2.6891
2.53428
2.3742
2.21754
2.06958
1.93235
1.80556
1.68788
1.57809
1.47578
1.3813
1.29503
1.21638
1.14324
1.07206
0.99886
0.920305
0.834603
0.7419
0.644192
0.544874
0.448026
0.357578
0.276534
0.206516
0.147821
0.0999238
0.0620948
0.0337362
0.0143646
0.00340423
0
0
0.00554069
0.0217624
0.0477109
0.0820936
0.123464
0.170279
0.22082
0.273192
0.32563
0.377092
0.427834
0.479631
0.535461
0.598688
0.671972
0.756289
0.850417
0.951146
1.05417
1.1553
1.25154
1.34148
1.42507
1.50299
1.57606
1.64509
1.71093
1.77451
1.83678
1.89835
1.95909
2.01818
2.07467
2.12869
2.18283
2.24272
2.31632
2.41183
2.53491
2.68664
2.86274
3.0543
3.24907
3.43302
3.59192
3.71297
3.78646
3.80731
3.77623
3.69984
3.58977
3.46081
3.3285
3.20711
3.1082
3.04016
3.00814
3.01417
3.05663
3.12921
3.21993
3.3116
3.38434
3.41973
3.40488
3.33487
3.21295
3.04867
2.85501
2.64568
2.43303
2.22703
2.03487
1.86095
1.70723
1.57369
1.45902
1.36117
1.27752
1.20479
1.13894
1.07541
1.00961
0.937729
0.857418
0.768217
0.671704
0.571236
0.471294
0.376529
0.290778
0.216375
0.154068
0.103499
0.0638838
0.0344655
0.0145692
0.00342716
0
0
0.00551423
0.0215923
0.0472828
0.0814677
0.123033
0.170812
0.223318
0.278556
0.334242
0.38843
0.440255
0.490412
0.541153
0.595722
0.65733
0.727925
0.807287
0.892988
0.981373
1.06913
1.15465
1.23842
1.32226
1.40792
1.49591
1.58526
1.67414
1.76068
1.84355
1.92205
1.99569
2.06389
2.1261
2.18263
2.2358
2.2906
2.35425
2.43431
2.53625
2.66155
2.80714
2.96614
3.12908
3.28528
3.42374
3.53414
3.60783
3.63926
3.62735
3.57635
3.49565
3.39822
3.29833
3.20903
3.14043
3.09899
3.08792
3.10802
3.15794
3.2332
3.32449
3.41692
3.49168
3.52996
3.51752
3.44782
3.32281
3.15137
2.94669
2.72329
2.49486
2.27281
2.06568
1.87904
1.7156
1.57561
1.45746
1.35827
1.27452
1.20231
1.1375
1.07577
1.01276
0.944567
0.868275
0.782643
0.68851
0.588798
0.487965
0.391004
0.302292
0.224746
0.159585
0.106742
0.0655295
0.0351373
0.0147558
0.00344759
0
0
0.00548947
0.0214333
0.0468836
0.0808946
0.122686
0.171481
0.226061
0.284394
0.343753
0.401357
0.45522
0.504831
0.551437
0.597813
0.647516
0.703635
0.767479
0.837994
0.912489
0.98841
1.06509
1.14432
1.22931
1.32255
1.42409
1.53121
1.63958
1.7448
1.84359
1.93419
2.01612
2.0895
2.15463
2.21212
2.26347
2.31172
2.36126
2.41693
2.48242
2.55917
2.64594
2.7395
2.83552
2.92933
3.01609
3.0906
3.14731
3.1812
3.18932
3.17248
3.1359
3.08851
3.04084
3.00253
2.98033
2.97738
2.99385
3.02834
3.07887
3.14234
3.21284
3.28023
3.33064
3.34943
3.32512
3.25253
3.13379
2.97736
2.79548
2.60135
2.40657
2.21959
2.04536
1.88593
1.74154
1.61164
1.49543
1.39199
1.30017
1.21851
1.14495
1.07669
1.01018
0.94147
0.866979
0.784401
0.693488
0.596316
0.496864
0.400017
0.310346
0.231149
0.164098
0.10952
0.0669758
0.0357321
0.0149196
0.00346499
0
0
0.00546706
0.0212892
0.0465204
0.0803705
0.122367
0.172107
0.228656
0.290021
0.353174
0.414681
0.471609
0.522331
0.566987
0.607561
0.647492
0.690719
0.740253
0.797031
0.86001
0.927718
1.00018
1.0797
1.16975
1.2725
1.38688
1.50845
1.63081
1.74767
1.85434
1.94842
2.02963
2.09907
2.15827
2.20858
2.25117
2.2874
2.31913
2.34859
2.37782
2.40818
2.44019
2.47387
2.50935
2.54712
2.58763
2.63023
2.67237
2.70986
2.73843
2.7559
2.76346
2.76562
2.7685
2.77765
2.79612
2.82376
2.85793
2.89505
2.93193
2.96605
2.99447
3.01253
3.01357
2.99034
2.93762
2.85442
2.74498
2.6178
2.4834
2.35126
2.22718
2.11216
2.00328
1.89609
1.78712
1.67534
1.56217
1.4506
1.34406
1.24532
1.15577
1.07491
1.00028
0.927963
0.853592
0.773683
0.686731
0.593707
0.497758
0.403263
0.314634
0.235335
0.167435
0.111734
0.0681768
0.0362333
0.0150562
0.00347892
0
0
0.00544754
0.0211637
0.0462003
0.0798932
0.122026
0.17252
0.230719
0.294745
0.361439
0.426964
0.487732
0.541258
0.586715
0.625187
0.659611
0.694214
0.733347
0.780075
0.835558
0.89987
0.97362
1.05876
1.15765
1.27089
1.39572
1.52612
1.65441
1.77319
1.87704
1.96333
2.03233
2.08647
2.12921
2.16379
2.19249
2.2166
2.23682
2.25371
2.26793
2.28022
2.2914
2.30253
2.31511
2.33117
2.35284
2.38141
2.41645
2.45567
2.49586
2.53452
2.57106
2.60688
2.64434
2.68504
2.72849
2.77154
2.80907
2.83539
2.84591
2.83802
2.81104
2.7654
2.70195
2.62204
2.52828
2.42562
2.32154
2.22497
2.1438
2.08173
2.03613
1.99852
1.95761
1.90323
1.82936
1.7352
1.62454
1.50416
1.38191
1.26489
1.15807
1.06345
0.97976
0.903161
0.828608
0.75156
0.669364
0.581874
0.491235
0.401039
0.315245
0.237277
0.169532
0.113328
0.0691
0.0366271
0.0151621
0.00348902
0
0
0.00543141
0.02106
0.0459301
0.0794643
0.12163
0.172593
0.231943
0.297973
0.367563
0.43674
0.501587
0.559098
0.60776
0.647893
0.681776
0.713444
0.74791
0.789853
0.842511
0.907599
0.986174
1.07926
1.1873
1.30875
1.43913
1.57135
1.69713
1.80875
1.90068
1.97057
2.01959
2.05198
2.07381
2.0913
2.10928
2.13041
2.15529
2.18321
2.21286
2.24295
2.27242
2.30064
2.32745
2.3532
2.37873
2.40505
2.43308
2.46335
2.49608
2.53157
2.5705
2.61383
2.66202
2.71408
2.76671
2.81414
2.84875
2.8626
2.84917
2.80497
2.73025
2.62892
2.50772
2.37533
2.24162
2.11718
2.01257
1.93663
1.89394
1.88217
1.89148
1.90678
1.91189
1.8936
1.84435
1.76305
1.65451
1.52766
1.39336
1.26204
1.14173
1.03653
0.946224
0.867031
0.793373
0.719967
0.643349
0.562478
0.478517
0.39412
0.312589
0.23714
0.170424
0.114289
0.0697266
0.0369039
0.0152347
0.00349502
0
0
0.00541902
0.0209809
0.045717
0.0790924
0.121171
0.172266
0.232148
0.29931
0.370811
0.442778
0.511266
0.573073
0.626309
0.670748
0.708041
0.741736
0.776836
0.818763
0.87208
0.939716
1.02303
1.12212
1.2357
1.36044
1.49069
1.61887
1.73672
1.83683
1.91407
1.96671
1.99697
2.01077
2.01662
2.02362
2.0393
2.06797
2.11039
2.16451
2.22666
2.29273
2.35883
2.42156
2.47808
2.52615
2.56425
2.59192
2.61004
2.62098
2.62836
2.63662
2.65026
2.67296
2.70651
2.74996
2.79905
2.84636
2.88215
2.89598
2.87874
2.82469
2.7329
2.60776
2.45845
2.29765
2.13972
1.99899
1.88783
1.81469
1.78193
1.78441
1.81002
1.84224
1.86378
1.86016
1.8223
1.74778
1.64077
1.51066
1.36974
1.23047
1.10291
0.992651
0.900076
0.821298
0.750358
0.681614
0.61125
0.537683
0.461239
0.383606
0.307305
0.235229
0.170217
0.114635
0.0700514
0.0370582
0.0152722
0.0034968
0
0
0.00541061
0.0209284
0.045568
0.078793
0.120676
0.171563
0.231322
0.298642
0.370852
0.444357
0.515421
0.580912
0.638819
0.688571
0.731269
0.769802
0.808651
0.853132
0.908207
0.977385
1.06223
1.16236
1.27555
1.39764
1.52266
1.64328
1.75189
1.84186
1.90878
1.95149
1.97267
1.97879
1.9791
1.98384
2.00188
2.03873
2.0957
2.17043
2.25819
2.35313
2.44916
2.54041
2.62136
2.68706
2.73358
2.75871
2.76271
2.74878
2.72293
2.69324
2.66845
2.65636
2.66216
2.68718
2.72826
2.77791
2.82525
2.85775
2.86335
2.83288
2.76204
2.65255
2.51211
2.35318
2.19104
2.0413
1.9175
1.82891
1.77881
1.76358
1.77324
1.79326
1.80737
1.80076
1.76297
1.68978
1.58388
1.45387
1.31214
1.1719
1.04409
0.934882
0.844744
0.769514
0.703036
0.639739
0.575938
0.509872
0.441225
0.370751
0.300146
0.231928
0.169069
0.114412
0.0700802
0.0370885
0.0152739
0.00349432
0
0
0.00540629
0.0209039
0.0454899
0.0785888
0.1202
0.170595
0.229646
0.296195
0.367877
0.441491
0.513675
0.581556
0.643187
0.69781
0.746048
0.790051
0.833437
0.880798
0.936735
1.00476
1.08657
1.1818
1.28821
1.40185
1.51738
1.62857
1.72911
1.81354
1.87825
1.9222
1.94746
1.95917
1.96494
1.97363
1.99351
2.03063
2.08766
2.16381
2.25538
2.35665
2.46068
2.55989
2.64666
2.71407
2.75664
2.77136
2.7584
2.72162
2.66833
2.60848
2.55323
2.51309
2.49613
2.5064
2.54298
2.59981
2.66629
2.72881
2.77288
2.78578
2.75897
2.68986
2.58233
2.44597
2.29435
2.14266
2.00529
1.89347
1.8135
1.7656
1.74379
1.73692
1.73086
1.71137
1.66728
1.59292
1.48931
1.36365
1.22741
1.09331
0.972045
0.869506
0.785758
0.716377
0.655364
0.597698
0.54025
0.481376
0.420264
0.356799
0.291882
0.227645
0.167159
0.113683
0.0698279
0.0369971
0.0152401
0.0034877
2.27374e-13
0
0.00540604
0.0209079
0.0454885
0.0785061
0.119826
0.169555
0.227479
0.292533
0.362651
0.435071
0.5069
0.575641
0.639544
0.697782
0.750589
0.799373
0.846742
0.896213
0.951537
1.01581
1.09074
1.17632
1.27095
1.37169
1.47464
1.57533
1.66928
1.75253
1.82226
1.87716
1.91779
1.94664
1.96795
1.98721
2.01033
2.04264
2.08791
2.14763
2.22076
2.30372
2.39082
2.47485
2.54799
2.60286
2.63373
2.63751
2.61442
2.56821
2.50585
2.43672
2.37152
2.32086
2.29375
2.29609
2.32937
2.3899
2.46876
2.55285
2.62687
2.67607
2.68896
2.65937
2.58742
2.47918
2.34537
2.19949
2.0556
1.9262
1.82028
1.74175
1.68873
1.65378
1.62556
1.59135
1.54025
1.46583
1.36771
1.25144
1.12689
1.00532
0.896191
0.804381
0.729347
0.66668
0.611057
0.558475
0.506655
0.454211
0.399912
0.342846
0.283195
0.222753
0.164661
0.112512
0.0693154
0.0367893
0.0151724
0.00347715
0
0
0.00540969
0.02094
0.0455676
0.0785718
0.119647
0.168685
0.225317
0.288512
0.356464
0.426846
0.497258
0.565634
0.630493
0.691039
0.747217
0.799792
0.850392
0.901372
0.955421
1.01496
1.08157
1.15569
1.23662
1.3228
1.41212
1.50217
1.59048
1.67475
1.75293
1.82339
1.88507
1.93757
1.98138
2.01798
2.04981
2.08008
2.11229
2.14953
2.19386
2.24559
2.30289
2.36172
2.41634
2.46031
2.48772
2.49458
2.47963
2.44472
2.39455
2.33608
2.27772
2.22847
2.19681
2.18937
2.20954
2.25622
2.32332
2.40028
2.47365
2.52956
2.55622
2.54601
2.49657
2.41081
2.29615
2.16317
2.02401
1.89059
1.77272
1.67642
1.60272
1.54743
1.50218
1.45652
1.40077
1.32865
1.23893
1.13565
1.0267
0.921297
0.826971
0.747213
0.680946
0.624226
0.572897
0.52427
0.476989
0.429896
0.381348
0.329724
0.274613
0.217547
0.161722
0.110966
0.068567
0.0364735
0.015073
0.00346301
0
0
0.00541695
0.020999
0.0457283
0.0788075
0.119756
0.168237
0.22371
0.285142
0.350944
0.419181
0.487909
0.555469
0.620652
0.682733
0.741482
0.797188
0.850693
0.903349
0.956829
1.0128
1.07259
1.13692
1.20595
1.27943
1.35687
1.43772
1.52134
1.60681
1.69281
1.77744
1.85837
1.93297
1.9988
2.05408
2.09815
2.13192
2.15791
2.18007
2.20312
2.23156
2.26844
2.3141
2.36558
2.41698
2.46094
2.49063
2.50147
2.49215
2.46454
2.42317
2.3743
2.32514
2.28298
2.25425
2.24331
2.25152
2.27653
2.31232
2.35002
2.3794
2.39079
2.37687
2.33385
2.26193
2.16508
2.0503
1.92664
1.8038
1.6905
1.59276
1.51271
1.44816
1.39327
1.3402
1.28135
1.21158
1.12968
1.03862
0.944453
0.85414
0.773106
0.703438
0.643785
0.591004
0.542304
0.496273
0.452312
0.409342
0.365285
0.317939
0.266465
0.212226
0.158452
0.1091
0.0676088
0.0360601
0.0149451
0.00344573
0
0
0.00542737
0.0210823
0.0459678
0.079225
0.120222
0.168426
0.223155
0.283385
0.347721
0.414555
0.482301
0.549593
0.615383
0.678975
0.740026
0.79855
0.854926
0.909855
0.964278
1.01923
1.07568
1.13445
1.19622
1.26161
1.33131
1.40607
1.48648
1.57255
1.6633
1.75654
1.84904
1.93688
2.01615
2.0836
2.13732
2.17727
2.20571
2.2272
2.24816
2.27573
2.31593
2.37157
2.44068
2.51657
2.58952
2.64953
2.68896
2.70387
2.69418
2.66286
2.61478
2.55583
2.49221
2.42988
2.3739
2.32787
2.29339
2.26973
2.25367
2.23988
2.2218
2.19306
2.14885
2.08694
2.00806
1.91572
1.81559
1.71436
1.61835
1.53199
1.45692
1.39167
1.33226
1.27344
1.21018
1.13928
1.0604
0.976145
0.891219
0.810672
0.738073
0.674363
0.618103
0.566961
0.519302
0.474674
0.432911
0.392834
0.351953
0.307657
0.258873
0.206885
0.154922
0.106961
0.0664677
0.0355615
0.0147927
0.00342582
0
0
0.00544043
0.0211864
0.046279
0.0798222
0.121076
0.169379
0.223983
0.283925
0.348006
0.414871
0.483142
0.551528
0.618926
0.684508
0.747802
0.808733
0.867591
0.924923
0.981407
1.03775
1.09466
1.15281
1.21297
1.27605
1.34319
1.41567
1.49458
1.58028
1.67184
1.7668
1.86138
1.95124
2.03234
2.10181
2.15846
2.20316
2.23889
2.27068
2.30505
2.34897
2.40803
2.48445
2.5755
2.67353
2.76763
2.84643
2.90073
2.92523
2.91877
2.88357
2.82412
2.74613
2.65577
2.55924
2.46234
2.37019
2.28695
2.21546
2.15663
2.10899
2.06871
2.03045
1.9888
1.93969
1.88133
1.81432
1.74125
1.66573
1.59131
1.52039
1.45365
1.38997
1.32688
1.26137
1.19088
1.11429
1.03249
0.948348
0.86582
0.788666
0.719124
0.657303
0.601702
0.550535
0.502906
0.458882
0.418413
0.380098
0.341143
0.298746
0.251782
0.201526
0.151164
0.104586
0.0651706
0.0349913
0.0146202
0.00340388
0
0
0.00545547
0.021307
0.0466499
0.0805807
0.122304
0.171111
0.22628
0.286983
0.352227
0.42083
0.491427
0.562537
0.632708
0.700752
0.765983
0.828359
0.888431
0.947119
1.00542
1.0642
1.1241
1.18561
1.2492
1.3154
1.38495
1.45872
1.53748
1.62144
1.70968
1.79985
1.88836
1.9712
2.04501
2.10809
2.16079
2.20552
2.24618
2.28766
2.33506
2.39298
2.46434
2.54925
2.64404
2.7412
2.83062
2.90164
2.94553
2.95716
2.93564
2.88384
2.80715
2.71228
2.60618
2.49543
2.38587
2.28245
2.18922
2.1091
2.04359
1.99221
1.9523
1.91945
1.88863
1.85541
1.81692
1.7721
1.72145
1.66638
1.60844
1.54871
1.48739
1.42374
1.35636
1.28374
1.20502
1.12061
1.03251
0.944089
0.859145
0.780821
0.7106
0.648061
0.591595
0.539657
0.491667
0.447824
0.407957
0.370432
0.332319
0.290852
0.245009
0.196092
0.147189
0.102009
0.0637452
0.0343647
0.0144327
0.00338056
0
0
0.00547179
0.0214386
0.0470645
0.0814659
0.123843
0.173512
0.229861
0.292257
0.359906
0.4317
0.506101
0.581185
0.654889
0.725451
0.791859
0.854144
0.913349
0.971186
1.0295
1.08982
1.15309
1.21968
1.28958
1.36253
1.43819
1.51623
1.59636
1.6781
1.76049
1.84179
1.91941
1.99049
2.05275
2.10547
2.14989
2.18901
2.22681
2.26723
2.3134
2.36705
2.42822
2.49492
2.56297
2.62611
2.67673
2.70732
2.7122
2.68901
2.63927
2.56785
2.4817
2.38835
2.29468
2.20627
2.12713
2.05971
2.00511
1.96313
1.93242
1.91046
1.8938
1.87854
1.86096
1.83826
1.80893
1.77276
1.73051
1.68339
1.63249
1.57836
1.52072
1.4585
1.39018
1.31443
1.23084
1.14058
1.04647
0.952528
0.86299
0.781074
0.70811
0.643476
0.585464
0.532539
0.484104
0.440202
0.400396
0.362874
0.324759
0.283512
0.238314
0.1905
0.143
0.0992591
0.0622207
0.0336976
0.0142354
0.00335652
0
0
0.00548863
0.0215753
0.0475029
0.0824292
0.125587
0.176368
0.234316
0.299008
0.369817
0.445611
0.524536
0.604069
0.681397
0.754065
0.820647
0.881208
0.937326
0.99166
1.04719
1.10642
1.17088
1.24106
1.31654
1.39634
1.47906
1.56307
1.64673
1.72853
1.80712
1.88123
1.94948
2.01045
2.06304
2.10699
2.14331
2.17414
2.20221
2.22993
2.2586
2.28791
2.31596
2.33947
2.35431
2.35609
2.34098
2.30663
2.2531
2.18344
2.10345
2.02072
1.94312
1.87742
1.82826
1.79783
1.78594
1.79037
1.80725
1.83156
1.85757
1.87953
1.89237
1.89249
1.87832
1.8505
1.81151
1.76492
1.71455
1.66352
1.61362
1.56488
1.51561
1.46279
1.40295
1.33329
1.25266
1.16223
1.06543
0.967241
0.872875
0.786357
0.70951
0.64192
0.581903
0.527827
0.478855
0.434668
0.394487
0.356394
0.317714
0.276261
0.231467
0.184677
0.138605
0.0963737
0.060628
0.0330068
0.0140338
0.00333243
0
0
0.0055052
0.0217108
0.0479426
0.0834121
0.127403
0.179397
0.239093
0.306249
0.380344
0.46015
0.543446
0.627098
0.707571
0.781744
0.847764
0.905632
0.957296
1.00617
1.05621
1.11086
1.17229
1.24127
1.31742
1.39963
1.48624
1.57511
1.6638
1.74986
1.83118
1.90624
1.97405
2.03396
2.08545
2.12817
2.16203
2.18736
2.20478
2.21482
2.2174
2.21147
2.19489
2.16475
2.11811
2.05294
1.96923
1.86976
1.76051
1.65013
1.54878
1.46646
1.41136
1.38856
1.39933
1.44093
1.50712
1.58929
1.67772
1.76251
1.83444
1.8857
1.91089
1.9079
1.87837
1.82744
1.76268
1.69267
1.62538
1.56677
1.51958
1.48275
1.45183
1.42018
1.38085
1.32836
1.26005
1.17669
1.08223
0.982796
0.884986
0.794146
0.71312
0.642134
0.579771
0.524336
0.474664
0.429965
0.389089
0.350077
0.310551
0.268733
0.224307
0.178592
0.134036
0.0933968
0.059001
0.0323095
0.0138334
0.00330895
0
0
0.00552073
0.0218384
0.0483597
0.0843508
0.129142
0.182289
0.243598
0.312944
0.389841
0.472942
0.559717
0.646569
0.729441
0.804739
0.87027
0.925873
0.973538
1.01691
1.06028
1.10749
1.16109
1.22227
1.29123
1.3677
1.451
1.53978
1.63189
1.7245
1.81471
1.9
1.97861
2.04931
2.1111
2.16275
2.20274
2.22936
2.241
2.23637
2.21454
2.17483
2.11671
2.03983
1.94439
1.83177
1.70529
1.57079
1.4365
1.31224
1.2082
1.13413
1.09882
1.10862
1.16449
1.25985
1.38177
1.51453
1.64276
1.75314
1.8352
1.88176
1.88967
1.86026
1.79932
1.71628
1.62269
1.5306
1.45088
1.39147
1.35548
1.34011
1.33726
1.33598
1.32547
1.29753
1.24803
1.17733
1.08987
0.992823
0.894162
0.800626
0.716283
0.642266
0.577669
0.520876
0.470426
0.425071
0.383334
0.343277
0.302864
0.26073
0.216783
0.172275
0.129351
0.0903835
0.0573761
0.0316232
0.0136392
0.00328667
0
0
0.00553451
0.0219518
0.0487309
0.0851819
0.130661
0.184748
0.247286
0.318172
0.396904
0.482044
0.57091
0.659726
0.744278
0.820845
0.887097
0.94266
0.989166
1.02974
1.06806
1.10746
1.15031
1.19817
1.25237
1.31437
1.38558
1.46655
1.55634
1.65245
1.75135
1.84936
1.94323
2.03026
2.10809
2.17426
2.22589
2.25981
2.27285
2.26244
2.2271
2.1668
2.08306
1.97882
1.85829
1.72686
1.59092
1.45764
1.33422
1.22705
1.14164
1.08399
1.06215
1.08458
1.15424
1.26359
1.39604
1.53171
1.65239
1.74392
1.79703
1.80754
1.77637
1.70922
1.61572
1.50792
1.39868
1.30039
1.22407
1.17767
1.16358
1.17672
1.20557
1.23577
1.25395
1.25033
1.21999
1.16318
1.08473
0.992582
0.895668
0.80176
0.715925
0.640158
0.574134
0.516419
0.465365
0.419376
0.376766
0.335706
0.294527
0.252251
0.208968
0.165824
0.124642
0.0873999
0.0557918
0.0309647
0.0134563
0.00326612
0
0
0.00554586
0.0220454
0.0490343
0.0858475
0.131831
0.186526
0.249718
0.32124
0.400531
0.486138
0.575456
0.664912
0.750605
0.829144
0.898371
0.957724
1.00812
1.05142
1.08976
1.12502
1.15875
1.19269
1.22945
1.27263
1.32604
1.39236
1.47196
1.56279
1.6611
1.76254
1.86288
1.9583
2.04541
2.12091
2.18143
2.22343
2.24343
2.23849
2.20683
2.14842
2.06534
1.96181
1.84388
1.71887
1.5947
1.47891
1.37775
1.29544
1.23463
1.19805
1.19003
1.21515
1.27403
1.35955
1.45746
1.55052
1.62297
1.66334
1.66558
1.62926
1.55907
1.46382
1.35481
1.24402
1.14271
1.06094
1.00747
0.988262
1.00351
1.04569
1.10126
1.15483
1.1927
1.20518
1.18755
1.1404
1.06896
0.9816
0.887659
0.795312
0.710063
0.634372
0.568283
0.510496
0.459259
0.412799
0.369403
0.327466
0.285706
0.243493
0.201055
0.159402
0.120025
0.0845204
0.0542874
0.0303503
0.013289
0.00324777
0
0
0.00555425
0.022114
0.0492513
0.0862995
0.132551
0.187442
0.250611
0.321743
0.400198
0.484612
0.572707
0.66152
0.74796
0.829455
0.904373
0.972063
1.03254
1.086
1.13246
1.17184
1.20443
1.23182
1.25754
1.28676
1.32484
1.37534
1.43875
1.51284
1.59407
1.6788
1.76382
1.84629
1.92346
1.99257
2.0508
2.09535
2.12347
2.13269
2.12115
2.08801
2.03392
1.96128
1.87426
1.77849
1.68058
1.58734
1.50494
1.43806
1.3896
1.36098
1.35265
1.36391
1.39172
1.42962
1.46805
1.49629
1.5049
1.48774
1.44291
1.37293
1.28412
1.18541
1.08672
0.997491
0.925848
0.878756
0.861809
0.877422
0.922257
0.986724
1.05739
1.1203
1.16354
1.17894
1.16304
1.11733
1.04762
0.962491
0.87115
0.781456
0.698615
0.624915
0.560324
0.503476
0.452556
0.405807
0.361705
0.318996
0.276805
0.234809
0.193327
0.153215
0.115638
0.0818235
0.0529009
0.0297944
0.0131408
0.00323195
0
0
0.00555923
0.0221537
0.0493676
0.086503
0.132758
0.187402
0.249854
0.319591
0.395893
0.477575
0.562918
0.64991
0.736683
0.821883
0.904709
0.984609
1.06079
1.13188
1.19592
1.25093
1.29586
1.33167
1.36181
1.39151
1.42567
1.46655
1.51294
1.56151
1.60914
1.65458
1.69846
1.7421
1.78622
1.83035
1.87298
1.91206
1.94545
1.97104
1.98677
1.99055
1.98057
1.95567
1.91581
1.86253
1.79899
1.72975
1.66017
1.59546
1.53974
1.49533
1.46242
1.43925
1.42231
1.40681
1.38741
1.35914
1.31841
1.26374
1.19617
1.1191
1.03791
0.959155
0.889682
0.835935
0.803567
0.796949
0.817976
0.86451
0.929862
1.00393
1.0752
1.13257
1.16696
1.17261
1.14793
1.09578
1.02268
0.937211
0.847978
0.76189
0.683158
0.613253
0.551594
0.496546
0.446286
0.399292
0.354445
0.310961
0.268381
0.226643
0.186116
0.147494
0.111622
0.0793855
0.0516668
0.029309
0.0130144
0.0032189
0
0
0.00556054
0.0221619
0.0493737
0.0864386
0.132426
0.186399
0.247514
0.315012
0.388098
0.46584
0.547215
0.631358
0.717832
0.806688
0.898135
0.991965
1.08701
1.18095
1.27059
1.35262
1.42464
1.48624
1.5393
1.58703
1.6318
1.67301
1.70694
1.72889
1.73631
1.73097
1.7188
1.70766
1.70439
1.71265
1.73253
1.76172
1.79695
1.83497
1.87261
1.90642
1.93245
1.94653
1.94501
1.92567
1.88843
1.83545
1.77065
1.69885
1.62474
1.55207
1.48317
1.41891
1.35892
1.30202
1.24659
1.19099
1.13392
1.07475
1.01391
0.953173
0.895783
0.846229
0.809718
0.791266
0.794473
0.820294
0.866363
0.927298
0.995662
1.06301
1.12077
1.16101
1.17747
1.16668
1.12877
1.06772
0.990428
0.905133
0.819457
0.738929
0.666311
0.601857
0.544192
0.491387
0.441783
0.394332
0.348513
0.304099
0.261031
0.219456
0.179757
0.142458
0.108109
0.0772739
0.0506137
0.0289031
0.0129117
0.00320871
0
0
0.00555803
0.0221374
0.0492662
0.0861031
0.131571
0.184515
0.243827
0.30852
0.377747
0.450852
0.52752
0.608005
0.693221
0.784522
0.883131
0.989453
1.1026
1.22031
1.33915
1.45516
1.56463
1.66497
1.75507
1.83452
1.90192
1.95356
1.98364
1.98681
1.96143
1.91189
1.84865
1.78564
1.73615
1.70887
1.70608
1.72467
1.75879
1.80221
1.8492
1.89439
1.9323
1.9574
1.96481
1.95139
1.91639
1.86153
1.79031
1.70706
1.61611
1.52139
1.42658
1.33525
1.25092
1.17658
1.11386
1.06232
1.01933
0.981211
0.944924
0.909744
0.877943
0.854159
0.843625
0.849978
0.87375
0.912291
0.960863
1.01394
1.06602
1.11178
1.14599
1.16367
1.16073
1.13505
1.08751
1.02221
0.945681
0.865248
0.787211
0.715496
0.651287
0.593595
0.540382
0.489682
0.440297
0.391898
0.344703
0.299063
0.255278
0.213648
0.174534
0.138294
0.105205
0.0755406
0.0497613
0.0285819
0.0128332
0.00320136
0
0
0
0
0
0
0
0
0
0
0
0
0
0
0
0
0
0
0
0
0
0
0
9.8109e-07
0
0
9.45589e-07
0
0
0
0
0
8.62667e-07
0
0
6.246e-07
4.05306e-07
0
0
0
6.82594e-07
6.28044e-07
0
0
0
5.62142e-07
1.82906e-07
0
0
0
2.56101e-07
5.38008e-07
2.81686e-07
2.09262e-07
1.53776e-07
3.31085e-07
0
2.46807e-07
0
0
0
0
0
3.49568e-07
1.90131e-07
0
0
3.69463e-07
0
0
0
0
0
0
0
5.12329e-07
0
0
0
0
0
0
0
0
0
0
0
0
0
0
0
0
0
0
0
0
0
0
0
0
0
