NUMBER_OF_POINTS=10000
DIMENSION=1
TYPE=Scalar
0
0.00236759
0.00916378
0.019628
0.0328004
0.0477721
0.0638708
0.0807389
0.0983097
0.116726
0.136264
0.157298
0.180315
0.205926
0.234802
0.267507
0.304273
0.34482
0.388332
0.43356
0.478994
0.522994
0.563932
0.600411
0.631596
0.657529
0.679256
0.69859
0.717553
0.737615
0.759014
0.780429
0.799164
0.811822
0.815248
0.80742
0.788026
0.758618
0.722413
0.683826
0.64787
0.619483
0.602865
0.600886
0.614646
0.643267
0.684009
0.732667
0.784104
0.832755
0.873164
0.90069
0.912403
0.907923
0.889761
0.862811
0.833014
0.805636
0.783804
0.767863
0.755718
0.743915
0.728961
0.708394
0.681273
0.648086
0.610306
0.569907
0.529056
0.489965
0.45472
0.424938
0.401324
0.383349
0.369298
0.356704
0.34301
0.326245
0.305497
0.281062
0.25423
0.226786
0.200447
0.176426
0.155293
0.137118
0.121713
0.108785
0.0979408
0.0886591
0.0803038
0.0721274
0.0633172
0.0532231
0.0417278
0.0294841
0.0178047
0.00824149
0.00208258
0
0
0.0023771
0.00922004
0.0197585
0.032994
0.0479803
0.0640317
0.0808042
0.0982581
0.116561
0.136002
0.156982
0.180056
0.205988
0.235712
0.270136
0.309821
0.354662
0.403706
0.455199
0.506793
0.555853
0.599826
0.636663
0.665257
0.68576
0.699641
0.709373
0.717805
0.727347
0.73924
0.753151
0.767249
0.77877
0.784858
0.783418
0.773718
0.756644
0.734616
0.711262
0.690893
0.677858
0.675837
0.687158
0.712266
0.749489
0.795175
0.844175
0.890494
0.927977
0.951041
0.955501
0.939498
0.904257
0.854292
0.796742
0.73983
0.69086
0.654429
0.631562
0.620017
0.615522
0.613286
0.609283
0.600975
0.587445
0.5691
0.547217
0.523547
0.50001
0.478417
0.460115
0.445596
0.43423
0.42428
0.413277
0.398697
0.378701
0.352712
0.32158
0.287293
0.25236
0.219102
0.189136
0.163224
0.141454
0.123549
0.109063
0.097421
0.0879236
0.079754
0.0719591
0.0635136
0.0536204
0.0421331
0.0297733
0.0179516
0.00828844
0.00208835
0
0
0.00238605
0.00927615
0.0198998
0.033232
0.0482982
0.0644015
0.0812076
0.0986962
0.11705
0.136569
0.157668
0.180954
0.207298
0.237808
0.273602
0.315401
0.36309
0.415452
0.47019
0.524218
0.574132
0.616746
0.649636
0.671616
0.683022
0.685723
0.682801
0.677938
0.674653
0.675558
0.681848
0.693158
0.707819
0.723428
0.737552
0.748371
0.755138
0.758384
0.759847
0.762128
0.768111
0.780263
0.799956
0.826962
0.859267
0.893224
0.923998
0.946199
0.954594
0.944893
0.914598
0.863833
0.795927
0.717428
0.637288
0.565198
0.509343
0.474219
0.459657
0.461718
0.474677
0.492702
0.510843
0.525555
0.534903
0.538452
0.536916
0.531738
0.524669
0.517366
0.510984
0.505798
0.500965
0.494589
0.484149
0.467232
0.442328
0.409412
0.370053
0.327032
0.283588
0.242609
0.206056
0.174821
0.148965
0.128097
0.111619
0.0987947
0.0887522
0.0804713
0.0727647
0.0643929
0.0544406
0.0427637
0.030162
0.0181326
0.00834322
0.00209487
0
0
0.00239429
0.00933152
0.0200518
0.0335176
0.0487375
0.065007
0.0819951
0.0996874
0.118266
0.138028
0.159389
0.182979
0.209717
0.240777
0.277328
0.320079
0.368794
0.421999
0.477037
0.530427
0.578422
0.617624
0.645552
0.661082
0.664698
0.658482
0.645849
0.631042
0.61848
0.612042
0.614421
0.626673
0.648097
0.676493
0.70876
0.741647
0.772471
0.7996
0.822625
0.842175
0.859472
0.875746
0.891667
0.906945
0.920155
0.92883
0.929762
0.919474
0.894816
0.85365
0.795579
0.722589
0.639386
0.553227
0.473071
0.407967
0.364685
0.345339
0.347066
0.364428
0.39184
0.424308
0.457478
0.487893
0.513351
0.533006
0.547172
0.556921
0.563629
0.568521
0.572264
0.574645
0.574433
0.569541
0.557516
0.536276
0.504871
0.463982
0.415946
0.364267
0.312775
0.264752
0.222348
0.186463
0.157057
0.13359
0.115322
0.101388
0.0907671
0.0822434
0.0744098
0.0658577
0.0556125
0.0435731
0.0306254
0.0183379
0.00840338
0.00210193
0
0
0.0024017
0.00938551
0.0202133
0.0338509
0.0493025
0.0658611
0.0831944
0.101281
0.120288
0.140491
0.162292
0.186301
0.213413
0.244741
0.281357
0.32384
0.371824
0.423758
0.476994
0.528173
0.573768
0.610658
0.636626
0.650721
0.653452
0.646795
0.634028
0.619377
0.607491
0.602749
0.608463
0.6262
0.655469
0.693901
0.737849
0.783178
0.826039
0.86346
0.893638
0.915912
0.930465
0.937912
0.938893
0.933763
0.922435
0.904339
0.878514
0.843825
0.799329
0.74475
0.680997
0.610545
0.537525
0.467404
0.406241
0.359624
0.33146
0.323035
0.332854
0.357343
0.391814
0.431313
0.471355
0.508528
0.540797
0.567455
0.588801
0.605685
0.619068
0.629629
0.637466
0.641896
0.641428
0.633981
0.617374
0.590002
0.551504
0.503172
0.447895
0.389607
0.332415
0.279717
0.233638
0.194962
0.163485
0.138514
0.119199
0.104594
0.0935804
0.0847992
0.076689
0.0677531
0.0570297
0.0444978
0.0311323
0.0185558
0.00846615
0.00210929
0
0
0.00240818
0.00943737
0.0203824
0.0342281
0.0499878
0.0669582
0.0848039
0.103489
0.123154
0.144043
0.166514
0.191114
0.21862
0.249968
0.286011
0.327144
0.372966
0.422124
0.472437
0.521232
0.565778
0.603715
0.633399
0.654144
0.666356
0.671564
0.672334
0.672034
0.674388
0.682814
0.69967
0.7257
0.759898
0.799799
0.842007
0.882795
0.918687
0.946945
0.965845
0.974711
0.973733
0.963699
0.945749
0.921192
0.891346
0.857383
0.820177
0.780261
0.737954
0.693652
0.648181
0.603048
0.560475
0.523162
0.493818
0.474592
0.466633
0.469906
0.483273
0.504663
0.531302
0.560097
0.588174
0.613404
0.634682
0.651848
0.665367
0.675906
0.683978
0.689693
0.692604
0.691642
0.685176
0.671236
0.647952
0.614128
0.569801
0.516563
0.457456
0.396416
0.337428
0.283692
0.237109
0.19825
0.166743
0.141785
0.122472
0.107843
0.0967534
0.0877846
0.0793204
0.0698721
0.0585575
0.0454625
0.0316478
0.0187737
0.00852862
0.00211668
0
0
0.00241365
0.00948633
0.0205561
0.0346416
0.0507778
0.0682715
0.0867839
0.106261
0.126814
0.148641
0.172031
0.197409
0.225351
0.256512
0.291444
0.330358
0.372935
0.418288
0.465095
0.511831
0.557018
0.599423
0.638211
0.673039
0.704114
0.732203
0.75856
0.784732
0.812217
0.842014
0.874239
0.907988
0.941515
0.972606
0.998985
1.01864
1.03007
1.03244
1.02567
1.01032
0.987487
0.958627
0.925495
0.890081
0.854475
0.820608
0.789968
0.763456
0.741457
0.724051
0.711212
0.702908
0.699101
0.699645
0.704115
0.71167
0.721083
0.730975
0.74013
0.747693
0.753148
0.756194
0.75671
0.754833
0.751033
0.746027
0.740541
0.735039
0.729537
0.723542
0.716072
0.70572
0.690765
0.66938
0.639981
0.60167
0.554672
0.500572
0.44219
0.383071
0.326728
0.275906
0.232139
0.19576
0.166274
0.142844
0.124593
0.11061
0.0998006
0.0907763
0.0819666
0.0719749
0.060046
0.0463867
0.0321359
0.0189794
0.00858796
0.00212385
0
0
0.00241806
0.00953156
0.0207306
0.0350806
0.0516477
0.0697523
0.089052
0.109474
0.131093
0.154053
0.178548
0.204831
0.233208
0.263984
0.297367
0.333389
0.371892
0.412605
0.45527
0.49974
0.545991
0.594075
0.644049
0.69593
0.749659
0.805045
0.861651
0.918624
0.974534
1.02729
1.07429
1.11273
1.14016
1.15496
1.15658
1.14561
1.12355
1.09253
1.055
1.01347
0.970296
0.927671
0.887649
0.852168
0.82295
0.801301
0.787993
0.783294
0.787019
0.798437
0.816118
0.837965
0.861524
0.884381
0.904426
0.919914
0.929484
0.932226
0.927826
0.916633
0.899583
0.878015
0.853491
0.827677
0.802206
0.778452
0.757274
0.73884
0.722628
0.70757
0.692238
0.675014
0.654228
0.628321
0.596076
0.55692
0.511219
0.460423
0.406947
0.353732
0.303629
0.258795
0.220355
0.188425
0.162457
0.141664
0.125264
0.112456
0.102244
0.0933364
0.0842795
0.0738187
0.0613477
0.0471933
0.0325632
0.0191614
0.00864159
0.00213056
0
0
0.00242139
0.00957227
0.0209015
0.0355313
0.0525644
0.0713339
0.0914885
0.11293
0.135694
0.159859
0.185502
0.212674
0.241382
0.271551
0.303036
0.335688
0.369507
0.404825
0.442417
0.483452
0.52927
0.581087
0.639744
0.705558
0.778214
0.856636
0.93881
1.02164
1.10098
1.17189
1.22928
1.26872
1.28727
1.2841
1.2606
1.22008
1.16712
1.10683
1.04418
0.983518
0.928309
0.881097
0.84355
0.816525
0.800167
0.794122
0.79783
0.81064
0.831541
0.858652
0.889027
0.919077
0.945374
0.965319
0.977373
0.980894
0.975857
0.962652
0.942023
0.915069
0.883226
0.848228
0.812047
0.776774
0.744348
0.716166
0.692731
0.673564
0.657399
0.64254
0.627201
0.609721
0.588677
0.562962
0.531891
0.495344
0.453923
0.409012
0.362653
0.317203
0.274862
0.237223
0.205039
0.178265
0.156361
0.138637
0.124437
0.113081
0.103686
0.0950831
0.0859527
0.0751916
0.0623356
0.0478171
0.0329017
0.0193104
0.00868734
0.00213659
0
0
0.00242368
0.00960773
0.0210644
0.0359786
0.0534905
0.0729384
0.0939497
0.116389
0.140241
0.16551
0.192148
0.220008
0.248806
0.278119
0.30747
0.336526
0.365383
0.394827
0.426436
0.462394
0.505055
0.556449
0.617926
0.689981
0.772147
0.862814
0.958992
1.05615
1.14835
1.22878
1.29073
1.32873
1.33972
1.32362
1.28339
1.22444
1.15359
1.07808
1.00459
0.938593
0.883981
0.842869
0.815647
0.801295
0.797973
0.803704
0.816774
0.835587
0.858094
0.881388
0.901941
0.916446
0.922705
0.920049
0.909137
0.891395
0.86841
0.841527
0.811713
0.779635
0.745912
0.711446
0.677682
0.646572
0.620097
0.599544
0.584927
0.574957
0.5675
0.56021
0.551008
0.538303
0.521028
0.4986
0.470897
0.438287
0.401676
0.362505
0.322618
0.283984
0.248338
0.216859
0.190028
0.167696
0.14935
0.13439
0.122256
0.112352
0.103877
0.0957515
0.0867673
0.0759415
0.062919
0.0482121
0.0331321
0.0194197
0.00872358
0.00214176
0
0
0.00242496
0.00963736
0.0212146
0.036407
0.0543876
0.0744859
0.0962879
0.1196
0.14434
0.170432
0.197714
0.225871
0.254391
0.282585
0.30972
0.335301
0.359441
0.383172
0.40854
0.438314
0.475396
0.522188
0.580201
0.649963
0.730986
0.821597
0.91863
1.01721
1.11087
1.19219
1.25391
1.29034
1.29855
1.27903
1.23565
1.17483
1.10444
1.03249
0.966085
0.910616
0.869263
0.84287
0.830265
0.828962
0.835989
0.848464
0.863698
0.87893
0.891088
0.896965
0.893901
0.88062
0.857736
0.827627
0.793713
0.75945
0.727394
0.698619
0.672664
0.648046
0.623173
0.597337
0.571326
0.547304
0.527889
0.514859
0.508229
0.50625
0.50619
0.505268
0.501252
0.492655
0.478669
0.459025
0.433898
0.403902
0.370114
0.334059
0.297568
0.2625
0.230409
0.202287
0.178473
0.158763
0.142653
0.129575
0.118991
0.110311
0.102742
0.0952314
0.0866227
0.0759959
0.0630546
0.0483565
0.0332449
0.019486
0.00874934
0.00214593
0
0
0.00242534
0.00966077
0.0213482
0.0368021
0.0552204
0.0759048
0.0983729
0.122345
0.147655
0.17414
0.20155
0.229463
0.257244
0.284066
0.309075
0.331688
0.351984
0.371039
0.391007
0.414804
0.445449
0.485366
0.535998
0.597806
0.670365
0.752265
0.840781
0.93157
1.01869
1.0952
1.1543
1.19071
1.20194
1.18887
1.15563
1.10867
1.05552
1.00343
0.958314
0.924103
0.90256
0.893525
0.895411
0.905712
0.921346
0.938785
0.954143
0.963412
0.962959
0.950229
0.924443
0.887026
0.841536
0.793031
0.74694
0.707699
0.677532
0.655897
0.639954
0.625881
0.610432
0.59211
0.571569
0.551137
0.533634
0.521009
0.513504
0.509723
0.507389
0.504177
0.498233
0.488305
0.473647
0.453877
0.428934
0.399155
0.365408
0.329139
0.292239
0.256702
0.224229
0.195908
0.172127
0.152697
0.137103
0.124735
0.114978
0.107153
0.100386
0.093577
0.0855469
0.0753701
0.0627515
0.0482551
0.0332421
0.0195093
0.00876429
0.00214901
0
0
0.00242495
0.00967785
0.0214619
0.0371521
0.0559606
0.0771401
0.100111
0.124477
0.149965
0.176329
0.20326
0.23031
0.256842
0.282065
0.305174
0.325624
0.343476
0.359689
0.376198
0.395658
0.420862
0.454098
0.496754
0.549313
0.611484
0.682193
0.759311
0.839342
0.91738
0.987598
1.04428
1.08311
1.10225
1.10282
1.08854
1.06477
1.0372
1.01081
0.989322
0.975109
0.969498
0.97296
0.985063
1.0042
1.02729
1.04989
1.06677
1.07299
1.06502
1.04155
1.00379
0.95532
0.901454
0.848247
0.801308
0.764544
0.739235
0.723888
0.71501
0.708406
0.700441
0.688886
0.673227
0.65442
0.63421
0.614306
0.595773
0.578846
0.563111
0.547827
0.532175
0.515328
0.496414
0.474484
0.448628
0.418269
0.383505
0.345328
0.305555
0.266445
0.230159
0.198274
0.171555
0.150015
0.133166
0.12029
0.110594
0.103201
0.0970761
0.0909954
0.0836904
0.0741652
0.0620702
0.0479392
0.0331361
0.019493
0.00876877
0.00215094
0
0
0.00242395
0.00968878
0.0215537
0.0374485
0.056589
0.07816
0.101457
0.125941
0.151209
0.176933
0.202784
0.228362
0.253155
0.276571
0.298048
0.317252
0.334316
0.350022
0.365864
0.383892
0.406368
0.435327
0.47223
0.517828
0.572154
0.634473
0.703105
0.775228
0.846893
0.913464
0.970474
1.01464
1.04462
1.06116
1.06663
1.06411
1.05664
1.04686
1.0372
1.03014
1.02834
1.03421
1.04898
1.07174
1.09902
1.12518
1.14384
1.14959
1.13939
1.11317
1.07367
1.0257
0.975079
0.927652
0.888272
0.860051
0.843887
0.838413
0.840355
0.845194
0.848043
0.844651
0.832331
0.810461
0.780365
0.744662
0.706397
0.668309
0.632421
0.599926
0.571213
0.54589
0.522791
0.500072
0.475517
0.447069
0.413474
0.374763
0.332361
0.288742
0.246753
0.208887
0.176762
0.150957
0.131192
0.116652
0.106276
0.0988912
0.0932099
0.0878199
0.0813074
0.0725552
0.0611157
0.0474623
0.0329491
0.0194436
0.00876371
0.00215173
0
0
0.00242254
0.00969408
0.0216227
0.037687
0.0570977
0.0789584
0.102422
0.126781
0.151495
0.176154
0.200436
0.224046
0.246694
0.26812
0.288177
0.306945
0.324811
0.342498
0.361029
0.381682
0.40591
0.435231
0.471059
0.514483
0.566019
0.625342
0.691088
0.760776
0.830984
0.897817
0.957599
1.00754
1.04611
1.07299
1.08865
1.09401
1.09034
1.07953
1.06451
1.0494
1.03894
1.03744
1.04717
1.06724
1.09331
1.11867
1.13619
1.14035
1.12859
1.10166
1.06312
1.01832
0.973288
0.933703
0.904205
0.887819
0.885499
0.895786
0.914727
0.936299
0.953479
0.959801
0.950889
0.92539
0.885025
0.833823
0.776938
0.719508
0.665837
0.61896
0.580475
0.550467
0.527521
0.508876
0.490863
0.469651
0.4422
0.407105
0.365014
0.318433
0.270967
0.226314
0.187367
0.155718
0.131629
0.114356
0.102584
0.0947701
0.0892899
0.0844774
0.078728
0.0707686
0.0600265
0.0468957
0.0327102
0.0193695
0.00875048
0.00215142
0
0
0.00242096
0.00969466
0.02167
0.0378674
0.0574891
0.0795535
0.103063
0.127139
0.151092
0.174438
0.196873
0.21824
0.238508
0.257817
0.276559
0.295425
0.315324
0.337168
0.361673
0.389315
0.420501
0.455827
0.496208
0.542742
0.59628
0.656888
0.723454
0.793631
0.86414
0.931312
0.991687
1.04244
1.08151
1.10755
1.11978
1.11811
1.10357
1.07875
1.04811
1.01761
0.993582
0.981157
0.982563
0.996207
1.01696
1.03758
1.05078
1.05104
1.03583
1.00588
0.964786
0.918075
0.872205
0.833589
0.807726
0.798359
0.806672
0.830703
0.865289
0.902787
0.934513
0.952554
0.951434
0.929167
0.887409
0.830788
0.765701
0.698986
0.636804
0.583869
0.543001
0.514928
0.498242
0.489553
0.483934
0.475787
0.460097
0.433708
0.396168
0.349775
0.298807
0.248238
0.202443
0.164317
0.134997
0.114098
0.100225
0.0914943
0.0858981
0.0814547
0.0763273
0.0690654
0.0589604
0.0463205
0.0324529
0.0192807
0.00873079
0.00215007
0
0
0.00241947
0.00969178
0.0216976
0.0379938
0.0577754
0.0799832
0.103481
0.127225
0.150387
0.172412
0.19302
0.212178
0.230094
0.247291
0.264741
0.283891
0.306406
0.333627
0.366058
0.403285
0.444404
0.488697
0.536144
0.587464
0.643617
0.705032
0.770962
0.839331
0.907068
0.970713
1.02696
1.07296
1.10633
1.12518
1.12819
1.11513
1.08743
1.04868
1.00457
0.962102
0.928098
0.907525
0.902206
0.910355
0.927012
0.945194
0.957442
0.957426
0.94127
0.908333
0.861347
0.805972
0.749867
0.701403
0.668098
0.654989
0.663426
0.690809
0.731249
0.776664
0.81803
0.846799
0.856399
0.843479
0.808534
0.755691
0.691717
0.624575
0.561926
0.509914
0.472441
0.450893
0.444137
0.448586
0.458456
0.466617
0.466111
0.45192
0.422289
0.379084
0.327057
0.272329
0.220709
0.176438
0.141668
0.116597
0.0999923
0.0897994
0.0836654
0.0792647
0.0744942
0.0677131
0.0580795
0.0458202
0.0322117
0.0191879
0.00870654
0.00214779
0
0
0.00241833
0.00968702
0.0217095
0.038074
0.0579758
0.0802978
0.103792
0.127281
0.14982
0.170792
0.189931
0.207287
0.223224
0.238551
0.254746
0.274022
0.298879
0.331124
0.370961
0.416897
0.466524
0.517653
0.569197
0.621412
0.67541
0.73222
0.79191
0.853248
0.913984
0.971416
1.02286
1.06582
1.0979
1.11676
1.12046
1.10802
1.08024
1.04018
0.993073
0.94556
0.904549
0.876086
0.864268
0.870069
0.890361
0.917959
0.943165
0.956237
0.949801
0.920553
0.869989
0.804174
0.732635
0.666495
0.61603
0.588063
0.584393
0.602266
0.636073
0.678509
0.720985
0.75435
0.770432
0.763914
0.733738
0.683411
0.620104
0.552885
0.490683
0.440599
0.407018
0.391568
0.393403
0.409123
0.43257
0.455455
0.469134
0.466854
0.445559
0.406547
0.354811
0.297344
0.241131
0.191565
0.151706
0.122359
0.102601
0.0904052
0.0832165
0.0784064
0.0735995
0.0669634
0.0575353
0.0454725
0.032019
0.0191008
0.00867959
0.00214469
0
0
0.0024178
0.00968226
0.0217107
0.0381189
0.0581138
0.0805517
0.104117
0.127546
0.149814
0.170262
0.18862
0.204959
0.219685
0.23372
0.24884
0.267835
0.293886
0.329133
0.373369
0.423985
0.47714
0.529309
0.578481
0.624603
0.669189
0.714319
0.761581
0.811498
0.863618
0.916923
0.970092
1.02139
1.06834
1.1075
1.13478
1.14628
1.13942
1.11399
1.07268
1.02109
0.967578
0.922801
0.898005
0.901117
0.931974
0.980941
1.03261
1.07137
1.08551
1.06935
1.02373
0.955401
0.875341
0.796371
0.730231
0.684886
0.663223
0.663798
0.682416
0.712784
0.746388
0.773135
0.783386
0.770552
0.733011
0.674579
0.603406
0.529797
0.463706
0.412654
0.380737
0.368944
0.376017
0.398486
0.430041
0.461793
0.484082
0.489022
0.472639
0.435783
0.383548
0.323474
0.263318
0.209236
0.164897
0.131529
0.108481
0.0938627
0.0850782
0.0793106
0.0739612
0.0670293
0.0574548
0.0453425
0.0319022
0.0190283
0.0086517
0.0021409
0
0
0.00241818
0.0096796
0.0217074
0.0381412
0.0582146
0.0807946
0.104555
0.128206
0.150696
0.171348
0.189873
0.206299
0.22095
0.234647
0.249153
0.267431
0.292989
0.328148
0.372409
0.422367
0.473143
0.520246
0.561015
0.595261
0.625051
0.6538
0.68517
0.722276
0.767436
0.822167
0.887001
0.960898
1.0405
1.11978
1.19051
1.24371
1.27159
1.26946
1.23714
1.17979
1.10829
1.03914
0.992295
0.984513
1.0198
1.08587
1.16119
1.22462
1.26111
1.2635
1.23228
1.17426
1.10042
1.0232
0.953721
0.89971
0.864894
0.849621
0.851523
0.865356
0.882767
0.893342
0.887145
0.857638
0.803673
0.729833
0.64515
0.560776
0.487378
0.432922
0.401379
0.392789
0.404351
0.431155
0.466082
0.500012
0.523289
0.528042
0.51031
0.47103
0.415499
0.351553
0.287273
0.229082
0.180835
0.143879
0.117666
0.100409
0.0895668
0.0822718
0.0758055
0.0680628
0.0579278
0.0454763
0.0318809
0.0189768
0.00862434
0.00213656
0
0
0.00241968
0.00968126
0.0217066
0.0381556
0.0583026
0.0810658
0.105169
0.129366
0.152638
0.174317
0.194087
0.211883
0.227839
0.242484
0.257217
0.274668
0.298188
0.330157
0.370163
0.414693
0.458548
0.496853
0.526662
0.547748
0.562553
0.575515
0.592145
0.618192
0.65899
0.718786
0.799831
0.901283
1.01828
1.14172
1.2591
1.35653
1.42144
1.44529
1.42563
1.36731
1.28286
1.19212
1.11999
1.08932
1.10941
1.16978
1.24723
1.31811
1.36565
1.38178
1.36633
1.32503
1.26712
1.20276
1.14095
1.08835
1.0492
1.02545
1.01648
1.01821
1.02296
1.0208
1.0024
0.961828
0.89838
0.816734
0.72571
0.636148
0.558643
0.501567
0.469563
0.462782
0.477265
0.506128
0.540649
0.571195
0.588584
0.585921
0.560287
0.513456
0.451229
0.381629
0.312665
0.250554
0.198909
0.158876
0.129806
0.10991
0.0967085
0.0873842
0.0792282
0.0701344
0.0589976
0.0458966
0.0319656
0.0189503
0.0085986
0.0021318
0
0
0.00242254
0.00968947
0.0217159
0.0381773
0.0584002
0.0813895
0.105978
0.131029
0.155614
0.179106
0.201157
0.221578
0.240249
0.25728
0.273446
0.290614
0.31149
0.338313
0.371134
0.407172
0.441857
0.470725
0.491057
0.502715
0.508181
0.512063
0.520461
0.54036
0.578921
0.642375
0.734502
0.85505
0.99862
1.15443
1.30736
1.44025
1.53723
1.587
1.58539
1.53661
1.45321
1.35496
1.26604
1.20913
1.19648
1.22353
1.2725
1.32261
1.35807
1.37083
1.35982
1.3288
1.28396
1.23202
1.17918
1.1309
1.09196
1.06604
1.05434
1.05416
1.05874
1.0589
1.04591
1.01403
0.961981
0.893135
0.814547
0.735349
0.665006
0.611711
0.580889
0.573818
0.587017
0.613002
0.642024
0.663963
0.67013
0.654903
0.616888
0.559115
0.488079
0.411882
0.33817
0.272592
0.218199
0.17572
0.14425
0.121904
0.106229
0.0945113
0.0841689
0.0732176
0.0606527
0.0465998
0.0321562
0.0189499
0.00857517
0.00212673
0
0
0.00242692
0.00970637
0.0217431
0.0382219
0.0585269
0.0817755
0.106955
0.133094
0.1594
0.185313
0.210454
0.234491
0.257035
0.277742
0.296675
0.314739
0.333689
0.355346
0.380285
0.407027
0.432507
0.45352
0.468177
0.476711
0.481525
0.48679
0.497942
0.521281
0.563535
0.631038
0.728263
0.855958
1.00954
1.17853
1.34748
1.49851
1.6148
1.68418
1.70175
1.671
1.60321
1.51541
1.4271
1.35576
1.31179
1.29519
1.29696
1.30434
1.3064
1.29675
1.27354
1.2379
1.19235
1.14
1.08468
1.03139
0.986299
0.955431
0.942319
0.945855
0.96009
0.976235
0.9855
0.98136
0.960784
0.924529
0.876704
0.823843
0.773656
0.733627
0.709426
0.70327
0.712843
0.731547
0.750154
0.759093
0.750635
0.720551
0.668929
0.599932
0.520543
0.438694
0.361402
0.293535
0.237449
0.193381
0.160134
0.135692
0.117607
0.1033
0.0904072
0.0771844
0.0628251
0.047555
0.0324424
0.0189739
0.00855428
0.00212147
0
0
0.00243294
0.00973385
0.0217958
0.0383051
0.0587004
0.0822222
0.108038
0.135375
0.163607
0.192252
0.220898
0.249064
0.276107
0.301275
0.323999
0.344285
0.362909
0.381095
0.399732
0.418666
0.436714
0.452472
0.465344
0.476212
0.487539
0.50308
0.527437
0.565618
0.622546
0.702436
0.807885
0.938644
1.09037
1.25402
1.41642
1.56232
1.67741
1.75141
1.7804
1.76748
1.72184
1.65641
1.58471
1.51787
1.46239
1.4194
1.3857
1.3559
1.32469
1.28809
1.24373
1.1904
1.12786
1.0572
0.981622
0.907039
0.841727
0.79458
0.77196
0.774614
0.797122
0.83037
0.864798
0.892534
0.908378
0.910212
0.899068
0.878775
0.855072
0.834227
0.821348
0.818751
0.82493
0.834695
0.840524
0.834623
0.811011
0.767049
0.704048
0.626809
0.542281
0.457801
0.379512
0.311411
0.255193
0.210683
0.176463
0.150425
0.130152
0.113229
0.0975853
0.0818128
0.0653929
0.0487056
0.0328039
0.0190178
0.00853576
0.00211611
0
0
0.00244064
0.0097734
0.0218807
0.038442
0.0589374
0.0827227
0.109146
0.13764
0.167747
0.199062
0.23113
0.263317
0.294754
0.324381
0.351171
0.374461
0.394233
0.411117
0.426069
0.439918
0.45316
0.466191
0.479806
0.49563
0.516277
0.545231
0.586464
0.643836
0.720352
0.817455
0.934476
1.06824
1.21291
1.36011
1.4997
1.62116
1.7154
1.77662
1.80357
1.79974
1.77232
1.73031
1.68227
1.63458
1.59058
1.55067
1.51303
1.47451
1.43152
1.38058
1.31889
1.24476
1.1582
1.06145
0.959446
0.859793
0.772129
0.706517
0.670533
0.665954
0.68777
0.726779
0.773151
0.818474
0.856465
0.883319
0.898012
0.902272
0.89992
0.895571
0.893035
0.893911
0.896879
0.897955
0.891602
0.872336
0.836332
0.782571
0.713217
0.633108
0.548555
0.465869
0.390122
0.32446
0.270051
0.226471
0.19222
0.165197
0.143077
0.123668
0.105245
0.0868077
0.0681905
0.0499738
0.0332124
0.0190747
0.00851905
0.00211073
0
0
0.00244998
0.00982604
0.022004
0.0386469
0.0592554
0.0832732
0.110201
0.139654
0.171323
0.204864
0.239756
0.275211
0.31016
0.343346
0.373494
0.399561
0.420994
0.437922
0.451176
0.46213
0.472464
0.484011
0.498763
0.519001
0.54741
0.587058
0.64108
0.712036
0.801126
0.907507
1.02796
1.15696
1.28723
1.41066
1.51947
1.60739
1.67055
1.70795
1.72152
1.71567
1.69642
1.67032
1.64326
1.6194
1.60028
1.58465
1.56881
1.54757
1.51552
1.46819
1.40301
1.31993
1.22168
1.11367
1.00345
0.899938
0.812149
0.747679
0.710809
0.701167
0.714049
0.742358
0.778677
0.816465
0.850552
0.877482
0.895841
0.906311
0.911172
0.913242
0.914603
0.915619
0.914603
0.908244
0.892563
0.864094
0.820924
0.763342
0.693933
0.617074
0.537996
0.46171
0.39214
0.331654
0.281047
0.239804
0.206489
0.179126
0.155579
0.13394
0.112876
0.091829
0.0710231
0.0512668
0.0336336
0.0191362
0.00850328
0.00210538
0
0
0.00246086
0.00989213
0.0221698
0.0389329
0.059674
0.08388
0.111152
0.141236
0.173932
0.208925
0.245613
0.283044
0.319978
0.355057
0.386961
0.414544
0.436976
0.453978
0.466088
0.474802
0.482445
0.49183
0.505885
0.527418
0.559049
0.603138
0.661534
0.735106
0.823218
0.923379
1.03118
1.1406
1.24466
1.33654
1.41068
1.4638
1.49528
1.50703
1.50272
1.48719
1.46593
1.44476
1.42932
1.42385
1.42945
1.44298
1.45761
1.46487
1.45724
1.42997
1.38203
1.31607
1.23774
1.15453
1.07426
1.00364
0.947103
0.906382
0.880774
0.867944
0.864819
0.868213
0.875137
0.882957
0.889556
0.893584
0.894681
0.89348
0.891239
0.889126
0.887443
0.885127
0.879781
0.868222
0.847342
0.814974
0.770478
0.714951
0.65103
0.582388
0.513043
0.44668
0.386111
0.333
0.287839
0.250114
0.218555
0.191432
0.166895
0.143379
0.11996
0.0965239
0.0736848
0.0524855
0.0340304
0.019193
0.0084874
0.00210012
0
0
0.00247309
0.00997134
0.0223807
0.0393105
0.0602146
0.0845657
0.111992
0.142299
0.17534
0.210803
0.247998
0.285811
0.322857
0.357754
0.389306
0.416508
0.438485
0.45464
0.465068
0.471004
0.474924
0.480188
0.49041
0.508867
0.538104
0.579691
0.633999
0.699998
0.775203
0.855856
0.937337
1.01467
1.08309
1.13856
1.1783
1.20117
1.20776
1.20012
1.18129
1.15511
1.12635
1.10119
1.08685
1.0894
1.11047
1.14526
1.1841
1.2165
1.2349
1.23651
1.22327
1.20036
1.17418
1.15005
1.13078
1.11638
1.10495
1.09397
1.08114
1.06487
1.04438
1.01976
0.991874
0.962156
0.932294
0.90399
0.878793
0.85793
0.842073
0.831041
0.823559
0.817234
0.808859
0.795048
0.773018
0.741245
0.699767
0.650075
0.594704
0.536684
0.479007
0.424202
0.374062
0.329535
0.290772
0.257258
0.227961
0.201491
0.176363
0.151381
0.126015
0.100559
0.0759779
0.053533
0.034366
0.0192354
0.00847027
0.00209498
0
0
0.00248639
0.0100625
0.0226365
0.039787
0.0608999
0.0853712
0.112772
0.142879
0.175546
0.210444
0.246817
0.283424
0.318772
0.35151
0.380687
0.405636
0.425649
0.43991
0.447981
0.450529
0.449751
0.44915
0.452791
0.464408
0.48666
0.520619
0.565504
0.618708
0.676155
0.733029
0.784706
0.827658
0.859981
0.881337
0.892377
0.893988
0.886791
0.871077
0.847226
0.816581
0.782694
0.752417
0.735398
0.740306
0.769039
0.814455
0.864597
0.909217
0.943833
0.970216
0.994124
1.0216
1.05554
1.09436
1.13316
1.16614
1.18876
1.19845
1.19435
1.17656
1.14583
1.10362
1.05247
0.996042
0.938733
0.884973
0.838421
0.801346
0.774328
0.756291
0.744771
0.73632
0.727055
0.713354
0.692558
0.663479
0.626517
0.583389
0.536591
0.488791
0.442305
0.398754
0.358955
0.323044
0.290724
0.261456
0.234494
0.208858
0.183457
0.157448
0.130637
0.103648
0.0777304
0.054324
0.0346076
0.0192548
0.00845072
0.00208996
0
0
0.00250042
0.0101637
0.0229344
0.040365
0.0617505
0.0863519
0.113595
0.143143
0.17479
0.208199
0.242609
0.276739
0.309056
0.338291
0.363799
0.385377
0.402648
0.414711
0.420567
0.420128
0.414986
0.408432
0.404732
0.408055
0.421429
0.445944
0.480388
0.521371
0.563946
0.602597
0.632495
0.650748
0.657224
0.654432
0.646236
0.635852
0.62423
0.609926
0.590558
0.56511
0.536254
0.511783
0.503195
0.519233
0.558256
0.608838
0.658068
0.698804
0.732254
0.766243
0.810005
0.868019
0.937151
1.00881
1.0734
1.12371
1.15626
1.17086
1.16913
1.15289
1.12331
1.08121
1.02804
0.966785
0.902115
0.839671
0.784729
0.740869
0.709228
0.688538
0.675748
0.666829
0.657576
0.64436
0.624748
0.597862
0.564379
0.526206
0.485926
0.446136
0.408793
0.374792
0.343971
0.31557
0.288799
0.26312
0.238122
0.213259
0.187812
0.161221
0.133528
0.105577
0.0788119
0.0547924
0.0347287
0.0192438
0.00842774
0.00208507
0
0
0.00251478
0.0102722
0.0232682
0.0410403
0.0627812
0.0875699
0.11461
0.143365
0.173523
0.204766
0.236437
0.267364
0.296099
0.321516
0.343291
0.361708
0.376806
0.387689
0.392852
0.39138
0.38408
0.373775
0.364698
0.361355
0.367281
0.384008
0.410566
0.443674
0.47846
0.509453
0.531757
0.542277
0.540724
0.529891
0.514699
0.50004
0.488427
0.479188
0.470052
0.460166
0.452699
0.455159
0.475523
0.515452
0.567312
0.618534
0.658508
0.683534
0.698651
0.715612
0.746487
0.795887
0.858268
0.922299
0.977147
1.01626
1.03822
1.0455
1.0422
1.03139
1.01367
0.987459
0.950888
0.903948
0.84959
0.793246
0.741114
0.698091
0.666359
0.645166
0.631593
0.621654
0.611301
0.597213
0.577326
0.551062
0.51928
0.483988
0.447867
0.413559
0.382818
0.355917
0.331783
0.308845
0.285943
0.262638
0.238897
0.214572
0.189236
0.1625
0.134517
0.106223
0.0791442
0.0548967
0.0347118
0.019197
0.00840047
0.00208033
0
0
0.00252901
0.0103844
0.0236288
0.0418014
0.063995
0.0890804
0.11598
0.143886
0.172337
0.20107
0.229675
0.257299
0.282769
0.3052
0.324574
0.341588
0.356638
0.368847
0.376249
0.377147
0.371531
0.361633
0.35146
0.34567
0.348222
0.361187
0.384168
0.414542
0.448227
0.480563
0.507158
0.524771
0.532178
0.530704
0.523975
0.516668
0.512709
0.514037
0.520967
0.533871
0.554643
0.586332
0.6306
0.684749
0.741037
0.789143
0.820285
0.831015
0.82524
0.813345
0.807745
0.816261
0.83788
0.864661
0.887541
0.901068
0.904989
0.903113
0.900441
0.899786
0.899725
0.895283
0.880874
0.853485
0.814316
0.768331
0.722199
0.681743
0.650115
0.627381
0.611286
0.598436
0.585339
0.569149
0.548125
0.521809
0.491006
0.457609
0.424236
0.393481
0.366901
0.344287
0.323934
0.303805
0.282639
0.260227
0.236895
0.212809
0.187713
0.16126
0.133577
0.105562
0.078708
0.0546236
0.0345494
0.0191115
0.00836835
0.0020757
0
0
0.00254263
0.0104964
0.0240037
0.0426275
0.0653781
0.0909159
0.117851
0.14505
0.171859
0.198097
0.223743
0.248502
0.271722
0.292896
0.312299
0.3309
0.349268
0.36642
0.37993
0.387388
0.388017
0.383402
0.377143
0.37378
0.377447
0.390681
0.413798
0.445088
0.481534
0.519565
0.555603
0.586541
0.610319
0.626536
0.636749
0.644118
0.65239
0.664727
0.683064
0.708343
0.741152
0.781913
0.830089
0.882832
0.934284
0.976508
1.00195
1.00635
0.990714
0.961315
0.927359
0.897074
0.874327
0.858075
0.844932
0.832622
0.821916
0.816111
0.818456
0.829055
0.843442
0.854049
0.853546
0.837907
0.807783
0.767859
0.724736
0.684419
0.650544
0.623965
0.603394
0.586381
0.570158
0.552281
0.531061
0.505803
0.476905
0.44584
0.414878
0.386366
0.361653
0.340337
0.320603
0.300465
0.278874
0.255924
0.232227
0.20813
0.183415
0.157654
0.130827
0.103669
0.0775436
0.0539883
0.0342443
0.0189868
0.0083311
0.0020712
0
0
0.00255514
0.0106035
0.0243776
0.0434886
0.0668947
0.0930695
0.120311
0.147132
0.17264
0.196727
0.219857
0.242512
0.264813
0.286795
0.309022
0.332571
0.357925
0.383771
0.407117
0.424832
0.435366
0.439586
0.440514
0.442345
0.449227
0.46417
0.488403
0.52136
0.561175
0.605275
0.650751
0.69454
0.733739
0.766177
0.791088
0.809446
0.823701
0.836984
0.852171
0.87127
0.895313
0.924531
0.958368
0.995077
1.0312
1.06163
1.08069
1.084
1.07013
1.04126
1.00233
0.959222
0.916854
0.878352
0.845533
0.82006
0.804129
0.799876
0.807679
0.824553
0.844081
0.858253
0.860184
0.846358
0.81751
0.777943
0.733692
0.690432
0.652031
0.620169
0.594691
0.574183
0.556506
0.539321
0.520588
0.498965
0.474089
0.446685
0.418396
0.391132
0.366115
0.343187
0.321058
0.298331
0.274437
0.24978
0.225134
0.200879
0.176712
0.152016
0.126525
0.100718
0.0757466
0.0530316
0.0338086
0.0188249
0.00828875
0.00206682
0
0
0.00256607
0.0107009
0.0247331
0.0443455
0.0684846
0.0954827
0.123359
0.150269
0.175037
0.197571
0.218828
0.2402
0.262786
0.287307
0.314604
0.345684
0.380682
0.4177
0.453001
0.482619
0.50417
0.517771
0.525852
0.532259
0.54115
0.556045
0.579208
0.611416
0.652124
0.699781
0.752029
0.805701
0.856938
0.90171
0.936732
0.960361
0.973035
0.977079
0.975978
0.973425
0.972493
0.975166
0.982257
0.993487
1.00746
1.0216
1.03237
1.03603
1.02981
1.01274
0.985964
0.952287
0.915439
0.87944
0.848221
0.825351
0.813559
0.81392
0.824986
0.842465
0.859918
0.870377
0.868272
0.850967
0.819333
0.77719
0.729905
0.6828
0.640024
0.604113
0.575978
0.555032
0.539443
0.526613
0.513826
0.498843
0.480327
0.458046
0.432801
0.405969
0.378781
0.351746
0.324656
0.297173
0.269433
0.242153
0.216138
0.191653
0.168188
0.144853
0.12106
0.0969641
0.073457
0.051815
0.0332621
0.0186298
0.00824164
0.00206253
0
0
0.00257495
0.0107839
0.025051
0.0451512
0.070063
0.0980383
0.126876
0.154401
0.179118
0.200846
0.220934
0.241676
0.265257
0.293171
0.326483
0.365949
0.411131
0.459364
0.506034
0.546271
0.576855
0.597246
0.609443
0.617095
0.624429
0.63543
0.653327
0.680313
0.717394
0.764332
0.819545
0.879923
0.940779
0.996314
1.04069
1.06936
1.08014
1.07368
1.05329
1.02414
0.992165
0.962754
0.939759
0.925033
0.918569
0.9189
0.923438
0.928827
0.931533
0.928663
0.918722
0.902018
0.880603
0.857819
0.83756
0.823384
0.817623
0.820672
0.83067
0.843704
0.85456
0.857898
0.849575
0.827722
0.793209
0.749317
0.700765
0.652559
0.609062
0.573436
0.547288
0.530435
0.520986
0.515885
0.511718
0.505421
0.494728
0.478409
0.456329
0.429273
0.398561
0.365588
0.331565
0.297558
0.264648
0.233923
0.206146
0.181332
0.158641
0.136824
0.114915
0.0927185
0.0708438
0.0504127
0.0326296
0.0184071
0.0081904
0.00205835
0
0
0.0025814
0.0108477
0.0253117
0.0458533
0.071524
0.100563
0.130624
0.159254
0.184611
0.206302
0.225861
0.246323
0.270924
0.301945
0.340595
0.3872
0.440607
0.497352
0.552002
0.598891
0.634125
0.656712
0.668447
0.672947
0.674539
0.677514
0.685838
0.702989
0.73165
0.773233
0.827369
0.891452
0.960427
1.02718
1.08368
1.1226
1.13892
1.13093
1.10063
1.05343
0.997212
0.94083
0.892201
0.85662
0.835994
0.829243
0.833321
0.844099
0.857006
0.867721
0.873004
0.871396
0.863461
0.851443
0.838453
0.827474
0.820513
0.818099
0.819168
0.821269
0.821022
0.81484
0.799798
0.774479
0.739461
0.697277
0.651846
0.607647
0.568916
0.538967
0.519564
0.51048
0.509563
0.513411
0.518249
0.520561
0.517423
0.506716
0.48736
0.459497
0.424468
0.38452
0.342327
0.300518
0.261335
0.226384
0.196397
0.171045
0.149042
0.128694
0.108634
0.0883167
0.068085
0.0489029
0.0319383
0.0181635
0.00813588
0.00205426
0
0
0.00258507
0.0108881
0.0254962
0.0463968
0.0727468
0.102835
0.134257
0.164344
0.190912
0.213229
0.232748
0.252946
0.277929
0.310715
0.352587
0.403316
0.460984
0.521462
0.578796
0.626877
0.661473
0.681424
0.688523
0.68645
0.679555
0.672185
0.668645
0.673338
0.690463
0.723196
0.77267
0.837184
0.911857
0.988952
1.05903
1.11274
1.14266
1.14482
1.11938
1.0708
1.00713
0.938741
0.876317
0.828534
0.800191
0.7917
0.799999
0.81997
0.84557
0.870748
0.890384
0.901168
0.90205
0.894079
0.879698
0.861839
0.843119
0.825332
0.809212
0.794381
0.779454
0.762381
0.741056
0.714072
0.681354
0.644413
0.606117
0.570118
0.540114
0.519064
0.50842
0.507644
0.514402
0.525322
0.536771
0.54525
0.547505
0.540719
0.522935
0.493614
0.453975
0.406892
0.356291
0.306282
0.260331
0.220697
0.188151
0.16199
0.140411
0.121242
0.102743
0.0840736
0.065344
0.0473583
0.0312146
0.017906
0.00807912
0.00205029
0
0
0.00258573
0.0109018
0.0255875
0.0467288
0.0736056
0.10461
0.137353
0.169035
0.197157
0.220549
0.240324
0.260019
0.284304
0.316842
0.358996
0.409962
0.467096
0.525853
0.580217
0.624193
0.653699
0.667734
0.668236
0.65893
0.644017
0.627549
0.613669
0.607121
0.613134
0.636342
0.679262
0.741127
0.817482
0.900547
0.980384
1.04671
1.09086
1.10748
1.09543
1.05802
1.00251
0.938954
0.87848
0.831115
0.80371
0.798696
0.814182
0.84504
0.884225
0.924032
0.957348
0.978816
0.985597
0.977528
0.956678
0.926528
0.89108
0.854088
0.818483
0.785981
0.756895
0.730255
0.704313
0.677332
0.648399
0.617939
0.587732
0.560497
0.539179
0.526112
0.52224
0.526754
0.537408
0.551238
0.56512
0.57588
0.580203
0.574792
0.556975
0.525568
0.481556
0.428168
0.370227
0.31301
0.261034
0.217162
0.182214
0.155127
0.133611
0.115118
0.0976659
0.0802338
0.0627483
0.0458387
0.0304827
0.0176421
0.00802129
0.00204642
0
0
0.00258326
0.0108863
0.0255716
0.0468018
0.0739806
0.105635
0.139462
0.172613
0.202332
0.226979
0.247118
0.265965
0.288382
0.318546
0.358017
0.405569
0.457968
0.510509
0.557589
0.59393
0.616147
0.623737
0.618888
0.605271
0.586696
0.566561
0.548343
0.536474
0.53647
0.553736
0.591599
0.649801
0.724127
0.806969
0.888552
0.958689
1.00873
1.0332
1.03077
1.00435
0.960561
0.908542
0.858453
0.819738
0.799439
0.800951
0.823609
0.863156
0.912724
0.964062
1.00889
1.04029
1.05378
1.04799
1.02449
0.987197
0.941315
0.89224
0.844599
0.801557
0.764455
0.732867
0.705114
0.679131
0.653393
0.627583
0.60274
0.580902
0.564393
0.554997
0.553274
0.558351
0.568276
0.580635
0.592888
0.602261
0.605526
0.599137
0.579955
0.546325
0.498987
0.441302
0.3786
0.316864
0.261245
0.214913
0.178586
0.150844
0.129087
0.110667
0.0936258
0.0769294
0.0603738
0.0443859
0.0297627
0.0173787
0.00796359
0.00204267
0
0
0.00257763
0.0108403
0.0254389
0.0465793
0.0737706
0.105687
0.140161
0.174379
0.205423
0.231217
0.251673
0.269391
0.289038
0.31514
0.349649
0.391273
0.436456
0.480549
0.518665
0.546675
0.562329
0.565925
0.559972
0.54797
0.533106
0.517828
0.50458
0.496923
0.499826
0.518467
0.556117
0.61248
0.683375
0.761448
0.837441
0.901865
0.946827
0.967604
0.963515
0.937921
0.897437
0.850629
0.806524
0.77323
0.756798
0.760433
0.784141
0.824842
0.876868
0.932781
0.984452
1.0244
1.04709
1.04998
1.03378
1.00201
0.960012
0.913561
0.867729
0.826014
0.789962
0.759276
0.732366
0.707216
0.682296
0.657222
0.632909
0.611212
0.59421
0.583428
0.579285
0.580997
0.586947
0.595167
0.603533
0.609562
0.610149
0.601718
0.580978
0.546083
0.497634
0.438985
0.375589
0.313598
0.258211
0.212412
0.176529
0.148818
0.126688
0.107808
0.0905862
0.0741587
0.05824
0.0430238
0.0290706
0.0171222
0.00790723
0.00203904
0
0
0.00256894
0.0107638
0.0251855
0.0460389
0.0729043
0.104594
0.139106
0.173747
0.205552
0.232124
0.252745
0.269236
0.285746
0.306917
0.335283
0.369981
0.407576
0.443666
0.474139
0.496089
0.508545
0.512744
0.511568
0.508262
0.505205
0.503688
0.504848
0.510888
0.525387
0.552279
0.59406
0.650326
0.717338
0.788525
0.855591
0.91001
0.944725
0.955646
0.942564
0.909182
0.862274
0.810245
0.76154
0.723334
0.700737
0.696478
0.710879
0.74197
0.78569
0.836239
0.886733
0.93024
0.961048
0.975806
0.974112
0.958296
0.932504
0.901427
0.869134
0.83831
0.810008
0.783845
0.758551
0.732696
0.705422
0.676939
0.648602
0.62252
0.600867
0.585178
0.575917
0.572467
0.573462
0.577177
0.581648
0.584485
0.582687
0.572831
0.551804
0.517894
0.471736
0.416583
0.357641
0.300634
0.250134
0.208354
0.174987
0.148147
0.125693
0.106045
0.0882661
0.0718018
0.0563199
0.0417616
0.0284193
0.0168787
0.00785333
0.00203554
0
0
0.00255743
0.0106583
0.0248133
0.0451761
0.0713502
0.102259
0.136084
0.170322
0.202103
0.228883
0.249452
0.264847
0.278483
0.294839
0.317054
0.345164
0.376402
0.406864
0.433094
0.453119
0.467001
0.476798
0.485724
0.496693
0.511114
0.52891
0.54966
0.573842
0.603178
0.639941
0.685708
0.740262
0.80105
0.863255
0.920417
0.965503
0.992281
0.996726
0.97808
0.939211
0.886088
0.826509
0.768498
0.718911
0.682628
0.662383
0.658965
0.671453
0.697348
0.73269
0.772374
0.810836
0.843049
0.865539
0.877016
0.878312
0.871678
0.85975
0.844638
0.827449
0.808285
0.786586
0.761602
0.73288
0.70066
0.666091
0.631185
0.598432
0.570212
0.548194
0.533001
0.524219
0.520672
0.520718
0.522354
0.523149
0.520208
0.510434
0.491193
0.461205
0.421288
0.374484
0.325333
0.278476
0.237133
0.202275
0.172982
0.147646
0.12504
0.104623
0.0862354
0.0696708
0.054562
0.0406008
0.0278189
0.0166531
0.00780285
0.00203214
0
0
0.00254344
0.0105266
0.0243311
0.0440061
0.069124
0.0986814
0.131043
0.163966
0.194816
0.221116
0.241384
0.256012
0.267598
0.280171
0.29726
0.319984
0.346701
0.37429
0.399833
0.421866
0.441002
0.459768
0.481475
0.508485
0.541034
0.577535
0.615977
0.655202
0.695301
0.737171
0.781742
0.82927
0.87887
0.928269
0.973803
1.01076
1.03413
1.03976
1.02553
0.99219
0.943449
0.885257
0.824454
0.767381
0.718936
0.682293
0.659064
0.649557
0.652865
0.666883
0.688456
0.713805
0.739213
0.761757
0.779779
0.792857
0.801291
0.805391
0.804954
0.799205
0.787138
0.768003
0.741677
0.708817
0.670836
0.629792
0.588205
0.548761
0.513906
0.485418
0.464131
0.4499
0.441763
0.438147
0.437001
0.435886
0.432144
0.423228
0.40725
0.383582
0.353266
0.318892
0.283783
0.25075
0.221073
0.194417
0.169694
0.146107
0.123621
0.102759
0.0840527
0.067578
0.0529167
0.0395434
0.0272786
0.0164499
0.00775653
0.00202885
0
0
0.00252741
0.010373
0.0237544
0.0425654
0.0662917
0.0939609
0.124116
0.154828
0.18384
0.20895
0.228673
0.242976
0.253706
0.264212
0.278002
0.297036
0.320907
0.347491
0.374434
0.40054
0.426562
0.454996
0.488716
0.529088
0.574989
0.623468
0.671313
0.716303
0.757565
0.795278
0.830193
0.86328
0.895453
0.927193
0.958034
0.986134
1.00828
1.02052
1.01933
1.00277
0.971365
0.927988
0.877114
0.823659
0.772023
0.725666
0.687129
0.658182
0.639814
0.632079
0.634019
0.643857
0.659425
0.678619
0.69966
0.721034
0.741166
0.758086
0.769396
0.772643
0.765936
0.74848
0.720787
0.684505
0.642018
0.596046
0.549356
0.504561
0.46394
0.429214
0.401363
0.380531
0.366062
0.356606
0.35028
0.344917
0.338403
0.329063
0.31602
0.299413
0.280356
0.260474
0.241106
0.222601
0.204266
0.185038
0.164334
0.14247
0.120527
0.0998425
0.0813963
0.0654014
0.0513618
0.0385974
0.0268069
0.0162722
0.00771484
0.00202561
0
0
0.00250987
0.010203
0.023105
0.0409107
0.0629694
0.0883007
0.115617
0.143351
0.169732
0.193029
0.212
0.226452
0.237638
0.248131
0.260981
0.278425
0.300956
0.327466
0.356302
0.386569
0.418904
0.45519
0.497148
0.544711
0.595491
0.645709
0.691708
0.731007
0.762559
0.786509
0.803901
0.816568
0.827038
0.838145
0.852222
0.870132
0.890611
0.910374
0.925014
0.930367
0.923773
0.904698
0.874579
0.836114
0.792502
0.746964
0.70264
0.662599
0.629708
0.6063
0.593802
0.592559
0.601915
0.620423
0.645986
0.675908
0.70688
0.735105
0.756658
0.768075
0.767007
0.752664
0.725901
0.688886
0.644544
0.595992
0.546144
0.497523
0.452168
0.411574
0.376619
0.347542
0.323956
0.30492
0.289093
0.275049
0.261692
0.248621
0.236233
0.225418
0.216881
0.210431
0.204733
0.197777
0.187754
0.173767
0.156086
0.135977
0.115231
0.0955863
0.0781596
0.0631315
0.0499177
0.0377799
0.0264114
0.016122
0.00767792
0.0020224
0
0
0.00249142
0.0100232
0.0224103
0.0391174
0.0593199
0.081999
0.106032
0.13024
0.153428
0.174471
0.192568
0.207598
0.220432
0.232912
0.247352
0.265682
0.28871
0.316053
0.346771
0.380293
0.416908
0.457391
0.501884
0.548905
0.595343
0.637422
0.671909
0.696845
0.711655
0.716935
0.714294
0.706381
0.696876
0.690095
0.690075
0.699367
0.718082
0.743644
0.771438
0.796088
0.812862
0.81867
0.812385
0.794579
0.767025
0.732305
0.693625
0.65471
0.619572
0.592059
0.575286
0.571151
0.580085
0.601039
0.631652
0.66852
0.707511
0.744138
0.774011
0.79336
0.799548
0.791458
0.769594
0.735864
0.69311
0.644545
0.593268
0.541918
0.492496
0.446291
0.403922
0.365457
0.33058
0.298761
0.269453
0.242361
0.217804
0.196983
0.181771
0.173626
0.172109
0.174478
0.176941
0.176265
0.170618
0.159678
0.144366
0.126395
0.107748
0.0901315
0.0745053
0.0608896
0.0486488
0.0371151
0.0260977
0.0159997
0.00764557
0.00201916
0
0
0.00247271
0.00984077
0.0217021
0.0372765
0.0555457
0.0754371
0.095989
0.116433
0.136183
0.154796
0.172021
0.187973
0.203339
0.219381
0.23764
0.2594
0.28525
0.315014
0.348102
0.383976
0.422302
0.462603
0.503654
0.543192
0.578251
0.605959
0.624288
0.632401
0.630596
0.620127
0.603143
0.58277
0.563059
0.548542
0.543342
0.550098
0.569168
0.598395
0.633566
0.669416
0.700836
0.723867
0.736191
0.737119
0.727339
0.708651
0.683798
0.656303
0.630176
0.609429
0.597478
0.596603
0.607631
0.629888
0.661403
0.699232
0.7398
0.779206
0.813516
0.839098
0.853013
0.853411
0.839804
0.813119
0.775479
0.729789
0.679192
0.626542
0.573999
0.522825
0.473451
0.425732
0.379316
0.333989
0.289945
0.248002
0.209819
0.178043
0.155895
0.145383
0.14491
0.149572
0.154158
0.155192
0.151185
0.142208
0.129371
0.114328
0.098798
0.0841132
0.0708742
0.0589134
0.0476505
0.0366285
0.0258685
0.0159042
0.00761724
0.00201582
0
0
0.00245439
0.00966338
0.0210148
0.0354897
0.0518799
0.0690624
0.0862402
0.103054
0.11952
0.135857
0.15237
0.169477
0.187828
0.208308
0.23183
0.258997
0.289865
0.323948
0.360401
0.3982
0.436145
0.47271
0.50597
0.533793
0.554277
0.566232
0.56942
0.564513
0.552865
0.536346
0.517306
0.498594
0.483397
0.474837
0.475424
0.486564
0.508206
0.538667
0.574788
0.612543
0.647899
0.677572
0.699413
0.712458
0.716801
0.713476
0.704361
0.692045
0.679562
0.66998
0.665934
0.669233
0.680654
0.699936
0.725959
0.756974
0.790784
0.82485
0.856339
0.882243
0.899645
0.90611
0.900112
0.881351
0.850841
0.810719
0.763778
0.712835
0.660132
0.606963
0.553666
0.49995
0.445401
0.389983
0.334384
0.280171
0.229814
0.186621
0.15433
0.135576
0.12924
0.130161
0.132598
0.132874
0.129522
0.122567
0.112865
0.101618
0.0899657
0.0786661
0.0679281
0.0575049
0.0470229
0.0363385
0.0257213
0.0158325
0.0075921
0.00201232
0
0
0.00243708
0.0094985
0.0203831
0.0338631
0.0485727
0.063366
0.0776238
0.0913759
0.105169
0.119768
0.135909
0.154273
0.17557
0.200528
0.229675
0.263064
0.30013
0.339742
0.380334
0.420009
0.456614
0.487899
0.51187
0.527239
0.5338
0.532493
0.52516
0.514087
0.501594
0.489781
0.480457
0.475113
0.474904
0.480661
0.492931
0.511901
0.537137
0.56733
0.600362
0.633749
0.665203
0.693005
0.716086
0.733937
0.746522
0.754267
0.758079
0.759305
0.759563
0.760474
0.763388
0.769187
0.778226
0.790405
0.805305
0.822336
0.840782
0.859742
0.877986
0.893846
0.905257
0.910006
0.906144
0.892448
0.868777
0.836156
0.796514
0.752113
0.704883
0.655928
0.60541
0.552855
0.497708
0.439914
0.380319
0.320777
0.264013
0.213319
0.172073
0.14285
0.12591
0.118278
0.11531
0.113236
0.110092
0.105295
0.0990056
0.0916585
0.0836679
0.0752506
0.0663892
0.0569421
0.0468386
0.0362488
0.0256483
0.0157802
0.00756911
0.00200861
0
0
0.00242136
0.00935307
0.0198399
0.0324985
0.0458696
0.0588423
0.071001
0.082722
0.0949375
0.108715
0.124983
0.144561
0.168292
0.196969
0.231003
0.270092
0.313099
0.358158
0.402846
0.444345
0.479683
0.506185
0.522121
0.527303
0.523299
0.513121
0.5005
0.489033
0.481538
0.479732
0.484249
0.494868
0.51088
0.53142
0.55563
0.582573
0.611046
0.639594
0.666788
0.69164
0.713821
0.733563
0.751343
0.767569
0.782448
0.79605
0.808442
0.819766
0.830205
0.839866
0.848666
0.856297
0.862308
0.866265
0.867936
0.867424
0.865189
0.861916
0.858242
0.854431
0.850113
0.844246
0.835336
0.821895
0.802952
0.778404
0.749012
0.716027
0.6806
0.643261
0.603737
0.561189
0.514744
0.464086
0.409869
0.35382
0.298538
0.247069
0.202362
0.166642
0.140781
0.12389
0.113647
0.107343
0.102799
0.0986272
0.0940598
0.0887205
0.0824406
0.0751391
0.0667761
0.0573795
0.0471149
0.0363437
0.0256359
0.0157418
0.00754711
0.00200461
0
0
0.00240774
0.00923295
0.0194128
0.0314825
0.0439811
0.055916
0.0671066
0.0781967
0.0902761
0.104386
0.12135
0.141991
0.167335
0.198423
0.235785
0.278963
0.326396
0.375598
0.42344
0.466416
0.50103
0.524438
0.535268
0.534254
0.524315
0.509932
0.496054
0.48695
0.485426
0.49259
0.508097
0.530632
0.558395
0.5894
0.621577
0.652777
0.680896
0.704223
0.72192
0.734331
0.74292
0.749785
0.756993
0.766038
0.77762
0.791724
0.807851
0.825219
0.842869
0.859656
0.874236
0.885113
0.890797
0.890081
0.88234
0.867768
0.847459
0.823253
0.797375
0.771928
0.748405
0.727378
0.708497
0.690801
0.673215
0.655005
0.63597
0.616285
0.596078
0.575009
0.552099
0.525922
0.495092
0.458816
0.417304
0.371888
0.324827
0.27889
0.236802
0.200716
0.171797
0.15006
0.13451
0.123543
0.115421
0.108635
0.102088
0.0951097
0.0873623
0.0787157
0.0691593
0.0587828
0.0478024
0.0365877
0.0256662
0.0157109
0.00752492
0.0020003
0
0
0.0023966
0.00914253
0.0191216
0.0308745
0.043043
0.0548369
0.0663111
0.0782353
0.0915866
0.107094
0.125274
0.146851
0.173
0.205065
0.243831
0.288881
0.338445
0.38968
0.439068
0.482784
0.517169
0.539439
0.548543
0.545767
0.534682
0.520351
0.508052
0.502053
0.504882
0.517228
0.5383
0.566335
0.599003
0.63365
0.66741
0.697369
0.720889
0.736132
0.742597
0.7414
0.735095
0.727043
0.720547
0.718123
0.721132
0.729817
0.743592
0.761339
0.781601
0.802614
0.822295
0.838278
0.848108
0.849606
0.841322
0.82293
0.795416
0.760957
0.722493
0.683123
0.645522
0.611553
0.582167
0.557554
0.537439
0.521374
0.508903
0.499521
0.492462
0.486483
0.479807
0.47035
0.45616
0.435925
0.40935
0.37729
0.341596
0.304726
0.269217
0.237169
0.209861
0.1876
0.169827
0.155421
0.143079
0.131665
0.120411
0.108951
0.0972112
0.0852455
0.0731285
0.0609358
0.0487926
0.0369303
0.0257187
0.0156814
0.00750151
0.00199566
0
0
0.0023882
0.0090844
0.018976
0.0306966
0.0430836
0.0555936
0.0684471
0.0823471
0.0979445
0.11554
0.135309
0.157799
0.184201
0.216046
0.254373
0.298957
0.348081
0.398877
0.447823
0.491187
0.525505
0.54826
0.558662
0.558152
0.550266
0.539783
0.5315
0.529142
0.534792
0.548887
0.570562
0.598089
0.629227
0.661418
0.69189
0.717781
0.736433
0.745882
0.745398
0.735837
0.719585
0.700069
0.68098
0.665499
0.65579
0.652879
0.656857
0.667176
0.682827
0.702342
0.723688
0.74423
0.760897
0.770599
0.770811
0.760136
0.738643
0.707849
0.670337
0.629173
0.587333
0.547337
0.511117
0.480071
0.45513
0.436794
0.42508
0.419438
0.418671
0.420945
0.423933
0.425118
0.422216
0.413604
0.398645
0.377805
0.352529
0.324878
0.297039
0.270823
0.247312
0.226736
0.208596
0.191979
0.17592
0.159725
0.143127
0.126274
0.109552
0.0933664
0.0779861
0.0635085
0.0499404
0.0373123
0.0257724
0.0156475
0.00747604
0.00199069
0
0
0.00238267
0.00905914
0.0189747
0.03093
0.044016
0.0579177
0.0728929
0.0894039
0.107686
0.12764
0.14914
0.172513
0.198811
0.229545
0.265904
0.307911
0.354133
0.402009
0.448403
0.490067
0.524064
0.548329
0.562288
0.567234
0.566121
0.562791
0.56095
0.56335
0.571425
0.585376
0.604486
0.627514
0.652998
0.6794
0.705042
0.727989
0.746066
0.757157
0.7597
0.753184
0.738382
0.717246
0.692513
0.667188
0.644078
0.625492
0.613121
0.608038
0.610679
0.620754
0.637083
0.65748
0.678834
0.697485
0.709864
0.713201
0.706056
0.688494
0.661875
0.62843
0.590799
0.551697
0.513714
0.479177
0.450011
0.427557
0.412405
0.404272
0.402
0.403699
0.407038
0.409601
0.409265
0.40452
0.394697
0.38005
0.361639
0.341017
0.319798
0.299231
0.27992
0.261773
0.244163
0.226243
0.207298
0.187012
0.165588
0.143666
0.122107
0.101707
0.0829902
0.0661413
0.0510897
0.0376741
0.0258079
0.0156045
0.00744801
0.00198543
0
0
0.00237999
0.00906535
0.0191056
0.0315192
0.0456634
0.0613827
0.0788401
0.0981582
0.119158
0.141401
0.164508
0.18857
0.214389
0.243299
0.276487
0.314205
0.355439
0.398197
0.440053
0.478574
0.511632
0.537769
0.556616
0.569104
0.577253
0.583548
0.590203
0.598665
0.609507
0.622631
0.637609
0.654024
0.671718
0.690816
0.711456
0.733313
0.75519
0.774988
0.790104
0.798091
0.797257
0.787015
0.767985
0.741882
0.711312
0.679494
0.649905
0.625835
0.60991
0.603692
0.60747
0.620168
0.639347
0.661433
0.682274
0.697943
0.705477
0.703284
0.691152
0.67001
0.64163
0.60838
0.572995
0.538292
0.506798
0.480378
0.459979
0.445552
0.436183
0.430344
0.426237
0.42212
0.41656
0.408601
0.397856
0.384527
0.369302
0.353122
0.336856
0.321007
0.305542
0.289916
0.27327
0.254737
0.233762
0.210328
0.185024
0.158909
0.133249
0.109189
0.0875075
0.0685086
0.0520962
0.0379616
0.0258091
0.0155493
0.00741728
0.00197996
0
0
0.00238001
0.0090998
0.0193475
0.0323823
0.047801
0.0655203
0.0855141
0.107534
0.131018
0.155238
0.179592
0.203937
0.228803
0.255262
0.284402
0.31664
0.351416
0.38744
0.42319
0.45727
0.488556
0.516318
0.540378
0.561191
0.579661
0.596721
0.612899
0.628143
0.641987
0.653923
0.663815
0.672192
0.680367
0.690306
0.704167
0.723537
0.748617
0.777796
0.807881
0.834848
0.854742
0.864408
0.861959
0.847036
0.820915
0.786452
0.747795
0.70977
0.677028
0.653212
0.640452
0.639203
0.648256
0.66485
0.68509
0.704723
0.719992
0.728208
0.727907
0.718736
0.701289
0.676984
0.647922
0.616612
0.585534
0.556656
0.531105
0.509111
0.490202
0.473522
0.458162
0.443397
0.428781
0.414146
0.399542
0.385186
0.371381
0.358383
0.346231
0.334609
0.322807
0.309807
0.294493
0.27595
0.253749
0.228125
0.199988
0.17074
0.141964
0.11508
0.09107
0.0703532
0.0528419
0.0381316
0.0257645
0.0154803
0.00738413
0.00197438
0
0
0.00238244
0.00915777
0.0196732
0.0334246
0.0501962
0.0698962
0.0922584
0.11667
0.142228
0.167945
0.193025
0.217133
0.240557
0.264133
0.288816
0.315136
0.342929
0.37157
0.400441
0.429227
0.457884
0.48647
0.515025
0.543525
0.571765
0.599165
0.62461
0.646536
0.663314
0.673831
0.678032
0.677233
0.674091
0.672236
0.675607
0.687535
0.709757
0.74172
0.780561
0.82178
0.86023
0.891031
0.910238
0.915319
0.905525
0.882119
0.848341
0.808947
0.769328
0.734449
0.707984
0.691891
0.68635
0.689897
0.699786
0.712615
0.725064
0.734428
0.738807
0.737042
0.728631
0.713717
0.693106
0.668162
0.64052
0.611696
0.582781
0.554359
0.526641
0.499708
0.473728
0.449064
0.426243
0.405824
0.388242
0.37369
0.362052
0.352882
0.34539
0.338473
0.330781
0.320867
0.307405
0.289469
0.266784
0.23985
0.209877
0.178558
0.147714
0.118951
0.0933791
0.0715002
0.0532438
0.0381549
0.0256681
0.0153979
0.00734925
0.00196883
0
0
0.00238691
0.0092335
0.0200523
0.0345498
0.0526342
0.07414
0.0985407
0.124887
0.151975
0.178603
0.203835
0.227219
0.248915
0.269618
0.290209
0.311282
0.332919
0.354925
0.377326
0.400684
0.425949
0.454015
0.485276
0.51942
0.555397
0.591426
0.625062
0.653426
0.67372
0.683964
0.683743
0.674663
0.660293
0.645574
0.635836
0.635714
0.648179
0.673888
0.711045
0.755864
0.803376
0.848276
0.885615
0.911348
0.92285
0.919342
0.902133
0.874451
0.840813
0.806056
0.774358
0.748586
0.730066
0.718719
0.7134
0.712356
0.713689
0.715674
0.716848
0.715937
0.711796
0.70345
0.690239
0.671953
0.648845
0.62154
0.590881
0.557841
0.523487
0.489001
0.45566
0.424782
0.3976
0.375094
0.357834
0.345849
0.338589
0.334966
0.333465
0.33229
0.329535
0.323383
0.312361
0.295607
0.273073
0.245574
0.214641
0.182225
0.150319
0.120621
0.0942923
0.0718584
0.0532585
0.0380184
0.0255199
0.0153044
0.00731371
0.00196348
0
0
0.00239293
0.00932061
0.0204539
0.0356691
0.0549313
0.077952
0.103942
0.131653
0.159635
0.186541
0.211391
0.233758
0.25385
0.272403
0.290315
0.308177
0.326039
0.343699
0.361317
0.379882
0.401112
0.426797
0.457999
0.494587
0.535205
0.577465
0.61817
0.653592
0.67998
0.694351
0.6954
0.684182
0.66423
0.640958
0.6205
0.608375
0.608419
0.622236
0.649201
0.686834
0.731362
0.778291
0.82292
0.860829
0.888392
0.90329
0.904898
0.894382
0.874391
0.848419
0.820012
0.792123
0.766765
0.745
0.727136
0.713
0.702166
0.69408
0.688043
0.68312
0.678059
0.671306
0.661173
0.646121
0.625085
0.597738
0.564623
0.527102
0.487163
0.447121
0.409298
0.375734
0.347989
0.327031
0.313193
0.306153
0.304941
0.307984
0.313234
0.318345
0.320932
0.31886
0.310558
0.295291
0.273309
0.245792
0.214607
0.181933
0.14987
0.12012
0.0938067
0.0714188
0.052883
0.0377263
0.0253258
0.0152036
0.00727892
0.0019585
0
0
0.00240001
0.00941263
0.0208495
0.0367059
0.0569408
0.0811044
0.108153
0.136585
0.164777
0.19134
0.215396
0.236745
0.255881
0.273781
0.291412
0.309162
0.326629
0.343057
0.358195
0.37301
0.389724
0.411054
0.439077
0.474423
0.516145
0.562025
0.608894
0.652891
0.689846
0.715978
0.728815
0.728019
0.715734
0.696249
0.675053
0.657599
0.648202
0.649396
0.66183
0.684548
0.715397
0.7514
0.78906
0.824691
0.854824
0.876663
0.88848
0.889818
0.881448
0.865101
0.843067
0.81779
0.79154
0.766189
0.743098
0.723102
0.706548
0.693361
0.683092
0.674906
0.667554
0.659344
0.648217
0.632008
0.608906
0.577989
0.539647
0.495663
0.448928
0.402858
0.360739
0.325182
0.29782
0.279276
0.269341
0.267183
0.271456
0.280288
0.291292
0.301719
0.308787
0.310093
0.304011
0.289976
0.268557
0.241301
0.210376
0.178129
0.146682
0.117653
0.0920447
0.0702495
0.0521545
0.0372997
0.0250977
0.0151012
0.00724654
0.00195408
0
0
0.00240758
0.00950333
0.0212139
0.0375997
0.0585553
0.0834425
0.110979
0.139463
0.16719
0.192861
0.215888
0.236531
0.255804
0.275033
0.295109
0.315823
0.335826
0.353423
0.367745
0.379626
0.391665
0.407384
0.429904
0.460915
0.500447
0.547188
0.598812
0.652129
0.703274
0.748183
0.783362
0.806685
0.817893
0.818592
0.811786
0.801146
0.790283
0.782208
0.779013
0.781747
0.790423
0.804114
0.821121
0.839241
0.856084
0.869416
0.877425
0.878878
0.873212
0.860596
0.841982
0.819083
0.794177
0.769699
0.747741
0.729656
0.715911
0.706197
0.699639
0.694969
0.690591
0.684558
0.67456
0.658108
0.633008
0.598057
0.55366
0.502061
0.446999
0.392926
0.344071
0.303685
0.273618
0.254307
0.245084
0.244612
0.251153
0.26256
0.276192
0.289025
0.298017
0.300615
0.295214
0.281433
0.260125
0.233116
0.202764
0.171466
0.141256
0.113579
0.0892415
0.0684897
0.0511483
0.0367762
0.0248528
0.0150037
0.00721841
0.00195042
0
0
0.00241511
0.00958712
0.0215269
0.0383066
0.059708
0.0848865
0.112344
0.140245
0.166906
0.19127
0.213232
0.233719
0.254379
0.276768
0.301322
0.32676
0.350515
0.369984
0.38392
0.39324
0.400911
0.410957
0.427133
0.451965
0.486576
0.530968
0.584221
0.644443
0.708715
0.773293
0.834124
0.887489
0.930538
0.961565
0.980042
0.986537
0.982608
0.970655
0.953656
0.934728
0.916577
0.901023
0.888808
0.879715
0.872881
0.867108
0.861027
0.853179
0.842148
0.826888
0.807188
0.784049
0.759681
0.736978
0.718663
0.706514
0.701027
0.701537
0.706566
0.714131
0.721898
0.727204
0.727062
0.718349
0.698328
0.665426
0.619971
0.564484
0.503302
0.441656
0.384566
0.335974
0.298295
0.272379
0.257753
0.25301
0.256142
0.264698
0.275806
0.286303
0.293096
0.29366
0.286501
0.271406
0.249393
0.222394
0.192764
0.16278
0.134262
0.108393
0.0857295
0.0663404
0.0499725
0.0362073
0.024613
0.0149191
0.00719646
0.00194772
0
0
0.00242208
0.00965924
0.0217735
0.0388005
0.0603714
0.0854298
0.112296
0.139073
0.164209
0.187033
0.208078
0.229032
0.252073
0.278642
0.308279
0.338444
0.365529
0.386451
0.399987
0.407319
0.411614
0.416915
0.426969
0.44461
0.471788
0.509791
0.559241
0.619799
0.689867
0.766535
0.845812
0.923032
0.993316
1.052
1.09512
1.1199
1.12535
1.11256
1.08472
1.04659
1.00344
0.960095
0.920035
0.885201
0.856157
0.832456
0.812902
0.795703
0.77871
0.759919
0.73821
0.714003
0.689419
0.667754
0.652438
0.645973
0.649329
0.661913
0.681874
0.706496
0.732502
0.756252
0.773866
0.781465
0.775677
0.75439
0.717482
0.667159
0.607629
0.544218
0.482254
0.426162
0.378991
0.342342
0.316519
0.300749
0.293396
0.292159
0.294241
0.296595
0.296294
0.290995
0.279356
0.261241
0.237644
0.21036
0.181511
0.153065
0.126508
0.102697
0.0819177
0.0640498
0.04876
0.0356552
0.0244031
0.0148554
0.00718256
0.00194613
0
0
0.00242804
0.00971597
0.0219441
0.0390716
0.0605549
0.0851349
0.110996
0.136259
0.159609
0.180869
0.201275
0.223188
0.24901
0.279659
0.313632
0.347427
0.376988
0.399296
0.413407
0.420594
0.423675
0.42597
0.430552
0.440085
0.457051
0.483846
0.522506
0.574196
0.638733
0.714326
0.79755
0.883518
0.966219
1.03907
1.09568
1.13089
1.14172
1.12817
1.09336
1.04304
0.984355
0.924424
0.869
0.821713
0.783971
0.755326
0.733966
0.717179
0.701847
0.685134
0.665304
0.642403
0.618465
0.597049
0.582236
0.577471
0.584679
0.603911
0.633468
0.670338
0.710728
0.750478
0.785324
0.811101
0.824094
0.821596
0.802541
0.767909
0.720646
0.665073
0.606006
0.547911
0.494344
0.447715
0.409276
0.379217
0.356804
0.340532
0.328306
0.317697
0.306293
0.292109
0.27396
0.251655
0.225945
0.198248
0.170234
0.143424
0.118893
0.0971619
0.0782579
0.0618912
0.0476567
0.0351873
0.0242493
0.0148209
0.00717849
0.0019458
0
0
0.00243259
0.00975466
0.0220347
0.0391253
0.0603004
0.084123
0.1087
0.132251
0.153785
0.173664
0.193755
0.216831
0.245139
0.278887
0.31583
0.3522
0.384229
0.409397
0.426953
0.437658
0.443087
0.445015
0.445294
0.446135
0.450376
0.461409
0.482654
0.516811
0.565136
0.626978
0.699618
0.778362
0.856904
0.927997
0.984431
1.02022
1.03177
1.01867
0.983933
0.933476
0.875009
0.816498
0.764655
0.723813
0.695491
0.678604
0.67013
0.665954
0.661783
0.654051
0.640707
0.621693
0.599007
0.576263
0.557851
0.547894
0.549298
0.563155
0.588657
0.623464
0.664307
0.707539
0.74944
0.78632
0.814608
0.831123
0.833548
0.820946
0.794068
0.755251
0.707948
0.656036
0.603154
0.55223
0.505259
0.463299
0.426613
0.394823
0.367044
0.342004
0.318226
0.294316
0.269284
0.242777
0.215135
0.187229
0.160167
0.134969
0.112318
0.0924506
0.0751944
0.060133
0.0468063
0.0348696
0.024177
0.0148231
0.00718575
0.00194685
0
0
0.00243541
0.0097738
0.0220459
0.0389797
0.0596752
0.0825592
0.10573
0.127583
0.147501
0.166345
0.186412
0.210539
0.240556
0.276131
0.314918
0.353698
0.389582
0.420638
0.445819
0.464526
0.476307
0.480974
0.479059
0.472239
0.463498
0.45696
0.457377
0.469233
0.495573
0.536976
0.591241
0.653779
0.7184
0.778232
0.826736
0.858743
0.871338
0.864391
0.840615
0.805126
0.76455
0.725827
0.694882
0.675481
0.668554
0.672198
0.682359
0.693953
0.70209
0.70309
0.695095
0.67825
0.654539
0.627362
0.600916
0.579429
0.566347
0.563692
0.571803
0.589565
0.614982
0.645749
0.679549
0.713984
0.746332
0.773457
0.792093
0.799471
0.794015
0.775766
0.746316
0.708311
0.664733
0.618265
0.570955
0.52422
0.479062
0.436259
0.396371
0.359607
0.325711
0.294041
0.263823
0.234489
0.205894
0.178336
0.152391
0.128661
0.107549
0.0891216
0.0731017
0.0590036
0.0463326
0.0347602
0.0242083
0.0148685
0.00720551
0.00194935
0
0
0.00243629
0.00977291
0.0219824
0.0386627
0.0587642
0.0806339
0.102436
0.122808
0.141507
0.159769
0.180036
0.204904
0.235766
0.272196
0.312458
0.354479
0.396414
0.436534
0.472768
0.502549
0.523271
0.533107
0.531683
0.520353
0.502117
0.481432
0.463906
0.45561
0.461597
0.484019
0.521194
0.568382
0.619435
0.668259
0.709788
0.740616
0.759285
0.766273
0.763725
0.755043
0.74438
0.735987
0.733403
0.738598
0.751365
0.769254
0.788211
0.803689
0.811837
0.810321
0.798576
0.777591
0.74949
0.717119
0.683704
0.652476
0.626196
0.606674
0.594519
0.589323
0.590221
0.596508
0.60789
0.624172
0.644572
0.667133
0.688707
0.705616
0.714653
0.713922
0.703128
0.683246
0.655829
0.622353
0.583951
0.541606
0.496546
0.45046
0.405304
0.362796
0.323921
0.288753
0.25669
0.22692
0.198863
0.172368
0.147661
0.125128
0.10507
0.0875286
0.0722238
0.0586584
0.0463243
0.0349018
0.0243599
0.0149617
0.00723851
0.00195331
0
0
0.0024351
0.00975249
0.0218523
0.0382087
0.057661
0.0785426
0.0991586
0.11843
0.136445
0.154623
0.175274
0.200588
0.231721
0.268644
0.310708
0.357113
0.406709
0.45733
0.505427
0.54655
0.576527
0.592632
0.594203
0.582643
0.561123
0.534319
0.508209
0.489537
0.484366
0.495896
0.523079
0.561386
0.60497
0.648568
0.688534
0.723128
0.752266
0.776926
0.79847
0.818201
0.837212
0.856354
0.876046
0.895888
0.914329
0.928758
0.936172
0.934202
0.921996
0.900541
0.872272
0.840243
0.807281
0.775487
0.746128
0.719739
0.696217
0.674845
0.654427
0.633723
0.612148
0.590401
0.570607
0.555696
0.548189
0.548958
0.556647
0.568112
0.579606
0.587988
0.591337
0.588808
0.580013
0.564481
0.541634
0.511317
0.474444
0.433209
0.390627
0.34961
0.312079
0.278573
0.24851
0.220848
0.194733
0.16983
0.146302
0.124565
0.105009
0.0877702
0.0726433
0.0591625
0.0468248
0.0353183
0.0246412
0.0151052
0.00728498
0.00195872
0
0
0.0024318
0.00971389
0.0216662
0.0376553
0.0564582
0.0764659
0.0961898
0.114851
0.132776
0.151376
0.172623
0.198309
0.229602
0.267179
0.311524
0.362756
0.419837
0.479798
0.537799
0.58821
0.626152
0.64872
0.655464
0.648196
0.630513
0.607382
0.584768
0.568949
0.565173
0.575982
0.600389
0.63468
0.674218
0.715071
0.754925
0.793239
0.83078
0.868717
0.90768
0.947213
0.985786
1.02114
1.05059
1.07111
1.07957
1.0732
1.05053
1.01241
0.962455
0.90667
0.852205
0.80566
0.771532
0.751288
0.743335
0.743739
0.747231
0.748133
0.741192
0.722513
0.690574
0.646951
0.596253
0.545032
0.499969
0.466019
0.445229
0.436677
0.437431
0.44395
0.45307
0.462156
0.468698
0.470027
0.463637
0.448053
0.423627
0.39267
0.358715
0.325224
0.294421
0.266833
0.241687
0.217787
0.194277
0.17097
0.148256
0.126796
0.107187
0.089722
0.0742956
0.0604933
0.0478319
0.0360121
0.0250539
0.0152988
0.0073446
0.00196549
0
0
0.00242643
0.0096591
0.0214358
0.0370401
0.0552401
0.0745523
0.0937439
0.112321
0.130746
0.150256
0.172406
0.198676
0.230405
0.268945
0.315557
0.37072
0.43313
0.499169
0.563391
0.619882
0.663848
0.692756
0.70671
0.708135
0.701116
0.690689
0.682105
0.679928
0.687023
0.703877
0.72876
0.758692
0.790698
0.822796
0.854489
0.886703
0.921205
0.959638
1.00251
1.04854
1.09465
1.13629
1.16805
1.18418
1.1794
1.15007
1.09561
1.01954
0.929741
0.837416
0.755234
0.694872
0.664201
0.664774
0.691324
0.733976
0.78118
0.821619
0.845335
0.844927
0.81696
0.763051
0.689826
0.607394
0.526714
0.456869
0.403339
0.367764
0.348842
0.343603
0.348369
0.359159
0.371726
0.381728
0.38539
0.380457
0.36691
0.34691
0.323819
0.300726
0.279262
0.259351
0.239885
0.219708
0.198286
0.175866
0.153257
0.131447
0.111259
0.0931246
0.0770154
0.0625604
0.049303
0.0369658
0.0255911
0.0155401
0.00741649
0.00197351
0
0
0.00241914
0.00959066
0.0211736
0.0363978
0.0540757
0.0729062
0.0919397
0.110931
0.130377
0.151249
0.174697
0.201966
0.234522
0.274076
0.322127
0.379063
0.443292
0.511031
0.577017
0.635858
0.683491
0.718196
0.740857
0.754515
0.763452
0.772108
0.784027
0.801012
0.822757
0.847147
0.871152
0.89199
0.908107
0.919737
0.928917
0.939004
0.95381
0.976514
1.00862
1.04926
1.09501
1.14022
1.1775
1.19858
1.19557
1.16273
1.09847
1.00668
0.896899
0.783134
0.681948
0.610137
0.580897
0.597932
0.65303
0.731063
0.815817
0.892168
0.946697
0.968835
0.952722
0.898856
0.814441
0.711847
0.605506
0.508361
0.429195
0.37171
0.33534
0.316926
0.312186
0.316451
0.324954
0.333163
0.337424
0.335718
0.328087
0.316328
0.302881
0.289477
0.276369
0.262599
0.246892
0.228467
0.207386
0.184466
0.160944
0.138076
0.116822
0.0976631
0.0805854
0.0652307
0.0511665
0.0381456
0.0262387
0.0158237
0.0074992
0.00198259
0
0
0.00241013
0.00951143
0.0208919
0.0357585
0.0530145
0.0715819
0.0907969
0.110614
0.131488
0.154104
0.179248
0.207929
0.241537
0.281695
0.329663
0.385513
0.447537
0.512274
0.575253
0.632202
0.680297
0.718997
0.750143
0.777276
0.804415
0.834672
0.869161
0.906515
0.943168
0.974312
0.995262
1.00285
0.996473
0.978509
0.953971
0.929536
0.912197
0.907848
0.920083
0.949446
0.993234
1.04571
1.09855
1.14161
1.16433
1.15789
1.11766
1.04503
0.947903
0.839579
0.736785
0.657464
0.617617
0.625517
0.676891
0.757701
0.850746
0.939226
1.00781
1.04382
1.0392
0.992422
0.909269
0.801632
0.684617
0.572902
0.477666
0.404985
0.355879
0.327569
0.315212
0.313394
0.317028
0.321851
0.324847
0.324592
0.321241
0.315909
0.309612
0.302421
0.293401
0.281268
0.265158
0.245033
0.22168
0.196439
0.170828
0.14619
0.123449
0.103003
0.0847656
0.0683483
0.0533317
0.0395052
0.0269764
0.0161424
0.0075908
0.00199252
0
0
0.00239966
0.00942447
0.020602
0.0351457
0.0520858
0.0705854
0.0902471
0.11117
0.13373
0.15834
0.185452
0.215762
0.250313
0.29026
0.336325
0.388202
0.44423
0.501558
0.556822
0.607181
0.651353
0.690245
0.726798
0.764994
0.808334
0.858369
0.913827
0.970552
1.02219
1.06149
1.08194
1.0795
1.05392
1.00922
0.953144
0.89581
0.847766
0.818054
0.812602
0.833404
0.878547
0.942686
1.01747
1.09201
1.15399
1.19174
1.19683
1.16651
1.10471
1.02143
0.93073
0.8482
0.788402
0.76191
0.772086
0.813716
0.875076
0.941491
0.998091
1.03181
1.03331
0.998777
0.930797
0.837748
0.731695
0.625465
0.529939
0.452355
0.39584
0.359879
0.341317
0.335546
0.337637
0.343207
0.348996
0.353126
0.354915
0.354252
0.350864
0.343981
0.332602
0.316065
0.294468
0.268721
0.24031
0.210934
0.182159
0.155176
0.130664
0.10879
0.0893046
0.071746
0.0556973
0.0409902
0.0277791
0.0164868
0.0076889
0.00200306
0
0
0.00238804
0.00933286
0.020314
0.0345766
0.0512989
0.0698814
0.0901548
0.112314
0.13664
0.163298
0.192412
0.224257
0.259308
0.298031
0.340502
0.386066
0.433205
0.479736
0.523406
0.562771
0.598081
0.631722
0.667813
0.710893
0.764177
0.828171
0.900114
0.974191
1.04231
1.09546
1.1255
1.12723
1.09998
1.04829
0.981425
0.911633
0.851785
0.812745
0.801328
0.81962
0.865751
0.935052
1.02047
1.11248
1.19938
1.26878
1.31005
1.31683
1.28872
1.23131
1.15479
1.07157
0.993873
0.931734
0.89159
0.875326
0.880003
0.898565
0.921414
0.93838
0.940674
0.922542
0.882324
0.822616
0.74947
0.670877
0.594995
0.528633
0.476289
0.439824
0.418647
0.410247
0.410935
0.416663
0.423773
0.429482
0.43195
0.429977
0.422619
0.409081
0.388971
0.36264
0.3313
0.296805
0.261229
0.226448
0.193858
0.164267
0.13793
0.11465
0.0939455
0.075254
0.0581585
0.0425424
0.0286192
0.0168464
0.00779082
0.00201393
0
0
0.0023756
0.00923959
0.0200365
0.0340617
0.0506473
0.0694063
0.0903459
0.113713
0.139689
0.16822
0.199086
0.232059
0.266942
0.303459
0.341094
0.378956
0.415748
0.449919
0.480118
0.505943
0.528748
0.552037
0.580977
0.62091
0.675474
0.745282
0.827552
0.916356
1.00327
1.07854
1.13293
1.15981
1.15693
1.1273
1.07873
1.02219
0.969499
0.930954
0.913606
0.920689
0.952046
1.0049
1.07428
1.15299
1.23176
1.30009
1.34797
1.36795
1.35685
1.31646
1.2529
1.17504
1.09245
1.01369
0.945241
0.891157
0.853177
0.830849
0.821616
0.821025
0.823273
0.822192
0.81249
0.790975
0.757372
0.714407
0.667053
0.621163
0.581945
0.552798
0.534804
0.526882
0.526389
0.529912
0.534021
0.535792
0.532987
0.523965
0.507555
0.48314
0.450942
0.41225
0.369302
0.324822
0.281393
0.240956
0.204595
0.172598
0.144678
0.120206
0.0984374
0.0787076
0.0606121
0.0441027
0.0294677
0.0172101
0.00789364
0.00202485
0
0
0.00236271
0.00914746
0.0197762
0.0336061
0.0501135
0.0690822
0.0906363
0.115034
0.142361
0.172359
0.204467
0.237936
0.271906
0.30545
0.337621
0.367494
0.39415
0.416705
0.434538
0.447844
0.458367
0.469907
0.488077
0.519044
0.56766
0.63596
0.722567
0.822729
0.92875
1.03096
1.11932
1.18537
1.22393
1.23408
1.21906
1.18543
1.14165
1.09667
1.05869
1.03425
1.02737
1.03905
1.06715
1.10679
1.1511
1.19228
1.22261
1.23575
1.22783
1.19822
1.14962
1.08743
1.01852
0.949788
0.887002
0.834243
0.793857
0.766712
0.752387
0.749137
0.753756
0.761685
0.767683
0.767051
0.757012
0.737617
0.711704
0.683866
0.658896
0.640311
0.629529
0.625829
0.626937
0.62985
0.631555
0.62944
0.621371
0.605624
0.580926
0.546759
0.503793
0.45409
0.400825
0.34756
0.297381
0.252285
0.213023
0.179338
0.150386
0.12512
0.102555
0.0819575
0.0629625
0.045615
0.0302958
0.0175662
0.00799442
0.00203553
0
0
0.00234973
0.00905897
0.0195384
0.0332105
0.0496741
0.0688309
0.0908596
0.115992
0.144215
0.175092
0.20775
0.240978
0.273359
0.303486
0.330202
0.352778
0.370909
0.384575
0.393978
0.399775
0.40362
0.408727
0.420038
0.443612
0.485227
0.548694
0.634619
0.739929
0.858113
0.980058
1.09542
1.19424
1.26853
1.31336
1.32738
1.31278
1.27464
1.2201
1.15732
1.0945
1.03888
0.995906
0.96835
0.955923
0.955467
0.961837
0.969084
0.971564
0.964856
0.94652
0.916637
0.877917
0.835161
0.794068
0.75968
0.735073
0.720874
0.715712
0.717142
0.722446
0.729043
0.734582
0.736927
0.73432
0.72583
0.711922
0.694674
0.677342
0.663324
0.655022
0.653116
0.656515
0.662897
0.669464
0.673529
0.672734
0.664975
0.648315
0.621184
0.582943
0.534492
0.478508
0.419011
0.360373
0.306206
0.258612
0.218069
0.183855
0.15467
0.129139
0.106125
0.0848808
0.0651268
0.0470279
0.0310765
0.0179039
0.00809025
0.00204569
0
0
0.00233701
0.00897631
0.0193265
0.0328727
0.0493054
0.0685869
0.0908886
0.116378
0.144946
0.176008
0.208452
0.240719
0.271015
0.297654
0.319466
0.336094
0.348025
0.356328
0.362299
0.367301
0.372956
0.381562
0.396435
0.421865
0.462509
0.522237
0.602779
0.702744
0.817397
0.939194
1.05885
1.16669
1.25399
1.31419
1.34369
1.34222
1.31253
1.2597
1.19007
1.11033
1.02688
0.945776
0.872641
0.812453
0.768636
0.741871
0.729482
0.726102
0.725384
0.721912
0.712669
0.697777
0.68026
0.664745
0.655381
0.654
0.659606
0.669286
0.679595
0.687492
0.690742
0.68808
0.679285
0.665132
0.647248
0.627919
0.609864
0.595846
0.588083
0.587644
0.594115
0.605749
0.62
0.634144
0.645653
0.652192
0.651401
0.640847
0.618417
0.58313
0.53592
0.479883
0.419701
0.360416
0.306088
0.258919
0.219194
0.185867
0.157357
0.132136
0.109038
0.0873895
0.0670385
0.0482977
0.0317858
0.0182128
0.00817843
0.00205507
0
0
0.00232489
0.00890124
0.0191428
0.0325891
0.0489874
0.0683047
0.0906501
0.116094
0.144428
0.174969
0.206466
0.23718
0.265139
0.288576
0.306435
0.31877
0.326826
0.332743
0.338982
0.347762
0.360794
0.379415
0.40499
0.439263
0.484391
0.542492
0.614795
0.700734
0.79742
0.899721
1.0009
1.09358
1.17083
1.22723
1.25962
1.26749
1.25273
1.21882
1.16974
1.10904
1.03964
0.964234
0.886243
0.810496
0.7432
0.69072
0.657246
0.642516
0.641553
0.647016
0.652422
0.654273
0.652428
0.64897
0.646297
0.645475
0.645798
0.645497
0.642747
0.636166
0.624819
0.608177
0.586352
0.560436
0.53263
0.505986
0.483846
0.469133
0.463688
0.467857
0.48047
0.499242
0.521388
0.544163
0.565049
0.581565
0.590973
0.590295
0.576886
0.549409
0.508719
0.45809
0.402531
0.347407
0.296939
0.253287
0.216548
0.185507
0.158523
0.134124
0.111266
0.089435
0.0686504
0.0493892
0.032403
0.0184843
0.0082566
0.00206345
0
0
0.00231366
0.00883518
0.0189883
0.0323555
0.0487061
0.0679638
0.0901306
0.115152
0.142728
0.172126
0.202076
0.230837
0.256466
0.27728
0.292396
0.302162
0.308302
0.313655
0.321516
0.334774
0.355202
0.383318
0.41883
0.461302
0.51057
0.566725
0.629716
0.698813
0.772208
0.846953
0.919239
0.984935
1.04027
1.08252
1.11056
1.12501
1.12788
1.12162
1.10799
1.08736
1.05883
1.02126
0.974573
0.920888
0.864779
0.812588
0.770671
0.743076
0.729805
0.727027
0.729187
0.731449
0.730971
0.726735
0.718508
0.705902
0.688151
0.664625
0.635456
0.601708
0.564954
0.52669
0.488096
0.450298
0.414821
0.383789
0.359688
0.344791
0.3405
0.346875
0.362572
0.385217
0.412032
0.440325
0.467605
0.49132
0.50856
0.516134
0.511203
0.492305
0.46021
0.418113
0.3709
0.323716
0.280467
0.242945
0.210985
0.183322
0.158478
0.135245
0.112849
0.0910059
0.0699341
0.0502765
0.0329119
0.018711
0.0083228
0.00207065
0
0
0.00230361
0.00877912
0.0188632
0.0321678
0.0484545
0.0675678
0.0893736
0.113678
0.140097
0.167902
0.195914
0.222556
0.246092
0.265056
0.278742
0.287613
0.293463
0.299247
0.308497
0.3244
0.348843
0.381981
0.42257
0.468732
0.518619
0.570709
0.623772
0.676677
0.728222
0.777083
0.821901
0.861453
0.894907
0.922095
0.943754
0.961523
0.977529
0.993513
1.00984
1.02496
1.03576
1.03867
1.03107
1.01234
0.984269
0.950676
0.916343
0.885566
0.860892
0.842582
0.829053
0.81788
0.806671
0.793374
0.776127
0.753109
0.722727
0.684129
0.637704
0.585194
0.52933
0.47318
0.419583
0.37092
0.329173
0.296032
0.272822
0.260278
0.258372
0.26629
0.282495
0.304887
0.331124
0.358919
0.386098
0.41037
0.429089
0.439354
0.438625
0.425641
0.401175
0.368152
0.330902
0.293788
0.259829
0.230056
0.203905
0.18016
0.157694
0.135734
0.113878
0.0921204
0.0708779
0.0509428
0.033301
0.0188876
0.00837559
0.00207654
0
0
0.00229495
0.00873369
0.0187668
0.0320227
0.0482319
0.0671397
0.0884665
0.111881
0.136931
0.162934
0.188886
0.213493
0.235357
0.253314
0.266827
0.276312
0.283288
0.29028
0.300432
0.31678
0.341331
0.374384
0.414548
0.459356
0.506026
0.552015
0.595295
0.634443
0.668655
0.697726
0.722012
0.742313
0.75975
0.775655
0.791542
0.809074
0.829854
0.854941
0.884193
0.915823
0.946517
0.972174
0.988981
0.994409
0.987804
0.97045
0.94512
0.915299
0.884343
0.854829
0.828239
0.804941
0.784308
0.764867
0.744481
0.720702
0.69129
0.654796
0.610974
0.560868
0.506558
0.450718
0.396201
0.345783
0.302072
0.267392
0.243473
0.230967
0.229186
0.236392
0.250387
0.268954
0.290079
0.312007
0.33314
0.351775
0.365897
0.373287
0.372052
0.361399
0.342235
0.317166
0.289729
0.263099
0.238954
0.217251
0.196957
0.176993
0.156709
0.135861
0.114471
0.0928138
0.0714827
0.0513799
0.0335633
0.019011
0.00841411
0.00208104
0
0
0.00228786
0.00869916
0.0186978
0.031917
0.0480419
0.0667142
0.0875206
0.110016
0.133706
0.157983
0.182061
0.204981
0.225735
0.243494
0.257874
0.269153
0.278384
0.287345
0.298353
0.313834
0.335677
0.364542
0.399542
0.438502
0.478586
0.516963
0.551296
0.580034
0.60255
0.619163
0.631017
0.639839
0.647588
0.656109
0.666894
0.680998
0.699053
0.721237
0.747089
0.775259
0.803403
0.828417
0.847012
0.85646
0.855246
0.843417
0.822553
0.795386
0.765216
0.735253
0.708051
0.685086
0.666566
0.651504
0.638051
0.623984
0.607225
0.586245
0.560294
0.529444
0.494466
0.456632
0.417525
0.378945
0.342877
0.311438
0.286627
0.269868
0.261505
0.260652
0.265546
0.274168
0.284727
0.29584
0.306402
0.315302
0.321181
0.322505
0.318011
0.307349
0.291551
0.272906
0.254099
0.23696
0.221664
0.207046
0.191673
0.174698
0.155997
0.135865
0.114734
0.0931247
0.0717564
0.0515862
0.0336965
0.0190799
0.00843808
0.00208413
0
0
0.00228247
0.00867549
0.0186545
0.0318479
0.0478895
0.066328
0.0866477
0.108333
0.130889
0.153807
0.176513
0.198362
0.218704
0.237005
0.25299
0.266766
0.278876
0.2903
0.302385
0.316675
0.334586
0.35695
0.383618
0.413364
0.444174
0.473756
0.500056
0.521643
0.53792
0.549159
0.556381
0.561101
0.564995
0.56956
0.57586
0.584413
0.595249
0.608044
0.622224
0.636954
0.651055
0.662967
0.670907
0.673231
0.668887
0.657791
0.640975
0.620425
0.598657
0.578141
0.560739
0.547383
0.538088
0.532275
0.529139
0.527827
0.527383
0.526628
0.52419
0.518736
0.509271
0.495357
0.477188
0.455563
0.4318
0.407568
0.384625
0.364453
0.347922
0.335144
0.325592
0.318419
0.3128
0.308123
0.30396
0.299848
0.295072
0.288661
0.279737
0.268084
0.254574
0.240993
0.229103
0.219426
0.210813
0.201248
0.189114
0.173863
0.155867
0.135899
0.114736
0.0930815
0.0717103
0.0515663
0.0337027
0.0190955
0.00844786
0.00208586
0
0
0.00227885
0.00866237
0.0186348
0.0318122
0.0477786
0.0660109
0.0859351
0.107025
0.128839
0.150992
0.173093
0.194731
0.215501
0.235055
0.253147
0.269676
0.284726
0.298598
0.31182
0.325103
0.339228
0.354868
0.372378
0.391626
0.411962
0.432348
0.451627
0.468809
0.483296
0.49497
0.504146
0.511408
0.517402
0.522655
0.52748
0.531993
0.536212
0.540173
0.543989
0.547788
0.551548
0.554924
0.557187
0.557371
0.554574
0.548319
0.538802
0.526916
0.514056
0.501766
0.491402
0.48397
0.480203
0.480737
0.486104
0.49638
0.510714
0.527147
0.542988
0.555536
0.562729
0.563478
0.557677
0.546005
0.529659
0.510061
0.488589
0.466359
0.444107
0.422202
0.400759
0.379803
0.359408
0.33978
0.321225
0.304026
0.288253
0.273664
0.259854
0.246662
0.234569
0.224587
0.217423
0.212459
0.207648
0.200566
0.189642
0.174651
0.156381
0.135985
0.114488
0.0926944
0.0713548
0.0513293
0.0335884
0.0190607
0.00844437
0.00208633
0
0
0.00227704
0.00865928
0.0186362
0.0318063
0.0477098
0.0657783
0.0854285
0.106186
0.127727
0.14981
0.172197
0.19461
0.216745
0.238287
0.258903
0.278233
0.295959
0.311899
0.326074
0.338688
0.350051
0.360544
0.370646
0.38096
0.392125
0.404629
0.418616
0.43383
0.449716
0.465621
0.480947
0.495198
0.507946
0.518791
0.527404
0.533655
0.53777
0.540427
0.542695
0.545785
0.550667
0.557701
0.566423
0.575619
0.583649
0.588935
0.590411
0.587813
0.581731
0.573463
0.564757
0.557527
0.553593
0.554398
0.56068
0.572143
0.587322
0.603807
0.618813
0.629855
0.63523
0.634216
0.626984
0.614355
0.597477
0.577518
0.555419
0.531788
0.506934
0.481011
0.454164
0.426641
0.398833
0.371269
0.344582
0.319434
0.296421
0.275965
0.258283
0.243511
0.231899
0.223735
0.218764
0.215544
0.211606
0.204495
0.192848
0.176754
0.157331
0.135999
0.113934
0.0919515
0.0706989
0.050889
0.0333636
0.0189808
0.0084291
0.00208569
0
0
0.00227701
0.0086655
0.0186562
0.0318258
0.0476791
0.0656284
0.0851235
0.105797
0.127486
0.150127
0.173604
0.197691
0.222062
0.246299
0.26986
0.292075
0.312259
0.329923
0.344914
0.357355
0.367469
0.375487
0.381801
0.387231
0.393122
0.401089
0.412484
0.427877
0.446884
0.468387
0.490931
0.513058
0.533496
0.551283
0.565879
0.577302
0.586221
0.593945
0.602231
0.612913
0.627424
0.646337
0.669077
0.693911
0.71828
0.739393
0.754895
0.763376
0.764595
0.759421
0.749571
0.737241
0.724709
0.713913
0.706079
0.701465
0.699324
0.698144
0.696084
0.691463
0.683126
0.67062
0.654168
0.634512
0.612652
0.589558
0.565917
0.542019
0.517807
0.493056
0.467563
0.441285
0.414392
0.387265
0.360452
0.334604
0.310425
0.288616
0.269797
0.254453
0.242872
0.234981
0.229971
0.226015
0.220601
0.211494
0.197642
0.179439
0.158258
0.135689
0.112964
0.090824
0.0697516
0.0502634
0.0330422
0.0188624
0.008404
0.00208415
0
0
0.0022787
0.00868023
0.0186919
0.0318655
0.0476779
0.0655429
0.0849714
0.105731
0.127851
0.151447
0.17652
0.20285
0.23002
0.257427
0.284255
0.309489
0.332112
0.351452
0.367417
0.38041
0.390957
0.399422
0.406106
0.411659
0.417423
0.425321
0.437267
0.454404
0.47663
0.50265
0.530421
0.557701
0.582514
0.603502
0.620159
0.632941
0.643228
0.653141
0.665192
0.681796
0.704719
0.734548
0.770327
0.809523
0.848415
0.882871
0.909235
0.925036
0.929325
0.92264
0.906717
0.884083
0.857602
0.830007
0.803461
0.779229
0.757563
0.737839
0.718914
0.699544
0.678755
0.656057
0.631505
0.605646
0.579361
0.553622
0.529211
0.506499
0.485376
0.465361
0.44581
0.426139
0.405984
0.385279
0.364233
0.343259
0.322915
0.303861
0.286806
0.272399
0.26104
0.25261
0.246179
0.239933
0.231603
0.219336
0.202462
0.181671
0.158531
0.134718
0.111432
0.0892771
0.0685259
0.0494759
0.0326415
0.0187137
0.00837145
0.00208193
0
0
0.00228202
0.00870256
0.0187407
0.0319199
0.0476948
0.0654922
0.0848937
0.105803
0.128431
0.153067
0.179817
0.208462
0.23848
0.269072
0.299144
0.327353
0.352398
0.373492
0.390724
0.404956
0.417271
0.42841
0.438679
0.448382
0.458346
0.470041
0.48516
0.504889
0.529281
0.557078
0.586
0.613346
0.636677
0.654394
0.66611
0.672758
0.67645
0.680153
0.687204
0.700703
0.722835
0.754238
0.793585
0.837595
0.881569
0.920359
0.949436
0.965721
0.967976
0.956769
0.934155
0.903205
0.867478
0.830431
0.794847
0.762402
0.73351
0.707517
0.683151
0.659049
0.634176
0.608028
0.580662
0.552615
0.524795
0.498324
0.474292
0.453451
0.435972
0.421392
0.408789
0.397085
0.38535
0.372991
0.359788
0.345832
0.331428
0.317047
0.303282
0.290755
0.279901
0.270665
0.262239
0.253069
0.241301
0.225557
0.205573
0.182313
0.157474
0.132737
0.109201
0.0872869
0.0670439
0.0485555
0.0321816
0.0185442
0.00833408
0.00207931
0
0
0.00228683
0.00873157
0.0188002
0.0319838
0.0477169
0.065442
0.0848036
0.105815
0.128828
0.154276
0.182358
0.212873
0.245221
0.278441
0.311204
0.341902
0.369007
0.39165
0.410086
0.425629
0.439978
0.454381
0.469282
0.484654
0.500625
0.517828
0.53722
0.559528
0.584641
0.611299
0.637238
0.659735
0.676354
0.685621
0.687434
0.683142
0.67533
0.667439
0.663252
0.666257
0.678935
0.702063
0.734277
0.772125
0.810681
0.844599
0.869249
0.881573
0.880482
0.866807
0.842939
0.812307
0.778742
0.745759
0.715873
0.690147
0.668171
0.648481
0.629236
0.608875
0.586534
0.562113
0.536087
0.509237
0.482502
0.456953
0.433765
0.414023
0.398388
0.386802
0.378479
0.372168
0.366564
0.360628
0.353732
0.345634
0.336375
0.326203
0.315514
0.304773
0.294342
0.284199
0.273716
0.261683
0.246717
0.227923
0.205413
0.180361
0.154513
0.129473
0.106181
0.084858
0.0653425
0.0475382
0.0316853
0.0183641
0.00829472
0.00207656
0
0
0.00229299
0.00876634
0.018868
0.0320524
0.0477324
0.0653616
0.0846261
0.105604
0.128731
0.154533
0.183288
0.214832
0.248535
0.283332
0.317731
0.349938
0.378253
0.401708
0.420614
0.436562
0.451739
0.46792
0.485844
0.505357
0.526032
0.547681
0.570412
0.594269
0.618753
0.642515
0.663453
0.679192
0.68777
0.688235
0.680962
0.667616
0.650889
0.634121
0.620879
0.614448
0.617221
0.630053
0.651834
0.679499
0.708607
0.734351
0.752639
0.760914
0.758496
0.746468
0.727273
0.704158
0.680514
0.659167
0.641742
0.628348
0.617728
0.607839
0.596599
0.582562
0.565258
0.545106
0.522977
0.499711
0.475912
0.452135
0.429216
0.408369
0.39088
0.377551
0.368312
0.362246
0.35799
0.354213
0.349927
0.344571
0.337938
0.330053
0.321093
0.311304
0.30088
0.289763
0.277467
0.263107
0.245735
0.224872
0.200925
0.175176
0.149322
0.124808
0.102374
0.0820395
0.0634772
0.0464663
0.0311774
0.018184
0.00825624
0.00207396
0
0
0.00230032
0.00880601
0.0189426
0.0321225
0.0477331
0.0652296
0.0843145
0.105082
0.127983
0.153579
0.182206
0.213756
0.24762
0.282701
0.317435
0.34992
0.378331
0.401555
0.419783
0.434609
0.448437
0.463468
0.480892
0.500767
0.522502
0.545419
0.568984
0.592667
0.615618
0.636465
0.653415
0.664669
0.668967
0.666017
0.656613
0.642483
0.625983
0.609811
0.596762
0.58944
0.58982
0.598699
0.615237
0.636889
0.659874
0.680097
0.694166
0.700125
0.697697
0.688082
0.673503
0.656693
0.640373
0.626728
0.616922
0.610826
0.607127
0.603804
0.598827
0.590802
0.579296
0.564686
0.547639
0.528586
0.507565
0.484576
0.460138
0.435573
0.412741
0.393351
0.378287
0.367334
0.359444
0.353258
0.347579
0.341589
0.33484
0.327127
0.31838
0.308589
0.297735
0.285676
0.272022
0.256157
0.237484
0.215841
0.191807
0.166656
0.14193
0.11884
0.0978926
0.0789328
0.0615235
0.0453879
0.0306837
0.0180147
0.00822143
0.00207177
0
0
0.00230862
0.00884978
0.0190228
0.0321927
0.0477157
0.0650385
0.083857
0.104238
0.126594
0.151464
0.179214
0.209808
0.242713
0.276885
0.310781
0.342492
0.370119
0.39238
0.409185
0.421831
0.432598
0.443882
0.457358
0.473619
0.492393
0.512999
0.534678
0.556635
0.577915
0.597309
0.613464
0.6252
0.631879
0.633619
0.631267
0.626158
0.619874
0.614102
0.610607
0.611161
0.617238
0.629496
0.647262
0.668368
0.68955
0.707308
0.718872
0.722863
0.71942
0.709877
0.696252
0.680796
0.665695
0.6528
0.643317
0.637504
0.634567
0.632902
0.630638
0.62623
0.61882
0.608186
0.594377
0.577317
0.556724
0.532446
0.504963
0.475666
0.446632
0.420001
0.397271
0.378918
0.364465
0.352896
0.343107
0.334189
0.325493
0.316556
0.30702
0.296605
0.285089
0.272256
0.257807
0.241342
0.222533
0.201418
0.178628
0.155316
0.132768
0.111899
0.0929706
0.0756892
0.0595733
0.0443552
0.0302299
0.0178661
0.00819287
0.00207023
0
0
0.0023177
0.00889694
0.0191079
0.0322638
0.0476832
0.0647959
0.0832767
0.103142
0.124724
0.148502
0.174847
0.203803
0.234966
0.267438
0.299812
0.330288
0.356989
0.378497
0.39439
0.405487
0.413639
0.421103
0.429831
0.440996
0.454937
0.471406
0.489861
0.50963
0.529932
0.549874
0.568529
0.585139
0.599306
0.611072
0.620817
0.629075
0.636413
0.643479
0.651152
0.660587
0.672964
0.688951
0.708136
0.728804
0.748272
0.763692
0.772949
0.775218
0.770969
0.761515
0.748458
0.733364
0.717729
0.703041
0.690664
0.681485
0.675549
0.671963
0.669178
0.665492
0.6595
0.650274
0.63725
0.620014
0.59823
0.571837
0.541375
0.508176
0.474217
0.441639
0.41218
0.386799
0.365629
0.348186
0.333687
0.321279
0.310154
0.299573
0.288885
0.277579
0.265318
0.251894
0.23713
0.22082
0.202826
0.183285
0.162776
0.142237
0.122623
0.104513
0.087933
0.0724955
0.057729
0.0434212
0.0298408
0.0177477
0.0081728
0.00206956
0
0
0.00232735
0.00894685
0.0191982
0.0323388
0.0476444
0.064523
0.082625
0.10191
0.122625
0.145168
0.169897
0.196944
0.226084
0.256651
0.2875
0.317072
0.343648
0.365793
0.382833
0.395127
0.403977
0.411214
0.418651
0.427654
0.438989
0.452912
0.469363
0.488103
0.508742
0.530721
0.55333
0.575808
0.597466
0.617761
0.636271
0.652662
0.666724
0.678537
0.688683
0.698279
0.708703
0.721036
0.735468
0.751048
0.765934
0.77808
0.785973
0.789052
0.7876
0.782273
0.773674
0.762305
0.748876
0.734615
0.721201
0.710268
0.702741
0.698416
0.696006
0.693582
0.689153
0.681098
0.668324
0.65022
0.626564
0.597551
0.563911
0.527017
0.488788
0.451357
0.416624
0.385894
0.359733
0.338034
0.320197
0.305328
0.2924
0.280399
0.268471
0.256035
0.242811
0.228738
0.213821
0.198031
0.18135
0.163933
0.146228
0.128892
0.112509
0.0973204
0.0831481
0.0695504
0.0560933
0.0426363
0.0295387
0.017667
0.00816301
0.0020699
0
0
0.00233736
0.00899896
0.0192943
0.0324228
0.047614
0.0642525
0.0819704
0.100686
0.120573
0.141959
0.165187
0.19048
0.217822
0.246857
0.27681
0.306493
0.334484
0.359478
0.380703
0.398175
0.412669
0.425406
0.437645
0.450393
0.464344
0.479982
0.4977
0.517795
0.540333
0.56497
0.590872
0.616784
0.641237
0.662795
0.680262
0.692834
0.70024
0.702886
0.701946
0.699266
0.697007
0.697071
0.700545
0.707425
0.716779
0.727241
0.737555
0.746835
0.754437
0.759654
0.761612
0.759597
0.75365
0.744947
0.735622
0.728015
0.723724
0.722929
0.724288
0.725398
0.723553
0.716462
0.702667
0.681623
0.653549
0.619241
0.579977
0.537495
0.493932
0.451605
0.412631
0.378531
0.349984
0.326797
0.308087
0.292556
0.278803
0.265605
0.252115
0.237951
0.223134
0.207899
0.192489
0.177026
0.161552
0.146173
0.131152
0.116838
0.103455
0.0909422
0.0789627
0.0670379
0.0547599
0.0420454
0.0293419
0.0176301
0.00816472
0.00207135
0
0
0.00234753
0.00905279
0.0193971
0.0325225
0.0476106
0.0640243
0.0813888
0.0996056
0.118807
0.139276
0.161352
0.18535
0.211477
0.239726
0.269766
0.300877
0.332029
0.362145
0.390421
0.416552
0.440709
0.463309
0.484764
0.505398
0.525567
0.54583
0.566972
0.589805
0.614776
0.641588
0.669002
0.694956
0.716965
0.732672
0.74035
0.739257
0.729791
0.713484
0.692851
0.671072
0.651504
0.637097
0.629863
0.630602
0.638957
0.653731
0.673274
0.695692
0.718845
0.740315
0.757655
0.769009
0.773849
0.77335
0.770058
0.766922
0.766099
0.768067
0.771431
0.773424
0.770855
0.761066
0.742553
0.715121
0.679651
0.637718
0.591283
0.542566
0.494
0.448093
0.407084
0.372479
0.344682
0.322944
0.305655
0.290857
0.276744
0.262043
0.246177
0.229228
0.211719
0.194307
0.177508
0.161576
0.146563
0.132479
0.119388
0.107345
0.0962652
0.0858526
0.0756436
0.0651046
0.0538056
0.0416839
0.0292638
0.0176406
0.00817854
0.00207397
0
0
0.00235767
0.00910787
0.0195079
0.0326457
0.0476559
0.0638823
0.080955
0.0987834
0.117494
0.137353
0.158713
0.18198
0.207574
0.235844
0.266922
0.300586
0.336224
0.372957
0.409863
0.446149
0.481168
0.514344
0.54514
0.573207
0.598647
0.622181
0.645051
0.668607
0.693698
0.720104
0.746271
0.769488
0.786484
0.794256
0.790832
0.775775
0.750323
0.71723
0.680385
0.644286
0.613427
0.591668
0.581716
0.584787
0.600543
0.627271
0.662221
0.701927
0.742445
0.779617
0.809575
0.829539
0.838635
0.838264
0.831703
0.822952
0.815302
0.810195
0.806847
0.802708
0.794496
0.779348
0.755638
0.723245
0.683313
0.637775
0.588908
0.539122
0.490893
0.446659
0.408473
0.377496
0.353603
0.335376
0.320547
0.306674
0.291761
0.274669
0.255241
0.234143
0.212506
0.191483
0.17191
0.154181
0.138345
0.124309
0.111946
0.101066
0.091341
0.082298
0.0733477
0.0638482
0.0532842
0.0415752
0.0293114
0.0176994
0.00820438
0.00207774
0
0
0
0
0
0
0
0
0
0
0
0
0
0
0
0
0
0
0
0
0
0
0
3.02584e-07
0
0
2.92225e-07
0
0
0
0
0
3.41496e-07
0
0
2.89451e-07
1.87672e-07
0
0
0
2.4678e-07
2.0905e-07
0
0
0
1.6843e-07
5.81797e-08
0
0
0
1.2643e-07
2.98834e-07
1.74359e-07
1.4232e-07
1.12871e-07
2.56977e-07
0
2.02384e-07
0
0
0
0
0
3.01263e-07
1.5912e-07
0
0
2.40849e-07
0
0
0
0
0
0
0
1.614e-07
0
0
0
0
0
0
0
0
0
0
0
0
0
0
0
0
0
0
0
0
0
0
0
0
0
