NUMBER_OF_POINTS=10000
DIMENSION=1
TYPE=Scalar
0
0.00620903
0.0252758
0.0572865
0.10133
0.155349
0.216236
0.280207
0.343406
0.402623
0.455939
0.503122
0.545599
0.585982
0.627298
0.672225
0.722663
0.779755
0.844187
0.91649
0.997153
1.08647
1.18423
1.28938
1.39985
1.51259
1.62392
1.72988
1.82662
1.91057
1.97848
2.0275
2.0553
2.06052
2.04325
2.00544
1.95107
1.88583
1.81657
1.75038
1.69361
1.65103
1.6253
1.61708
1.62564
1.64946
1.68641
1.7333
1.78545
1.83682
1.88082
1.91163
1.92542
1.92098
1.89962
1.86443
1.81932
1.76812
1.71412
1.65986
1.60736
1.55827
1.51402
1.47589
1.44488
1.42167
1.40643
1.39862
1.39675
1.39819
1.39919
1.39518
1.3813
1.35331
1.30851
1.24649
1.16951
1.08218
0.990436
0.900229
0.816173
0.740783
0.674389
0.615654
0.562356
0.512085
0.462728
0.412746
0.361347
0.308587
0.255377
0.203338
0.154506
0.11093
0.0742481
0.0453665
0.0243172
0.0103896
0.00254629
0
0
0.00620546
0.0252381
0.0571365
0.100939
0.154557
0.214886
0.278192
0.340699
0.399285
0.452106
0.498968
0.541289
0.581624
0.62289
0.667606
0.717487
0.773495
0.836174
0.905986
0.983405
1.06874
1.16175
1.26131
1.36527
1.47067
1.57415
1.67249
1.76284
1.84276
1.91001
1.96241
1.99791
2.01499
2.01329
1.99412
1.96074
1.9181
1.87222
1.82915
1.79381
1.76927
1.7565
1.75501
1.76362
1.78106
1.80584
1.83565
1.86687
1.89469
1.91394
1.92034
1.91155
1.88767
1.85106
1.80551
1.75529
1.70419
1.65505
1.60964
1.56898
1.53361
1.50395
1.48031
1.46295
1.45194
1.447
1.44728
1.45109
1.45572
1.45745
1.45177
1.43406
1.40039
1.34851
1.27862
1.19369
1.09905
1.00122
0.906456
0.819389
0.742295
0.675164
0.616341
0.56336
0.513625
0.464871
0.415422
0.364375
0.311716
0.258331
0.205874
0.156464
0.112262
0.0750209
0.0457262
0.0244356
0.0104094
0.00254636
0
0
0.00620189
0.0251995
0.0569845
0.100554
0.153806
0.213682
0.276547
0.338772
0.397384
0.45064
0.498349
0.541822
0.583419
0.625835
0.671407
0.721728
0.777655
0.839569
0.907638
0.981903
1.06216
1.14772
1.23718
1.32849
1.4192
1.50692
1.5897
1.66618
1.73539
1.7964
1.84809
1.88917
1.9186
1.93618
1.94298
1.94155
1.93554
1.929
1.92542
1.92688
1.93369
1.94468
1.95784
1.97103
1.9823
1.98983
1.99167
1.98566
1.96962
1.94191
1.90202
1.85108
1.79188
1.72858
1.66586
1.60801
1.55811
1.51754
1.48614
1.46269
1.4456
1.43344
1.4253
1.42074
1.41964
1.42187
1.42695
1.43365
1.43977
1.44211
1.43665
1.41918
1.38608
1.33528
1.26707
1.18438
1.09238
0.997362
0.905271
0.820443
0.744956
0.678756
0.620296
0.567302
0.517378
0.468397
0.418753
0.367541
0.314695
0.261041
0.208192
0.158277
0.113521
0.0757668
0.0460788
0.0245518
0.0104277
0.00254604
0
0
0.0061985
0.0251615
0.0568355
0.100181
0.153096
0.212583
0.275133
0.337296
0.396276
0.450441
0.499586
0.544857
0.588344
0.632466
0.679371
0.730575
0.786881
0.848504
0.915222
0.986459
1.06129
1.13839
1.21613
1.29267
1.36633
1.43586
1.50064
1.56063
1.61607
1.66718
1.7139
1.75606
1.79369
1.8274
1.85857
1.88929
1.92185
1.95812
1.99888
2.04342
2.08952
2.13384
2.17239
2.201
2.21579
2.21356
2.19217
2.15093
2.09083
2.01456
1.92635
1.83163
1.73653
1.64726
1.56928
1.50646
1.4604
1.43024
1.41308
1.40478
1.40114
1.39875
1.3956
1.39117
1.38603
1.38134
1.3781
1.37659
1.37595
1.374
1.36746
1.35242
1.32518
1.28319
1.22589
1.1551
1.07474
0.989974
0.905915
0.826533
0.754009
0.688745
0.629816
0.575563
0.524099
0.473659
0.422838
0.37079
0.317394
0.263351
0.210148
0.159836
0.114636
0.0764484
0.0464094
0.0246618
0.0104443
0.00254542
0
0
0.00619543
0.0251256
0.0566939
0.0998272
0.152428
0.211556
0.273832
0.335981
0.395386
0.450527
0.501175
0.548299
0.593709
0.639535
0.687737
0.739755
0.796359
0.85764
0.923065
0.99156
1.06163
1.13152
1.19949
1.26403
1.32415
1.37947
1.43022
1.47704
1.5207
1.56195
1.60149
1.64019
1.67923
1.72025
1.76528
1.81634
1.87504
1.94206
2.01673
2.09685
2.17866
2.25693
2.32537
2.37712
2.40568
2.40595
2.37529
2.31422
2.22658
2.11908
2.00039
1.88001
1.76709
1.66933
1.59207
1.53762
1.50498
1.49016
1.48704
1.48869
1.48868
1.48233
1.46744
1.44442
1.41576
1.38515
1.35632
1.33204
1.31344
1.29972
1.28822
1.27502
1.25574
1.22656
1.18512
1.13111
1.06634
0.99426
0.919004
0.84442
0.773277
0.706936
0.64547
0.588061
0.53344
0.480249
0.427306
0.373816
0.319565
0.265065
0.211591
0.161032
0.115539
0.0770287
0.0467022
0.0247614
0.0104589
0.00254457
0
0
0.00619279
0.0250928
0.0565637
0.0995011
0.151807
0.210589
0.272576
0.334644
0.394331
0.450217
0.502054
0.550658
0.597588
0.644712
0.693799
0.746198
0.802655
0.863223
0.927265
0.993533
1.06035
1.1259
1.18856
1.24714
1.30108
1.35039
1.39545
1.43683
1.47511
1.51092
1.54508
1.5788
1.61374
1.65206
1.69621
1.74858
1.81115
1.88504
1.97003
2.06416
2.16338
2.26144
2.35021
2.42059
2.46385
2.47328
2.4457
2.38242
2.28932
2.1761
2.05479
1.93784
1.83618
1.75759
1.70574
1.67993
1.6755
1.68493
1.69908
1.70873
1.7061
1.68615
1.64754
1.59267
1.52706
1.45794
1.39259
1.33687
1.29408
1.2646
1.24599
1.23371
1.22209
1.20538
1.17887
1.13974
1.08752
1.02406
0.952908
0.878294
0.804066
0.732883
0.665953
0.603253
0.54399
0.487056
0.431366
0.376093
0.32087
0.265964
0.212376
0.161769
0.116168
0.0774738
0.0469426
0.0248464
0.0104709
0.0025436
0
0
0.00619068
0.0250643
0.056449
0.0992111
0.151247
0.209697
0.271366
0.333241
0.392983
0.449248
0.501781
0.551288
0.599133
0.64697
0.696388
0.748634
0.804428
0.863872
0.92643
0.991004
1.05612
1.12022
1.18198
1.24052
1.29551
1.34697
1.39509
1.43999
1.48169
1.52014
1.55537
1.5877
1.61797
1.64767
1.67904
1.71501
1.75885
1.81364
1.88132
1.96182
2.05218
2.14629
2.23536
2.30917
2.35787
2.3739
2.35372
2.29885
2.21611
2.1167
2.01434
1.9228
1.85329
1.81246
1.80152
1.81663
1.84993
1.89103
1.92846
1.95126
1.95066
1.92154
1.86355
1.78123
1.68319
1.58029
1.48339
1.40116
1.33869
1.29699
1.27335
1.2622
1.25628
1.2479
1.23017
1.19816
1.14977
1.08595
1.01034
0.928152
0.844669
0.764014
0.688469
0.618567
0.553658
0.492552
0.434007
0.377009
0.320961
0.265855
0.212391
0.161976
0.116478
0.0777558
0.0471168
0.0249124
0.0104801
0.00254258
0
0
0.00618913
0.0250408
0.0563528
0.0989666
0.15077
0.20892
0.270268
0.331877
0.391483
0.447799
0.500574
0.550447
0.598661
0.646714
0.696046
0.747791
0.802634
0.860738
0.921747
0.984851
1.04894
1.11288
1.17574
1.23703
1.29667
1.35483
1.41166
1.46703
1.52031
1.57031
1.61543
1.65392
1.68444
1.70671
1.72205
1.73367
1.74641
1.76598
1.79759
1.84425
1.90539
1.97625
2.04852
2.11191
2.15628
2.17366
2.15997
2.1161
2.04829
1.96738
1.88698
1.82082
1.77982
1.76994
1.79129
1.83868
1.90288
1.9721
2.03359
2.0753
2.08765
2.06519
2.00788
1.92133
1.81593
1.70467
1.60023
1.51244
1.44666
1.40363
1.38018
1.37023
1.36585
1.35843
1.33996
1.30446
1.24907
1.17469
1.08563
0.988404
0.889931
0.795799
0.709221
0.630995
0.560218
0.495224
0.434295
0.376046
0.319583
0.264618
0.211575
0.161614
0.116438
0.077854
0.0472135
0.0249554
0.0104859
0.0025416
0
0
0.00618817
0.0250225
0.0562777
0.0987768
0.150401
0.208318
0.269407
0.330771
0.390195
0.446422
0.499211
0.549176
0.597499
0.64559
0.694779
0.74609
0.800124
0.857029
0.916524
0.977979
1.04057
1.10354
1.16643
1.22928
1.29262
1.35718
1.42353
1.49158
1.56017
1.62685
1.688
1.7394
1.77714
1.79877
1.80432
1.7968
1.78211
1.76813
1.76308
1.77343
1.80187
1.84611
1.89932
1.9518
1.99321
2.01473
2.01071
1.97991
1.92612
1.85789
1.78725
1.72733
1.68951
1.68097
1.7034
1.75305
1.82175
1.89834
1.97041
2.02597
2.05524
2.05241
2.01696
1.95406
1.87366
1.78805
1.70868
1.64344
1.5957
1.56479
1.54723
1.53763
1.52913
1.51404
1.48492
1.436
1.36466
1.27224
1.16391
1.04745
0.931207
0.822054
0.723937
0.637686
0.561859
0.493999
0.431668
0.372964
0.316668
0.262258
0.209946
0.160689
0.116042
0.0777571
0.0472241
0.0249718
0.0104878
0.00254075
0
0
0.00618776
0.0250097
0.0562253
0.0986497
0.150167
0.20796
0.268932
0.330214
0.389614
0.445894
0.498819
0.549002
0.597611
0.646019
0.695486
0.746926
0.800794
0.857077
0.915349
0.974904
1.03498
1.09506
1.15517
1.21608
1.27917
1.34603
1.41791
1.49497
1.57575
1.65686
1.73322
1.79881
1.84784
1.8762
1.88264
1.86954
1.84291
1.81158
1.78557
1.77398
1.78266
1.8126
1.85949
1.91484
1.96802
2.00832
2.02688
2.01831
1.98189
1.92221
1.84861
1.7735
1.7096
1.66724
1.65225
1.66517
1.70167
1.75375
1.8113
1.86382
1.9022
1.92037
1.91669
1.89442
1.86075
1.82433
1.79229
1.76816
1.75179
1.74068
1.73135
1.71988
1.70177
1.6718
1.62466
1.55611
1.46454
1.35198
1.22422
1.08977
0.957816
0.835984
0.728661
0.636574
0.55766
0.488599
0.426166
0.367933
0.312407
0.258932
0.207604
0.15925
0.115304
0.0774632
0.0471435
0.0249589
0.0104854
0.00254008
0
0
0.00618784
0.0250021
0.0561959
0.0985905
0.15009
0.207909
0.268989
0.330493
0.390248
0.447024
0.500584
0.551544
0.601076
0.650542
0.701157
0.753722
0.808487
0.865147
0.922937
0.980852
1.03799
1.09395
1.14918
1.20509
1.26381
1.32772
1.39859
1.47691
1.56127
1.64818
1.73233
1.8073
1.86668
1.90539
1.92106
1.91493
1.89214
1.86112
1.83226
1.81605
1.82091
1.85128
1.90634
1.9799
2.06144
2.13788
2.1958
2.22377
2.21471
2.16766
2.08835
1.98812
1.88152
1.78305
1.70438
1.65254
1.62945
1.63246
1.65548
1.69046
1.72909
1.76452
1.79285
1.81377
1.82983
1.84441
1.85946
1.87421
1.88564
1.89003
1.8842
1.86585
1.83303
1.78363
1.71527
1.62607
1.51585
1.38727
1.24616
1.10082
0.960296
0.832207
0.720944
0.62705
0.547981
0.479754
0.418551
0.361592
0.307274
0.254953
0.204735
0.15739
0.114261
0.0769803
0.0469706
0.0249153
0.0104785
0.00253967
0
0
0.00618829
0.0249989
0.0561885
0.0986007
0.150183
0.208211
0.269688
0.33183
0.392493
0.450447
0.505442
0.558078
0.609514
0.661102
0.714009
0.768917
0.825855
0.884187
0.942762
1.00024
1.05553
1.10825
1.15907
1.2097
1.26261
1.32036
1.38498
1.45726
1.53638
1.61975
1.70308
1.78076
1.84658
1.89485
1.92182
1.92697
1.91373
1.88924
1.86338
1.84711
1.85073
1.88198
1.94426
2.03515
2.14584
2.262
2.36592
2.4398
2.4694
2.44723
2.37435
2.26013
2.12001
1.97203
1.8333
1.71732
1.63277
1.58337
1.56829
1.58284
1.61959
1.66993
1.72601
1.78216
1.83519
1.88347
1.92538
1.95823
1.97849
1.98268
1.9685
1.93514
1.88286
1.8123
1.72395
1.61827
1.49642
1.36119
1.21762
1.07275
0.934371
0.809215
0.701199
0.610622
0.534722
0.469279
0.410309
0.355031
0.301999
0.250774
0.201595
0.155239
0.112968
0.0763264
0.0467088
0.0248411
0.0104671
0.0025396
0
0
0.00618899
0.0249992
0.0562002
0.0986766
0.150447
0.208878
0.271073
0.334327
0.396535
0.456463
0.513823
0.569162
0.62359
0.67841
0.734726
0.793111
0.853417
0.914769
0.975773
1.0349
1.09098
1.14364
1.1935
1.24216
1.29179
1.34466
1.40271
1.46709
1.53802
1.61437
1.6934
1.77051
1.83955
1.89379
1.9276
1.93826
1.92727
1.90048
1.86725
1.83884
1.82667
1.84092
1.88892
1.97323
2.0894
2.225
2.36091
2.475
2.547
2.56318
2.51935
2.42149
2.28382
2.12533
1.9656
1.82156
1.70573
1.62598
1.58592
1.58506
1.6184
1.67688
1.74906
1.82376
1.89216
1.94854
1.98961
2.01326
2.0178
2.00194
1.96524
1.90853
1.8338
1.74365
1.64059
1.52671
1.40379
1.27404
1.14083
1.00896
0.884114
0.771406
0.673857
0.591456
0.521511
0.460081
0.403583
0.349715
0.297517
0.246952
0.198493
0.152954
0.111496
0.075529
0.0463667
0.0247383
0.0104518
0.00253995
0
0
0.00618977
0.0250017
0.0562269
0.0988092
0.150865
0.209889
0.273113
0.337934
0.402296
0.464944
0.525514
0.584445
0.642738
0.701602
0.762064
0.824632
0.889097
0.954549
1.01961
1.08283
1.14314
1.20017
1.25439
1.30691
1.35929
1.4132
1.47032
1.53216
1.59979
1.6733
1.75095
1.82845
1.89897
1.95431
1.98687
1.99207
1.96999
1.9259
1.86929
1.81192
1.76568
1.74121
1.74748
1.79105
1.87394
1.99028
2.12493
2.25583
2.35952
2.41725
2.41933
2.36675
2.26998
2.14564
2.01237
1.88714
1.78311
1.70927
1.67099
1.67019
1.70424
1.76498
1.83968
1.91399
1.97561
2.0165
2.03323
2.02576
1.99577
1.94544
1.87712
1.7935
1.6978
1.59359
1.48428
1.37246
1.25968
1.1468
1.03493
0.926168
0.8236
0.730347
0.648223
0.576842
0.513849
0.456118
0.401072
0.347382
0.294886
0.2441
0.195765
0.150709
0.109929
0.0746249
0.0459583
0.0246112
0.0104336
0.00254082
0
0
0.00619044
0.0250046
0.0562628
0.0989841
0.151408
0.211184
0.275698
0.34246
0.40945
0.475363
0.539701
0.602725
0.66526
0.728379
0.793045
0.859786
0.928508
0.998515
1.06873
1.13803
1.20563
1.27121
1.335
1.39759
1.4598
1.52264
1.58733
1.65527
1.72769
1.80488
1.88515
1.96395
2.03383
2.08569
2.11095
2.10407
2.06448
1.99728
1.91242
1.82237
1.73923
1.67246
1.62874
1.61377
1.63337
1.69101
1.78265
1.89399
2.00357
2.08974
2.13713
2.13998
2.10232
2.03553
1.95484
1.8757
1.81124
1.7709
1.76009
1.77985
1.82624
1.89004
1.95807
2.01612
2.05246
2.06026
2.03821
1.98929
1.91871
1.83198
1.73391
1.62856
1.5196
1.41061
1.30479
1.20434
1.10994
1.02087
0.935958
0.854652
0.777442
0.705335
0.638827
0.577244
0.518936
0.462128
0.405766
0.349844
0.295166
0.242816
0.193743
0.148684
0.108361
0.0736595
0.0455029
0.0244666
0.0104138
0.00254234
0
0
0.00619081
0.0250063
0.0563006
0.0991818
0.152032
0.212673
0.278657
0.3476
0.417489
0.486912
0.555169
0.622264
0.68878
0.75563
0.823751
0.893813
0.966033
1.04016
1.11565
1.19186
1.26835
1.34486
1.42136
1.49789
1.57451
1.65141
1.72899
1.80789
1.88863
1.97099
2.05306
2.13048
2.19643
2.24252
2.26073
2.24565
2.19631
2.11719
2.01777
1.91052
1.8077
1.71792
1.64471
1.58857
1.55132
1.53884
1.55849
1.61213
1.69101
1.77798
1.85477
1.90847
1.93447
1.93601
1.92188
1.90331
1.89113
1.89346
1.91421
1.95234
2.00202
2.05365
2.09583
2.11797
2.11265
2.0772
2.01371
1.92775
1.82634
1.71611
1.60234
1.48893
1.37896
1.27524
1.18027
1.09563
1.02119
0.955008
0.894159
0.835909
0.7785
0.721091
0.663218
0.604402
0.54421
0.482614
0.420293
0.3586
0.299202
0.243583
0.192708
0.147044
0.106888
0.0726851
0.0450254
0.0243133
0.0103944
0.00254461
0
0
0.00619068
0.0250046
0.0563323
0.0993793
0.152682
0.214247
0.281784
0.352993
0.425826
0.498695
0.570619
0.641271
0.710935
0.780357
0.850509
0.922322
0.996489
1.07338
1.15309
1.23551
1.32048
1.40769
1.49668
1.58677
1.67706
1.76663
1.85474
1.94091
2.02483
2.10592
2.18274
2.25232
2.31005
2.35002
2.36621
2.35408
2.3121
2.24287
2.1533
2.05354
1.95458
1.86494
1.78798
1.72196
1.66361
1.61314
1.57713
1.56644
1.58965
1.64665
1.728
1.8199
1.90997
1.99031
2.05771
2.11244
2.15666
2.19295
2.22313
2.24736
2.26377
2.26877
2.25811
2.22821
2.17745
2.10669
2.01905
1.91907
1.81153
1.70067
1.58985
1.48173
1.37877
1.28347
1.19818
1.12435
1.06153
1.00714
0.957152
0.907372
0.854586
0.796959
0.733921
0.665862
0.593913
0.519821
0.445796
0.374237
0.307329
0.246627
0.192829
0.145919
0.105602
0.0717582
0.0445545
0.0241625
0.010378
0.00254779
0
0
0.00618985
0.0249976
0.0563492
0.0995515
0.1533
0.215784
0.28486
0.358282
0.433911
0.509927
0.584993
0.658389
0.730069
0.800617
0.871085
0.942751
1.01687
1.09451
1.17643
1.26301
1.35424
1.44955
1.54775
1.64703
1.74513
1.83973
1.92885
2.01123
2.08635
2.15428
2.21509
2.26838
2.31282
2.34595
2.36461
2.36556
2.34653
2.30719
2.2499
2.17988
2.10443
2.031
1.96469
1.90632
1.85309
1.80175
1.75279
1.71321
1.69553
1.71309
1.77337
1.87383
2.00289
2.14424
2.28136
2.4003
2.49124
2.54902
2.5731
2.56685
2.53638
2.48907
2.43186
2.36977
2.30495
2.23679
2.163
2.08129
1.99068
1.89211
1.78817
1.68252
1.5792
1.48214
1.39444
1.31765
1.25099
1.19127
1.13371
1.07341
1.00667
0.931668
0.848509
0.758885
0.665537
0.571743
0.480852
0.395872
0.31909
0.251778
0.194105
0.145375
0.104577
0.0709357
0.0441219
0.0240263
0.010367
0.00255199
0
0
0.00618813
0.0249832
0.0563426
0.0996723
0.153826
0.217166
0.287685
0.363158
0.441326
0.520087
0.597712
0.673057
0.745735
0.816177
0.885531
0.955427
1.02766
1.10394
1.18563
1.27358
1.36787
1.46755
1.57042
1.67312
1.77156
1.86173
1.94054
2.00654
2.06009
2.10306
2.13814
2.16803
2.19477
2.21932
2.24129
2.259
2.2697
2.27019
2.25772
2.23115
2.19191
2.14412
2.09353
2.04521
2.00143
1.9613
1.92299
1.88725
1.86047
1.85494
1.8853
1.96161
2.08293
2.23593
2.39921
2.54976
2.66841
2.74338
2.77185
2.75991
2.72076
2.67095
2.62515
2.59101
2.56669
2.54289
2.50803
2.45341
2.37601
2.27834
2.16657
2.04821
1.93026
1.81828
1.71571
1.62358
1.54024
1.46171
1.38274
1.29826
1.20475
1.10104
0.988307
0.869651
0.749297
0.631779
0.521256
0.421011
0.333147
0.258425
0.196327
0.145398
0.103865
0.0702692
0.0437592
0.0239176
0.0103644
0.00255735
0
0
0.00618537
0.0249597
0.0563042
0.0997171
0.154202
0.218289
0.29009
0.3674
0.447826
0.528987
0.608767
0.685612
0.758811
0.828645
0.89633
0.963749
1.03309
1.10648
1.18581
1.27236
1.3665
1.46704
1.57086
1.67292
1.76708
1.84737
1.90953
1.95224
1.9774
1.9896
1.9948
1.99895
2.00694
2.02211
2.04609
2.07853
2.11679
2.15567
2.188
2.20621
2.20473
2.18235
2.14317
2.0954
2.04815
2.00783
1.9763
1.95243
1.93574
1.93017
1.94508
1.99221
2.07913
2.20295
2.34931
2.49707
2.62562
2.72098
2.7793
2.8073
2.81946
2.8322
2.85641
2.89218
2.92878
2.95018
2.94216
2.89739
2.81672
2.70739
2.5797
2.44402
2.30874
2.17957
2.05943
1.94847
1.84434
1.74263
1.63804
1.52575
1.40275
1.2686
1.12551
0.977789
0.830886
0.690335
0.560898
0.446003
0.34749
0.265585
0.199105
0.145892
0.103485
0.0698003
0.0434955
0.0238483
0.0103725
0.00256395
0
0
0.00618143
0.0249255
0.0562266
0.0996633
0.154378
0.21906
0.291948
0.370866
0.45333
0.536729
0.61862
0.6971
0.771168
0.840946
0.907636
0.973202
1.03993
1.11012
1.18588
1.26898
1.36032
1.45905
1.56175
1.66226
1.75258
1.82473
1.87301
1.89574
1.89601
1.88093
1.85979
1.84179
1.83435
1.84234
1.86826
1.91222
1.97136
2.03901
2.10464
2.15564
2.1807
2.17364
2.13607
2.07748
2.01245
1.95547
1.91594
1.89593
1.89229
1.90137
1.9232
1.9625
2.0259
2.11672
2.23098
2.35766
2.48311
2.59665
2.69445
2.78017
2.86196
2.94713
3.0368
3.1236
3.19399
3.23356
3.23233
3.18774
3.10446
2.99191
2.86105
2.72178
2.58164
2.44554
2.31587
2.19265
2.07362
1.95471
1.83101
1.69812
1.55341
1.39691
1.23148
1.06221
0.895385
0.737314
0.593277
0.466895
0.359881
0.272112
0.201936
0.146694
0.103421
0.0695556
0.0433537
0.0238286
0.0103936
0.00257183
0
0
0.00617622
0.0248794
0.0561038
0.0994925
0.154313
0.21941
0.293164
0.373482
0.457861
0.543568
0.62794
0.708809
0.784917
0.856186
0.923671
0.989198
1.05488
1.12283
1.19512
1.27384
1.36061
1.45555
1.55597
1.65571
1.74595
1.8172
1.86211
1.87775
1.86686
1.83745
1.80087
1.76911
1.75224
1.75694
1.78619
1.83938
1.91216
1.99586
2.07777
2.14304
2.17825
2.17543
2.13504
2.06657
1.98625
1.91228
1.85901
1.83291
1.83246
1.85182
1.88548
1.93117
1.98981
2.06322
2.15138
2.2511
2.35707
2.4643
2.57024
2.6752
2.78076
2.887
2.99015
3.08227
3.15305
3.19314
3.19696
3.16404
3.09843
3.00689
2.89702
2.77589
2.64948
2.52238
2.39755
2.27589
2.15606
2.03473
1.90745
1.77
1.61976
1.45671
1.28375
1.10622
0.930865
0.764534
0.613028
0.480342
0.368359
0.276945
0.204314
0.14761
0.103629
0.0695436
0.0433483
0.0238653
0.0104288
0.00258097
0
0
0.00616968
0.0248206
0.0559315
0.0991907
0.153974
0.219283
0.29367
0.375194
0.46145
0.549717
0.637247
0.721685
0.801514
0.876343
0.946896
1.01465
1.08136
1.14877
1.21873
1.29336
1.37487
1.46452
1.56115
1.65999
1.75292
1.83029
1.8836
1.90822
1.90501
1.88049
1.84546
1.81264
1.79385
1.7978
1.82864
1.88559
1.96293
2.05058
2.13527
2.20273
2.24082
2.24265
2.20875
2.14728
2.07193
1.99816
1.93898
1.90193
1.88857
1.89619
1.92043
1.95725
2.00362
2.0573
2.11627
2.17848
2.2422
2.30652
2.37171
2.43883
2.50888
2.58161
2.65464
2.72336
2.78172
2.82347
2.84346
2.83847
2.80758
2.75214
2.67562
2.5831
2.48051
2.37359
2.26669
2.16184
2.05842
1.95338
1.84219
1.72027
1.58441
1.43396
1.27126
1.10136
0.931055
0.767512
0.617071
0.484317
0.371653
0.279335
0.205839
0.148458
0.104049
0.069755
0.0434831
0.0239611
0.0104785
0.00259129
0
0
0.00616182
0.0247488
0.0557074
0.0987491
0.153341
0.218639
0.293405
0.375933
0.464041
0.555165
0.646598
0.735856
0.821095
0.90144
0.977041
1.04884
1.11816
1.18648
1.25542
1.32701
1.4036
1.48718
1.57805
1.67356
1.76776
1.85252
1.91971
1.96365
1.98289
1.98089
1.96535
1.94656
1.9352
1.94025
1.96714
2.01675
2.08512
2.16411
2.24285
2.30986
2.35548
2.37397
2.36479
2.33242
2.28494
2.23176
2.18143
2.14019
2.11147
2.09618
2.09322
2.09999
2.11285
2.1276
2.14027
2.14796
2.14964
2.14667
2.14264
2.14269
2.15217
2.17501
2.21224
2.2611
2.31508
2.36501
2.40095
2.41443
2.40049
2.3588
2.29357
2.2122
2.12319
2.03405
1.94967
1.87164
1.79827
1.72535
1.64727
1.55836
1.45434
1.33344
1.19699
1.04926
0.896621
0.746328
0.605174
0.478462
0.369395
0.278973
0.206286
0.149101
0.104611
0.0701638
0.043751
0.0241142
0.0105422
0.00260262
0
0
0.00615268
0.0246643
0.0554314
0.0981652
0.152402
0.217451
0.292312
0.375588
0.465432
0.559571
0.655441
0.750457
0.84238
0.929656
1.01163
1.08851
1.16119
1.23101
1.29966
1.36915
1.44173
1.5194
1.60315
1.692
1.78258
1.86954
1.94679
2.00919
2.05402
2.08172
2.09582
2.10206
2.10718
2.11758
2.13828
2.17206
2.21905
2.27656
2.33953
2.4014
2.45543
2.49611
2.52021
2.52729
2.51947
2.50068
2.47564
2.4488
2.42353
2.40146
2.38233
2.36403
2.34315
2.3158
2.2785
2.22919
2.16819
2.09911
2.02947
1.97027
1.93377
1.92933
1.95865
2.01348
2.07747
2.13115
2.15741
2.14564
2.09381
2.00835
1.90188
1.78954
1.68495
1.59707
1.52898
1.47854
1.4401
1.40628
1.36929
1.32204
1.25906
1.17736
1.07695
0.960899
0.834735
0.705368
0.579816
0.464033
0.362116
0.276001
0.205626
0.149463
0.105252
0.0707317
0.0441346
0.0243185
0.010618
0.00261474
0
0
0.00614236
0.0245678
0.0551058
0.0974424
0.151158
0.215704
0.290331
0.373998
0.465274
0.562272
0.662661
0.763814
0.863089
0.958184
1.04749
1.13035
1.20707
1.27888
1.34766
1.41563
1.48502
1.55762
1.63438
1.71504
1.79798
1.88047
1.95916
2.03091
2.09339
2.14555
2.18763
2.22099
2.24764
2.26998
2.29058
2.31216
2.33742
2.36867
2.40708
2.45198
2.50058
2.54854
2.59118
2.62488
2.64801
2.66098
2.66568
2.66447
2.65915
2.65023
2.63668
2.6161
2.58532
2.54103
2.48042
2.40189
2.30607
2.19747
2.08621
1.98865
1.92451
1.90925
1.94425
2.01284
2.08606
2.13329
2.13124
2.06903
1.94953
1.78777
1.60683
1.43219
1.28557
1.1796
1.11542
1.08492
1.07582
1.07606
1.07553
1.06621
1.04196
0.998853
0.935525
0.853509
0.756988
0.652025
0.545418
0.443472
0.351025
0.27092
0.203996
0.149526
0.105913
0.0714121
0.0446081
0.0245636
0.0107034
0.00262733
0
0
0.00613099
0.0244608
0.0547352
0.0965903
0.149623
0.213399
0.28741
0.370981
0.463127
0.562406
0.666818
0.773827
0.88055
0.984101
1.08202
1.17271
1.2557
1.33173
1.40254
1.47046
1.53786
1.60664
1.67786
1.75163
1.82725
1.9035
1.97903
2.0526
2.12319
2.18985
2.25157
2.30715
2.35539
2.39531
2.42656
2.44987
2.46727
2.48191
2.49737
2.51644
2.54008
2.5671
2.59485
2.62051
2.64227
2.65967
2.67334
2.68432
2.69333
2.70026
2.70397
2.70227
2.69206
2.66943
2.62974
2.56838
2.48233
2.3729
2.2487
2.12726
2.03293
1.98821
2.00058
2.05427
2.1158
2.14808
2.12276
2.02684
1.86407
1.65258
1.41998
1.19718
1.012
0.882637
0.812106
0.788535
0.793655
0.811527
0.831067
0.844614
0.846333
0.831768
0.79827
0.745602
0.676179
0.594688
0.507155
0.41975
0.337674
0.264436
0.201642
0.149319
0.10655
0.0721544
0.0451402
0.0248366
0.0107949
0.00264007
0
0
0.00611876
0.024345
0.0543265
0.0956251
0.147821
0.210558
0.283527
0.366381
0.458562
0.559104
0.666449
0.778386
0.89215
1.0047
1.11311
1.21503
1.30905
1.39489
1.4734
1.54625
1.61561
1.68362
1.75206
1.82206
1.89407
1.96797
2.04342
2.12003
2.19739
2.27489
2.35132
2.4248
2.49286
2.55289
2.60257
2.64039
2.66585
2.67964
2.68337
2.6791
2.66879
2.65388
2.63538
2.61429
2.59204
2.57063
2.55259
2.54071
2.53753
2.54488
2.5632
2.59093
2.62384
2.65464
2.67326
2.66847
2.63072
2.55582
2.44823
2.32269
2.20275
2.11415
2.07312
2.07535
2.09564
2.09928
2.05626
1.95042
1.78235
1.56742
1.33087
1.10167
0.906497
0.764107
0.680033
0.644992
0.641694
0.654451
0.672805
0.689968
0.700613
0.700012
0.684413
0.651893
0.60298
0.540656
0.469712
0.395662
0.323593
0.257284
0.198844
0.148894
0.107125
0.0729082
0.0456972
0.0251224
0.0108886
0.00265257
0
0
0.00610588
0.0242226
0.0538884
0.094569
0.145793
0.207231
0.278708
0.360125
0.45129
0.551706
0.660379
0.775713
0.895538
1.01725
1.13807
1.2553
1.36667
1.4706
1.56631
1.65398
1.73462
1.81002
1.88241
1.95417
2.02742
2.10369
2.18381
2.26798
2.35582
2.4464
2.53815
2.62876
2.71537
2.79473
2.86359
2.91887
2.95783
2.97823
2.97855
2.95824
2.91784
2.85916
2.78521
2.70014
2.60899
2.51766
2.43287
2.3621
2.31316
2.29299
2.30581
2.3511
2.42224
2.50655
2.58712
2.64595
2.6679
2.64436
2.57587
2.47284
2.35411
2.24239
2.15667
2.10346
2.07253
2.04124
1.98491
1.88653
1.74174
1.55882
1.35516
1.15205
0.969502
0.822103
0.71637
0.650266
0.615612
0.602365
0.601777
0.606997
0.612279
0.612385
0.602755
0.58023
0.543768
0.494709
0.436404
0.373333
0.310017
0.250096
0.195858
0.148305
0.107607
0.0736262
0.0462455
0.0254059
0.0109805
0.00266444
0
0
0.0060926
0.0240963
0.0534315
0.0934496
0.143593
0.203503
0.273051
0.352281
0.441268
0.539949
0.64798
0.764642
0.88879
1.01881
1.15262
1.28769
1.42125
1.55056
1.67323
1.78762
1.89304
1.98991
2.07969
2.16466
2.24749
2.33078
2.41662
2.50628
2.60011
2.69746
2.79682
2.89582
2.99149
3.08038
3.15875
3.22265
3.26796
3.29065
3.28712
3.25482
3.19287
3.10249
2.98707
2.85187
2.70351
2.54963
2.39894
2.26159
2.14917
2.0737
2.04493
2.06647
2.13287
2.22971
2.33679
2.4327
2.49924
2.52461
2.50528
2.44621
2.35946
2.26134
2.16811
2.09073
2.03072
1.9796
1.92295
1.84688
1.74327
1.61202
1.46009
1.29873
1.14014
0.994865
0.870276
0.770162
0.695041
0.642796
0.609399
0.589612
0.577586
0.567397
0.553642
0.532141
0.500588
0.458886
0.40895
0.354032
0.297772
0.243331
0.192885
0.147597
0.10797
0.0742665
0.0467542
0.0256726
0.0110665
0.00267534
0
0
0.00607919
0.0239688
0.0529675
0.092299
0.14129
0.199494
0.266739
0.343095
0.428785
0.52411
0.629389
0.744906
0.870755
1.00658
1.1513
1.30293
1.45867
1.61525
1.76941
1.91829
2.05979
2.19264
2.31634
2.43107
2.53753
2.63681
2.73018
2.81902
2.90454
2.98765
3.06876
3.14761
3.22316
3.29345
3.35555
3.40559
3.43898
3.45079
3.43645
3.39252
3.31751
3.2124
3.08072
2.92797
2.76083
2.58632
2.41162
2.24435
2.09322
1.96829
1.88007
1.83701
1.84189
1.88904
1.9648
2.05096
2.12935
2.18544
2.21057
2.20254
2.16512
2.10664
2.03793
1.96969
1.90954
1.85961
1.816
1.7707
1.71496
1.64251
1.55117
1.44287
1.32251
1.19651
1.07158
0.953833
0.848311
0.758655
0.686682
0.63195
0.591597
0.56081
0.533931
0.505784
0.472747
0.433272
0.387818
0.338303
0.287302
0.237273
0.190058
0.146801
0.108192
0.0747945
0.047197
0.0259096
0.0111431
0.00268492
0
0
0.0060659
0.023843
0.0525086
0.0911523
0.138963
0.195357
0.26004
0.332997
0.414486
0.505063
0.605637
0.717418
0.841642
0.979091
1.1296
1.29184
1.46347
1.64156
1.82307
2.00518
2.18524
2.36066
2.52866
2.68615
2.82987
2.95673
3.06432
3.15136
3.21805
3.26617
3.29894
3.32042
3.33476
3.34505
3.35243
3.35558
3.35091
3.3334
3.29782
3.24006
3.15815
3.05297
2.92816
2.78936
2.64289
2.49452
2.34863
2.20834
2.07609
1.95455
1.84723
1.7587
1.69409
1.65783
1.65149
1.67198
1.71122
1.75797
1.80061
1.82967
1.83938
1.82824
1.79892
1.75753
1.71228
1.67128
1.63982
1.61834
1.60213
1.58319
1.55317
1.50578
1.43815
1.35094
1.24782
1.13451
1.01789
0.905007
0.802152
0.713833
0.641815
0.584682
0.5384
0.497808
0.458314
0.416975
0.37277
0.326231
0.278783
0.232064
0.187454
0.145934
0.108258
0.0751842
0.0475533
0.0261066
0.0112075
0.00269292
0
0
0.006053
0.0237218
0.0520671
0.0900454
0.136696
0.191269
0.253287
0.322576
0.399328
0.484242
0.578654
0.684444
0.803606
0.937578
1.08671
1.2502
1.42648
1.6138
1.8105
2.01494
2.22498
2.43736
2.64728
2.8483
3.03282
3.19281
3.32093
3.41158
3.46192
3.47252
3.44765
3.39495
3.32432
3.24601
3.16844
3.09636
3.0301
2.96628
2.89953
2.82469
2.73853
2.64089
2.53475
2.42535
2.31862
2.21937
2.13002
2.05029
1.97771
1.90869
1.83946
1.76714
1.69069
1.61207
1.53695
1.47425
1.43369
1.42149
1.43649
1.46966
1.50753
1.53692
1.54863
1.53934
1.51212
1.47566
1.44188
1.42169
1.42011
1.43355
1.45126
1.45995
1.44839
1.41004
1.34375
1.253
1.1446
1.02722
0.909844
0.800395
0.7044
0.624076
0.558215
0.503169
0.454524
0.408604
0.363214
0.31764
0.272214
0.22775
0.185103
0.145004
0.108156
0.0754188
0.0478094
0.0262564
0.0112574
0.00269916
0
0
0.00604074
0.0236077
0.0516543
0.0890131
0.134576
0.187416
0.246853
0.312514
0.384472
0.463471
0.551073
0.649482
0.760909
0.886797
1.02742
1.18221
1.35049
1.53222
1.72797
1.93814
2.1618
2.39554
2.63295
2.86486
3.08017
3.2671
3.41458
3.51365
3.55865
3.54822
3.48584
3.37984
3.24254
3.08846
2.93184
2.78391
2.65101
2.5341
2.43001
2.33374
2.24096
2.14966
2.06079
1.97774
1.90495
1.84614
1.80285
1.77374
1.75477
1.7399
1.72202
1.69394
1.64957
1.5855
1.5028
1.40866
1.31701
1.24626
1.21272
1.22137
1.26173
1.31348
1.35606
1.37523
1.36574
1.33184
1.28625
1.24699
1.23077
1.24459
1.28155
1.32493
1.35645
1.36247
1.33632
1.27796
1.19244
1.08804
0.974402
0.860868
0.75504
0.661676
0.582238
0.515311
0.457803
0.406345
0.358306
0.312184
0.267478
0.224302
0.183008
0.144013
0.107885
0.0754916
0.0479582
0.0263547
0.0112916
0.00270354
0
0
0.00602932
0.023503
0.0512805
0.0880861
0.13268
0.183974
0.241098
0.303493
0.371109
0.444674
0.525814
0.616718
0.719325
0.834497
0.961895
1.10078
1.25129
1.41525
1.5958
1.79579
2.01573
2.25221
2.49752
2.74047
2.96786
3.16619
3.32326
3.42948
3.4788
3.46939
3.404
3.28989
3.13822
2.96266
2.77745
2.59516
2.42482
2.27107
2.13456
2.01338
1.9049
1.80727
1.72016
1.64469
1.58272
1.53597
1.50507
1.48908
1.48519
1.48885
1.49404
1.49384
1.48124
1.45047
1.39868
1.32787
1.24647
1.16954
1.11561
1.09893
1.12045
1.16618
1.21493
1.24757
1.25246
1.22741
1.17999
1.12635
1.08704
1.07857
1.10397
1.151
1.19999
1.23302
1.23872
1.21292
1.15739
1.07799
0.982871
0.880776
0.779615
0.685324
0.601218
0.527992
0.464365
0.408102
0.356972
0.309348
0.26435
0.22164
0.18115
0.142966
0.107451
0.0754057
0.0479997
0.0264008
0.0113098
0.00270604
0
0
0.00601895
0.0234095
0.0509533
0.0872888
0.131073
0.18109
0.236325
0.296091
0.360255
0.429523
0.505483
0.590108
0.684782
0.789499
0.903031
1.02421
1.15368
1.29483
1.45315
1.63373
1.83831
2.06335
2.30002
2.53572
2.75638
2.94862
3.10153
3.20761
3.26321
3.26839
3.22655
3.144
3.02926
2.89219
2.74272
2.58949
2.43884
2.29432
2.1571
2.02682
1.90276
1.78471
1.6736
1.57159
1.48171
1.40706
1.34986
1.31047
1.28715
1.27637
1.27355
1.27376
1.2721
1.26401
1.24582
1.21572
1.17509
1.12938
1.08782
1.06086
1.05532
1.07012
1.09595
1.11943
1.12855
1.1165
1.08375
1.03842
0.994793
0.96865
0.969823
0.996361
1.03593
1.07279
1.09399
1.09195
1.06446
1.01361
0.944373
0.863247
0.776974
0.691417
0.61077
0.537229
0.471196
0.411874
0.358011
0.308478
0.26251
0.219634
0.179498
0.141872
0.106872
0.075174
0.0479403
0.026397
0.0113125
0.00270675
0
0
0.00600975
0.0233285
0.050678
0.0866374
0.129796
0.178859
0.232736
0.290686
0.352568
0.419096
0.491801
0.5724
0.661745
0.759098
0.862508
0.970412
1.0836
1.20631
1.34528
1.5068
1.69313
1.90046
2.11921
2.33617
2.53735
2.71057
2.84727
2.94337
2.99908
3.01786
3.00514
2.96717
2.91015
2.83976
2.76064
2.67599
2.58726
2.4942
2.39515
2.28772
2.16966
2.03981
1.89922
1.75187
1.60504
1.46848
1.35234
1.26396
1.20501
1.17101
1.15395
1.14589
1.14137
1.13751
1.13295
1.12651
1.1167
1.10228
1.08324
1.06165
1.04127
1.02601
1.01766
1.0145
1.01176
1.00388
0.987214
0.962034
0.933119
0.90844
0.895933
0.899457
0.916471
0.939227
0.958242
0.965457
0.955864
0.927827
0.88266
0.823823
0.755944
0.683814
0.611525
0.541956
0.476657
0.416128
0.360282
0.308856
0.261583
0.218133
0.178021
0.14075
0.106176
0.0748189
0.0477926
0.0263485
0.0113013
0.00270583
0
0
0.00600182
0.0232608
0.0504571
0.0861384
0.128865
0.177318
0.230401
0.287402
0.348243
0.413698
0.485277
0.564554
0.652146
0.74709
0.847325
0.951275
1.05969
1.17654
1.30794
1.45934
1.63221
1.82229
2.02007
2.21295
2.38807
2.53494
2.64735
2.72421
2.76908
2.78866
2.79071
2.78213
2.76791
2.75077
2.73133
2.7085
2.67973
2.64135
2.58885
2.51737
2.42242
2.3009
2.15251
1.98102
1.79512
1.60836
1.43734
1.29793
1.19971
1.14162
1.11294
1.09972
1.09128
1.08297
1.07526
1.07083
1.07133
1.07541
1.07897
1.07714
1.06666
1.04732
1.02185
0.994516
0.969101
0.947347
0.928745
0.91169
0.895139
0.879708
0.867558
0.861133
0.861458
0.867027
0.873935
0.87709
0.871729
0.85458
0.824408
0.781976
0.729568
0.670276
0.607281
0.543313
0.480407
0.419944
0.362858
0.309812
0.261195
0.216988
0.1767
0.139633
0.105406
0.0743715
0.0475742
0.0262629
0.0112782
0.00270352
0
0
0.00599521
0.0232063
0.0502899
0.0857886
0.128271
0.176441
0.229257
0.286101
0.347014
0.412871
0.485243
0.565769
0.655272
0.753258
0.858344
0.969494
1.08732
1.21448
1.35454
1.50986
1.67944
1.85798
2.03652
2.2041
2.35
2.46598
2.548
2.59703
2.61862
2.62131
2.61421
2.60489
2.59798
2.59494
2.59459
2.5939
2.58878
2.57445
2.54581
2.49761
2.42501
2.32433
2.19425
2.03702
1.85952
1.67342
1.49423
1.33856
1.21948
1.14127
1.09744
1.07482
1.06067
1.04783
1.03589
1.02916
1.03264
1.04784
1.07073
1.09305
1.10597
1.10343
1.08396
1.05067
1.00984
0.96866
0.932894
0.905406
0.886086
0.87305
0.864152
0.857891
0.853427
0.850023
0.84644
0.840709
0.830396
0.813172
0.787407
0.752529
0.709065
0.658414
0.602477
0.543301
0.482849
0.42291
0.365101
0.310816
0.261039
0.216088
0.175539
0.13857
0.104613
0.0738697
0.047307
0.0261498
0.0112459
0.00270012
0
0
0.00598991
0.0231646
0.0501729
0.0855752
0.127977
0.176144
0.229126
0.286433
0.348248
0.415583
0.49016
0.573911
0.668296
0.773883
0.890555
1.01817
1.15708
1.30796
1.47085
1.64388
1.82249
1.99941
2.16552
2.31125
2.42818
2.51063
2.55693
2.56995
2.55652
2.52593
2.4877
2.44946
2.41575
2.38782
2.36437
2.3426
2.31913
2.29053
2.2536
2.20537
2.14317
2.06488
1.96938
1.85726
1.73151
1.59788
1.46466
1.34154
1.23736
1.1575
1.10185
1.06533
1.04079
1.02265
1.00925
1.00299
1.00814
1.02715
1.05764
1.09213
1.1207
1.13454
1.12872
1.10323
1.06263
1.01448
0.967118
0.927333
0.898664
0.881037
0.871756
0.867118
0.863725
0.859078
0.851565
0.84015
0.824047
0.802526
0.774905
0.740703
0.699814
0.65264
0.600089
0.543492
0.484487
0.424905
0.366659
0.311547
0.260933
0.215389
0.174579
0.137629
0.103858
0.0733572
0.0470158
0.0260201
0.0112077
0.00269595
0
0
0.00598588
0.0231347
0.0501003
0.085478
0.127931
0.176303
0.229748
0.287904
0.351096
0.42048
0.497996
0.586031
0.686919
0.802539
0.934172
1.08249
1.2474
1.42747
1.6193
1.81707
2.0126
2.19609
2.3573
2.48694
2.57808
2.62737
2.6357
2.60825
2.55349
2.48154
2.40205
2.32243
2.2469
2.17661
2.11062
2.04705
1.98415
1.92091
1.85724
1.79378
1.7315
1.6712
1.61305
1.55636
1.4998
1.4419
1.3818
1.31988
1.25794
1.19885
1.1456
1.10037
1.06399
1.03625
1.01691
1.00652
1.00652
1.01799
1.03987
1.06785
1.09483
1.11306
1.11647
1.10246
1.07252
1.03165
0.986927
0.945512
0.912762
0.89097
0.879239
0.874411
0.872445
0.869594
0.863068
0.851205
0.83328
0.809148
0.7789
0.742661
0.700597
0.653038
0.600608
0.54431
0.485516
0.425922
0.367427
0.311908
0.260846
0.214928
0.173894
0.136892
0.103211
0.0728807
0.0467273
0.0258854
0.0111668
0.00269138
0
0
0.00598303
0.0231152
0.0500645
0.0854714
0.128064
0.176767
0.230824
0.289975
0.354649
0.42613
0.506575
0.598833
0.706059
0.83124
0.976692
1.1435
1.33089
1.53561
1.75156
1.96987
2.17949
2.36832
2.52474
2.63925
2.70595
2.72364
2.696
2.63101
2.53938
2.43249
2.32025
2.2096
2.10393
2.00367
1.9075
1.81382
1.72186
1.63242
1.54793
1.47209
1.40893
1.36167
1.33165
1.3176
1.31558
1.31949
1.32235
1.31782
1.30178
1.27319
1.23418
1.1891
1.1432
1.10128
1.06682
1.04179
1.02689
1.02197
1.02597
1.03662
1.05012
1.06151
1.06576
1.05922
1.0408
1.0123
0.977908
0.942988
0.912564
0.890019
0.876355
0.870239
0.868679
0.867996
0.864709
0.85614
0.840657
0.817605
0.787044
0.749461
0.705558
0.656176
0.602285
0.545028
0.485748
0.426002
0.367519
0.31202
0.260894
0.214816
0.17359
0.136451
0.10274
0.0724873
0.046468
0.0257575
0.0111266
0.00268676
0
0
0.00598125
0.0231043
0.0500568
0.0855268
0.128306
0.177382
0.232061
0.292134
0.358078
0.431237
0.513904
0.609216
0.720802
0.852207
1.00611
1.18346
1.38266
1.59904
1.82469
2.04884
2.25868
2.44078
2.58287
2.6758
2.71523
2.70249
2.64447
2.55223
2.4389
2.31708
2.1967
2.08369
1.97982
1.88368
1.79225
1.70256
1.61309
1.52459
1.44022
1.36499
1.30447
1.26322
1.24354
1.24503
1.26441
1.29562
1.33027
1.35899
1.37363
1.36921
1.34491
1.3038
1.2517
1.19561
1.1422
1.09671
1.06213
1.03907
1.02624
1.02114
1.02066
1.02134
1.01968
1.01265
0.998377
0.976853
0.949976
0.92107
0.89395
0.871903
0.856885
0.849105
0.847053
0.847907
0.848198
0.844527
0.834171
0.81543
0.787706
0.751346
0.707368
0.657175
0.602318
0.544362
0.484839
0.425281
0.367233
0.312178
0.261307
0.215221
0.173789
0.136395
0.102514
0.072222
0.0462635
0.0256477
0.0110902
0.00268243
0
0
0.00598039
0.0231002
0.050068
0.0856157
0.128586
0.178006
0.233202
0.29396
0.360728
0.434814
0.518481
0.614847
0.727513
0.85989
1.0143
1.19106
1.38769
1.59855
1.81484
2.0251
2.21616
2.37468
2.48914
2.552
2.56137
2.52169
2.44306
2.33931
2.22534
2.11426
2.01531
1.93272
1.86589
1.81058
1.76069
1.7102
1.65473
1.59273
1.52598
1.45933
1.39942
1.35283
1.32436
1.31614
1.32735
1.35404
1.38902
1.42284
1.44588
1.45084
1.43434
1.39722
1.3437
1.28026
1.21437
1.15326
1.10267
1.06557
1.04162
1.02771
1.0194
1.01234
1.0031
0.989408
0.970255
0.945927
0.917967
0.888852
0.861439
0.838342
0.821421
0.811432
0.80785
0.808844
0.811502
0.812315
0.807835
0.795333
0.773245
0.741303
0.700371
0.652073
0.598385
0.541303
0.482658
0.424077
0.367022
0.312785
0.262375
0.216327
0.174609
0.136809
0.102591
0.0721242
0.0461365
0.0255661
0.0110607
0.00267871
0
0
0.0059803
0.023101
0.0500894
0.0857117
0.128843
0.178522
0.234053
0.295159
0.362189
0.436298
0.519521
0.614626
0.724689
0.852392
0.999159
1.16435
1.34468
1.53406
1.72372
1.90275
2.05915
2.18125
2.2598
2.28997
2.27284
2.21577
2.13123
2.03452
1.94089
1.86285
1.80825
1.7793
1.77279
1.78122
1.79469
1.80307
1.79795
1.77429
1.7315
1.67367
1.60856
1.54558
1.49329
1.45743
1.44011
1.43969
1.45109
1.4667
1.47804
1.47787
1.46179
1.42866
1.38034
1.32093
1.25618
1.19279
1.1373
1.09444
1.06558
1.04822
1.0371
1.02638
1.01143
0.989798
0.96126
0.927437
0.891126
0.855513
0.823446
0.796956
0.777145
0.764309
0.758051
0.75724
0.759866
0.763032
0.763286
0.757271
0.742446
0.717582
0.68286
0.63961
0.589848
0.535798
0.479555
0.422928
0.367422
0.314264
0.264377
0.2183
0.176146
0.137752
0.103016
0.0722258
0.0461059
0.0255212
0.0110404
0.00267586
0
0
0.00598081
0.0231049
0.0501131
0.0857925
0.129029
0.178846
0.234489
0.29558
0.362309
0.435582
0.517041
0.608842
0.713201
0.831722
0.964686
1.11047
1.26526
1.42305
1.576
1.71494
1.83032
1.91351
1.95849
1.96354
1.93234
1.87395
1.80151
1.72995
1.67343
1.643
1.64482
1.67899
1.7395
1.81538
1.89284
1.95782
1.99839
2.00678
1.98082
1.92443
1.84671
1.75976
1.67559
1.60339
1.54802
1.50988
1.48587
1.47067
1.45821
1.4431
1.42153
1.39154
1.35284
1.30662
1.25555
1.2037
1.15605
1.11719
1.08949
1.07179
1.05962
1.04691
1.02821
1.00034
0.963116
0.919034
0.872358
0.827749
0.788939
0.75793
0.735005
0.719384
0.709988
0.705823
0.705795
0.708208
0.710452
0.709244
0.701371
0.68453
0.657839
0.621846
0.578166
0.528948
0.476408
0.422531
0.368955
0.316964
0.267517
0.221242
0.178452
0.13926
0.103817
0.0725482
0.0461856
0.0255196
0.0110313
0.00267409
0
0
0.00598176
0.0231104
0.0501328
0.0858412
0.129111
0.178926
0.234454
0.295199
0.361165
0.432964
0.511756
0.598972
0.695851
0.802881
0.919286
1.04272
1.16922
1.29349
1.40929
1.51003
1.58945
1.64255
1.66672
1.6629
1.63622
1.59584
1.55383
1.52332
1.51637
1.54179
1.60312
1.69742
1.81544
1.94311
2.06406
2.16229
2.22467
2.24312
2.21603
2.14853
2.05148
1.93897
1.8251
1.72097
1.63289
1.56229
1.50699
1.46296
1.42598
1.39272
1.361
1.3295
1.29727
1.26365
1.22853
1.1929
1.15891
1.12931
1.10607
1.08903
1.07532
1.06016
1.03853
1.00702
0.96499
0.914856
0.86137
0.810171
0.766021
0.731445
0.706412
0.689149
0.677496
0.669939
0.665813
0.664668
0.665336
0.665448
0.661799
0.65133
0.632047
0.603452
0.566412
0.522685
0.474386
0.423571
0.371999
0.321077
0.271875
0.225176
0.181529
0.141334
0.105001
0.0731017
0.0463838
0.0255657
0.0110349
0.00267358
0
0
0.00598299
0.023116
0.0501438
0.0858467
0.12907
0.178744
0.233954
0.294092
0.358998
0.429008
0.50482
0.587179
0.676452
0.772217
0.872974
0.976075
1.07791
1.17432
1.2611
1.33449
1.3916
1.4309
1.45264
1.4595
1.45687
1.45269
1.45672
1.479
1.52802
1.60861
1.72038
1.85708
2.0072
2.15569
2.28621
2.38371
2.43685
2.4399
2.3938
2.30606
2.18921
2.05825
1.9275
1.80792
1.70553
1.6214
1.55298
1.49599
1.44624
1.40084
1.35853
1.31922
1.28309
1.24996
1.21924
1.19035
1.1632
1.13832
1.11631
1.09707
1.07909
1.05949
1.03478
1.00211
0.960464
0.91135
0.858617
0.807474
0.762868
0.727857
0.702759
0.68557
0.673358
0.66376
0.655782
0.649546
0.645239
0.642004
0.637597
0.629028
0.613664
0.590054
0.55816
0.519083
0.474565
0.426519
0.376706
0.3266
0.277391
0.230036
0.185325
0.143943
0.106555
0.0738845
0.0467025
0.0256614
0.0110517
0.00267439
0
0
0.00598436
0.0231209
0.050143
0.0858043
0.128904
0.178309
0.233036
0.292398
0.356129
0.424371
0.497482
0.575688
0.658737
0.74564
0.83459
0.923082
1.00824
1.0873
1.15809
1.2194
1.27116
1.31441
1.35127
1.38502
1.42015
1.46226
1.51748
1.59148
1.68804
1.80772
1.94682
2.09725
2.24724
2.38285
2.49015
2.55749
2.57761
2.5489
2.4759
2.36844
2.2399
2.10471
1.9757
1.86206
1.76822
1.69402
1.63578
1.58798
1.54492
1.50216
1.45736
1.41035
1.36248
1.31573
1.27174
1.23144
1.19495
1.16193
1.13179
1.10376
1.07686
1.04976
1.02083
0.988464
0.951703
0.910822
0.867708
0.825608
0.788201
0.758247
0.736476
0.721369
0.709999
0.699463
0.688082
0.675774
0.66344
0.651755
0.640197
0.626945
0.609646
0.58639
0.55632
0.519699
0.477607
0.43152
0.382969
0.333349
0.283886
0.235678
0.189738
0.147024
0.108446
0.0748828
0.047138
0.0258062
0.011082
0.00267657
0
0
0.00598575
0.0231242
0.0501294
0.0857144
0.128621
0.177652
0.231776
0.290277
0.35287
0.419633
0.490761
0.566212
0.645422
0.727194
0.809776
0.891121
0.969261
1.04277
1.11116
1.17503
1.23602
1.29636
1.35851
1.42497
1.49823
1.58081
1.67513
1.78292
1.90436
2.03718
2.17596
2.31217
2.43501
2.53299
2.59599
2.61715
2.59422
2.53014
2.43264
2.31298
2.18413
2.05871
1.94708
1.8559
1.78759
1.74048
1.70968
1.68827
1.66872
1.6443
1.61035
1.56506
1.50955
1.44722
1.38257
1.31983
1.26192
1.20998
1.1636
1.12153
1.08251
1.04584
1.01138
0.979187
0.949116
0.920759
0.893881
0.8689
0.846915
0.829087
0.815703
0.805557
0.796138
0.784574
0.768844
0.748568
0.724944
0.699872
0.674758
0.649734
0.623704
0.59505
0.562429
0.525239
0.483654
0.438401
0.390487
0.341011
0.291097
0.241903
0.194631
0.150489
0.110625
0.0760723
0.0476805
0.0259973
0.0111252
0.00268008
0
0
0.00598707
0.0231257
0.0501035
0.0855824
0.128239
0.176818
0.230261
0.287883
0.349468
0.415173
0.48523
0.559578
0.637633
0.718272
0.800028
0.881407
0.961263
1.03916
1.11557
1.19186
1.26988
1.35146
1.43794
1.53005
1.62811
1.73229
1.84267
1.95892
2.07953
2.20106
2.31761
2.42111
2.50239
2.55285
2.5663
2.54034
2.47701
2.38262
2.2668
2.1412
2.01779
1.90733
1.81781
1.75358
1.715
1.69887
1.69925
1.70839
1.71782
1.71939
1.70658
1.67561
1.62619
1.56146
1.48707
1.40973
1.3354
1.26791
1.20838
1.15572
1.10806
1.06429
1.02494
0.991817
0.966681
0.949965
0.940416
0.935868
0.934285
0.934163
0.934156
0.932447
0.926541
0.913764
0.892235
0.861721
0.823878
0.78168
0.738295
0.695963
0.655415
0.616034
0.576519
0.535595
0.492441
0.446796
0.398871
0.349229
0.298727
0.248487
0.199845
0.154233
0.113027
0.0774198
0.0483157
0.0262298
0.0111802
0.0026848
0
0
0.00598823
0.0231254
0.0500673
0.0854173
0.127783
0.175858
0.228581
0.28534
0.34607
0.411126
0.48094
0.555635
0.63481
0.717579
0.802815
0.889472
0.976899
1.06505
1.15449
1.24616
1.34092
1.43909
1.54029
1.64357
1.74788
1.85248
1.9569
2.06054
2.16185
2.25756
2.3423
2.40905
2.45038
2.46
2.43438
2.37362
2.28171
2.16612
2.03694
1.90572
1.78412
1.68223
1.60696
1.56087
1.5422
1.54598
1.56549
1.59338
1.62214
1.64442
1.65362
1.6449
1.61616
1.56874
1.5072
1.4383
1.36919
1.30541
1.2494
1.20029
1.15541
1.11262
1.07234
1.03789
1.01385
1.00336
1.00615
1.01882
1.03664
1.05513
1.07054
1.07952
1.07884
1.06565
1.03827
0.996914
0.943996
0.883586
0.820368
0.758423
0.700325
0.646841
0.597244
0.549996
0.503444
0.456278
0.40774
0.357668
0.306497
0.255209
0.205215
0.158143
0.115583
0.0788856
0.0490248
0.0264968
0.0112453
0.00269058
0
0
0.00598918
0.0231235
0.0500235
0.0852306
0.127283
0.174828
0.226818
0.282743
0.342733
0.407413
0.477513
0.553446
0.635084
0.7218
0.812714
0.906978
1.00399
1.10345
1.20528
1.30924
1.41468
1.52029
1.62427
1.72481
1.82065
1.91137
1.99724
2.07861
2.15494
2.224
2.28155
2.32182
2.33864
2.32686
2.28359
2.20894
2.10625
1.982
1.8454
1.70769
1.58095
1.47601
1.40002
1.3546
1.33606
1.33771
1.35265
1.37536
1.40161
1.4275
1.44867
1.46057
1.45956
1.44427
1.4164
1.38035
1.34178
1.30549
1.27346
1.2443
1.21457
1.18148
1.14546
1.11117
1.08588
1.07603
1.0838
1.10627
1.1373
1.17013
1.19874
1.21791
1.22314
1.21092
1.1794
1.12916
1.06334
0.987009
0.90608
0.82603
0.750918
0.682861
0.622028
0.567092
0.515946
0.466415
0.416777
0.366061
0.314174
0.261873
0.210588
0.162106
0.118216
0.0804257
0.0497859
0.0267897
0.0113182
0.00269718
0
0
0.0059899
0.0231203
0.0499759
0.0850351
0.126769
0.173783
0.225049
0.280163
0.339457
0.403834
0.474337
0.551679
0.635974
0.726769
0.823247
0.924465
1.02948
1.13734
1.24693
1.35678
1.46493
1.56902
1.66673
1.75635
1.83728
1.91018
1.97662
2.03828
2.09593
2.14856
2.1931
2.22479
2.2381
2.22799
2.19089
2.12542
2.03288
1.91748
1.78636
1.64933
1.51774
1.4025
1.31132
1.24657
1.2051
1.18074
1.16773
1.16294
1.16592
1.17712
1.1957
1.21861
1.24142
1.26028
1.27341
1.28145
1.28634
1.28956
1.29072
1.2873
1.27592
1.2546
1.22488
1.19261
1.16659
1.15519
1.16257
1.18714
1.22299
1.26262
1.2987
1.32463
1.33464
1.32423
1.29103
1.23554
1.16127
1.07396
0.980352
0.886814
0.798383
0.718196
0.647318
0.584954
0.528986
0.476735
0.425718
0.374214
0.321587
0.268325
0.215831
0.166018
0.120853
0.0819942
0.0505746
0.0270985
0.0113963
0.00270435
0
0
0.00599039
0.0231165
0.0499284
0.084844
0.12627
0.172774
0.223342
0.277657
0.336222
0.400171
0.470802
0.549051
0.635172
0.728733
0.828788
0.934074
1.0431
1.15417
1.26526
1.37404
1.47795
1.57447
1.66166
1.73862
1.80587
1.86528
1.91954
1.97134
2.02235
2.07241
2.11925
2.15879
2.18593
2.19546
2.183
2.14568
2.08268
1.99563
1.88881
1.76897
1.64445
1.52383
1.41411
1.31939
1.24052
1.17612
1.1245
1.08527
1.05985
1.05041
1.05794
1.08088
1.11536
1.1567
1.20083
1.24474
1.28583
1.32117
1.34719
1.36034
1.35825
1.34116
1.31273
1.27999
1.25193
1.23673
1.23893
1.2581
1.2897
1.32706
1.36292
1.39011
1.40194
1.3929
1.3598
1.30265
1.22483
1.13228
1.0321
0.931126
0.83485
0.746969
0.669181
0.601251
0.541343
0.486666
0.434302
0.381984
0.328623
0.274455
0.22084
0.16979
0.123426
0.0835446
0.0513651
0.0274119
0.0114765
0.00271175
0
0
0.00599065
0.0231129
0.049885
0.0846698
0.125815
0.171848
0.221758
0.275282
0.333031
0.396286
0.466494
0.544694
0.631146
0.725296
0.825924
0.931339
1.03951
1.14814
1.25472
1.35668
1.45165
1.53773
1.61397
1.68061
1.73927
1.79263
1.84396
1.89625
1.95134
2.00933
2.0683
2.12463
2.17357
2.21003
2.22939
2.22809
2.20419
2.15768
2.09057
2.00662
1.91069
1.808
1.7033
1.60052
1.50277
1.41275
1.33317
1.26701
1.21734
1.18683
1.17691
1.18727
1.21578
1.25887
1.31202
1.36986
1.42616
1.47414
1.50733
1.52103
1.51362
1.48735
1.44803
1.40396
1.36396
1.33545
1.32271
1.32627
1.34337
1.36894
1.39654
1.41892
1.42869
1.41937
1.38676
1.33004
1.25211
1.15874
1.05709
0.954116
0.855429
0.764835
0.684236
0.613705
0.551701
0.495559
0.442255
0.389261
0.335216
0.280196
0.22554
0.173347
0.125871
0.0850314
0.0521302
0.027718
0.0115552
0.00271902
0
0
0.00599073
0.02311
0.0498497
0.0845236
0.125425
0.171043
0.220349
0.273096
0.329926
0.392167
0.461297
0.538335
0.623439
0.715832
0.813959
0.915716
1.01865
1.12016
1.21769
1.30903
1.39254
1.46746
1.53404
1.59366
1.64868
1.70214
1.75717
1.81638
1.88111
1.95105
2.02405
2.09647
2.16379
2.22136
2.26521
2.29264
2.30259
2.29555
2.27331
2.23832
2.19311
2.13973
2.07949
2.01319
1.94165
1.8664
1.79025
1.71731
1.65256
1.60098
1.56664
1.55202
1.55762
1.58182
1.62078
1.66853
1.71725
1.75811
1.78266
1.78465
1.76168
1.716
1.65404
1.58486
1.51798
1.46143
1.42047
1.39716
1.39053
1.39693
1.41054
1.42385
1.42864
1.4173
1.38451
1.32852
1.25158
1.15922
1.05863
0.95685
0.859509
0.770231
0.690677
0.620777
0.559016
0.502848
0.449338
0.395969
0.341341
0.285518
0.229882
0.176629
0.12813
0.0864101
0.0528426
0.0280038
0.0116289
0.00272578
0
0
0.00599068
0.0231088
0.0498257
0.0844147
0.125121
0.17039
0.219161
0.271158
0.326988
0.387929
0.45539
0.530285
0.612609
0.701344
0.794627
0.890023
0.984833
1.0764
1.16247
1.2415
1.31287
1.37707
1.43554
1.49056
1.54492
1.60157
1.66312
1.73127
1.80632
1.88683
1.96975
2.05083
2.12555
2.19008
2.24218
2.28162
2.3101
2.33056
2.34626
2.35981
2.37235
2.38317
2.38973
2.38829
2.37496
2.34703
2.30417
2.24898
2.18684
2.12481
2.07018
2.02897
2.00494
1.99903
2.00925
2.03086
2.05671
2.07797
2.08546
2.07139
2.03129
1.96532
1.87852
1.77978
1.67974
1.58856
1.51396
1.46024
1.428
1.41444
1.41373
1.41777
1.41732
1.4036
1.37013
1.31427
1.2377
1.1458
1.04601
0.945781
0.850951
0.764983
0.689006
0.622325
0.56299
0.508319
0.45547
0.402109
0.347019
0.290421
0.233838
0.179588
0.130151
0.0876371
0.0534743
0.0282566
0.0116938
0.00273164
0
0
0.00599057
0.0231098
0.049816
0.0843502
0.124915
0.16991
0.218226
0.269524
0.324321
0.383777
0.449169
0.521272
0.599928
0.683939
0.771232
0.859178
0.944983
1.02611
1.1007
1.16793
1.22823
1.28314
1.33513
1.38716
1.44229
1.50323
1.57192
1.64901
1.73343
1.82224
1.91093
1.99423
2.06739
2.12749
2.17435
2.21068
2.24137
2.27216
2.30819
2.35274
2.40649
2.46725
2.53012
2.58815
2.63346
2.6588
2.65936
2.63428
2.58715
2.52543
2.45867
2.39627
2.34551
2.31048
2.29178
2.28672
2.2897
2.29273
2.28643
2.26164
2.21153
2.13361
2.03094
1.91183
1.78809
1.67212
1.57406
1.49985
1.45075
1.42396
1.41352
1.41109
1.40695
1.3916
1.35768
1.30164
1.22457
1.13174
1.03098
0.930528
0.836958
0.753951
0.682156
0.619934
0.564409
0.512364
0.460871
0.40782
0.352329
0.294931
0.237388
0.182179
0.131883
0.0886697
0.053998
0.0284632
0.011746
0.00273621
0
0
0.00599048
0.0231139
0.0498228
0.0843351
0.124815
0.169614
0.217562
0.268232
0.322022
0.37994
0.443114
0.512202
0.586965
0.666143
0.747604
0.828682
0.906612
0.97903
1.04445
1.10263
1.15474
1.20316
1.25111
1.3021
1.35943
1.42571
1.5024
1.58928
1.68406
1.7823
1.87793
1.96436
2.03615
2.09054
2.12843
2.15437
2.17543
2.19948
2.23333
2.28141
2.34502
2.42215
2.50757
2.59322
2.66901
2.72447
2.75098
2.74417
2.70544
2.64198
2.56502
2.48691
2.41828
2.36612
2.33308
2.31763
2.31458
2.31567
2.31069
2.28915
2.24261
2.16711
2.06481
1.94416
1.81789
1.69961
1.59984
1.52382
1.47159
1.43981
1.42321
1.41492
1.40654
1.38898
1.35439
1.29825
1.22063
1.12625
1.0231
0.920293
0.825621
0.7436
0.674825
0.616726
0.565195
0.51609
0.466151
0.413424
0.357423
0.299097
0.24052
0.184358
0.133274
0.0894657
0.054387
0.0286115
0.0117821
0.00273913
0
0
0.00599049
0.0231215
0.0498478
0.0843721
0.124825
0.169505
0.217173
0.267302
0.320163
0.376618
0.437676
0.503942
0.575208
0.650298
0.727189
0.803325
0.876072
0.943241
1.0036
1.05724
1.10575
1.15196
1.19958
1.25254
1.31449
1.38813
1.47478
1.57371
1.68176
1.79327
1.90071
1.99599
2.07232
2.12602
2.15768
2.17227
2.17795
2.18413
2.19921
2.22893
2.27549
2.33742
2.4098
2.4846
2.55145
2.59915
2.61806
2.60276
2.55414
2.47973
2.39207
2.30554
2.23282
2.18227
2.15677
2.15387
2.16664
2.18502
2.19738
2.19251
2.16194
2.10222
2.01639
1.91367
1.80707
1.70907
1.6276
1.56447
1.51727
1.48257
1.45749
1.43888
1.42165
1.39846
1.36143
1.30482
1.22713
1.13178
1.02631
0.920373
0.822964
0.739863
0.672144
0.616654
0.56808
0.521208
0.472279
0.41941
0.362511
0.302975
0.243215
0.186076
0.134273
0.0899844
0.0546164
0.0286901
0.0117989
0.00274007
0
0
0.0059907
0.0231332
0.049892
0.0844621
0.124943
0.169577
0.217048
0.26673
0.318774
0.37394
0.433184
0.497159
0.565809
0.638182
0.712494
0.786413
0.857488
0.923682
0.983879
1.03827
1.0885
1.13754
1.18926
1.24786
1.31725
1.40035
1.4984
1.61034
1.7323
1.85764
1.97764
2.08291
2.1654
2.2204
2.24793
2.25291
2.24407
2.23165
2.22491
2.23012
2.24967
2.28213
2.32283
2.36455
2.39842
2.41522
2.40742
2.37133
2.30891
2.22794
2.14068
2.06088
2.00051
1.96699
1.96184
1.98081
2.01516
2.05349
2.08371
2.09521
2.08088
2.03899
1.97402
1.89571
1.81592
1.74419
1.68434
1.63452
1.59065
1.55015
1.51309
1.4803
1.45041
1.41831
1.37658
1.31847
1.24081
1.14549
1.03908
0.931128
0.831336
0.746503
0.678354
0.623566
0.576026
0.529694
0.480407
0.426358
0.367823
0.306614
0.245439
0.187275
0.134826
0.0901872
0.0546641
0.0286896
0.0117937
0.00273878
0
0
0.00599121
0.0231494
0.0499558
0.0846041
0.125164
0.169821
0.217172
0.266494
0.317851
0.371956
0.429814
0.49224
0.559447
0.630802
0.704827
0.779427
0.852318
0.921542
0.98598
1.04573
1.10229
1.15845
1.21796
1.285
1.36347
1.45621
1.56416
1.68568
1.81613
1.94808
2.07218
2.17873
2.2597
2.3106
2.33176
2.32834
2.30907
2.28402
2.26221
2.24984
2.2495
2.26033
2.27858
2.29839
2.31279
2.31488
2.29947
2.26452
2.21214
2.14856
2.08302
2.02584
1.98609
1.9695
1.977
2.00444
2.04345
2.08318
2.11245
2.12193
2.10618
2.06506
2.00414
1.93321
1.8629
1.8006
1.74784
1.70123
1.65621
1.61059
1.56547
1.52316
1.48394
1.44419
1.39732
1.33666
1.25846
1.1637
1.0581
0.95058
0.850656
0.765252
0.696296
0.640498
0.591583
0.543332
0.491585
0.434772
0.373534
0.310018
0.247136
0.187889
0.13488
0.09004
0.0545125
0.0286029
0.0117648
0.00273509
0
0
0.00599211
0.0231705
0.0500391
0.0847962
0.125484
0.170225
0.217526
0.266572
0.317369
0.370658
0.427593
0.489272
0.556268
0.628298
0.704147
0.781863
0.859192
0.934133
1.00547
1.07313
1.13837
1.20369
1.27246
1.34847
1.43514
1.53474
1.64746
1.77079
1.89923
2.02488
2.13856
2.23156
2.29748
2.33363
2.34177
2.32772
2.3001
2.26856
2.24202
2.22739
2.22866
2.24651
2.2782
2.31799
2.35815
2.39065
2.4089
2.40938
2.39242
2.3622
2.32579
2.2916
2.2673
2.25781
2.26384
2.28159
2.30355
2.32028
2.32241
2.30271
2.25781
2.1893
2.10381
2.01152
1.92312
1.84618
1.78279
1.7301
1.68346
1.63948
1.59722
1.55683
1.51721
1.47481
1.4242
1.36029
1.28055
1.18636
1.08307
0.97869
0.881531
0.797458
0.727815
0.669367
0.616358
0.563228
0.50643
0.4449
0.379668
0.313118
0.248214
0.187843
0.134385
0.0895158
0.0541493
0.0284258
0.0117113
0.00272889
0
0
0.00599348
0.0231966
0.0501417
0.0850355
0.125895
0.170777
0.218097
0.266951
0.317314
0.370014
0.426445
0.488077
0.555884
0.629893
0.709007
0.791205
0.874047
0.955331
1.03369
1.10895
1.18224
1.25577
1.33242
1.41521
1.50666
1.60803
1.71854
1.83481
1.95081
2.05859
2.14978
2.21735
2.25727
2.2694
2.25766
2.22941
2.19431
2.16308
2.14616
2.15213
2.18618
2.24874
2.33504
2.43581
2.53911
2.63281
2.70714
2.75653
2.78045
2.78298
2.77122
2.75313
2.73524
2.72103
2.71023
2.69928
2.68243
2.65323
2.60592
2.53681
2.44541
2.33505
2.21291
2.0889
1.97344
1.87469
1.79627
1.7369
1.69204
1.65632
1.62496
1.59393
1.5593
1.51691
1.46293
1.39488
1.31264
1.21895
1.11907
1.01969
0.927097
0.845137
0.774039
0.71073
0.650573
0.589403
0.524827
0.456553
0.386022
0.315737
0.248545
0.187058
0.133302
0.0885988
0.0535704
0.0281581
0.0116333
0.00272022
0
0
0.00599543
0.0232282
0.0502628
0.0853188
0.126391
0.171472
0.218886
0.267645
0.317709
0.370024
0.426269
0.488311
0.557503
0.634063
0.716814
0.803418
0.891029
0.977116
1.06018
1.14011
1.21812
1.29631
1.37709
1.46256
1.55405
1.65169
1.75393
1.85709
1.95537
2.04146
2.10803
2.14946
2.16346
2.15192
2.12107
2.08093
2.04436
2.02541
2.03696
2.08765
2.17952
2.30747
2.46072
2.62524
2.78618
2.93018
3.04733
3.13246
3.18542
3.21004
3.21224
3.19789
3.17124
3.13427
3.087
3.02826
2.95649
2.87042
2.76954
2.65449
2.52754
2.39282
2.25634
2.12546
2.0077
1.90916
1.83287
1.77802
1.7403
1.7133
1.68997
1.66378
1.62938
1.58304
1.52287
1.44903
1.36362
1.27042
1.17422
1.07987
0.991116
0.909581
0.83447
0.763205
0.692683
0.620514
0.545753
0.469009
0.39212
0.317584
0.247971
0.185463
0.131607
0.0872878
0.0527808
0.0278034
0.0115321
0.0027092
0
0
0.00599803
0.0232651
0.0504018
0.0856429
0.126965
0.172306
0.219905
0.2687
0.318636
0.370773
0.427046
0.489661
0.560241
0.639041
0.724628
0.814181
0.904325
0.992171
1.07615
1.1564
1.23448
1.31263
1.39293
1.47662
1.5639
1.65392
1.74482
1.83349
1.91539
1.98472
2.0354
2.06258
2.06444
2.04354
2.00765
1.96964
1.94616
1.95449
2.00772
2.11016
2.25614
2.43266
2.62369
2.81348
2.98854
3.13855
3.25694
3.34104
3.39144
3.41091
3.40295
3.3707
3.31653
3.24242
3.15051
3.04369
2.92561
2.8004
2.67224
2.54494
2.42188
2.30608
2.20037
2.10744
2.02952
1.96785
1.92196
1.88927
1.8652
1.84392
1.81937
1.78641
1.7415
1.68315
1.61187
1.52984
1.44029
1.34689
1.25306
1.16139
1.07314
0.988195
0.905308
0.822765
0.739128
0.653803
0.567274
0.481031
0.397237
0.318279
0.246324
0.183004
0.129302
0.0856007
0.0517961
0.0273701
0.0114101
0.00269605
0
0
0.00600135
0.0233077
0.0505578
0.0860048
0.127614
0.173281
0.221182
0.270193
0.320245
0.372465
0.428949
0.492089
0.5636
0.643626
0.730393
0.820604
0.910425
0.996698
1.0779
1.15452
1.22859
1.30274
1.37896
1.4579
1.53884
1.62025
1.70032
1.7771
1.84812
1.9099
1.95814
1.98873
1.99971
1.99319
1.9768
1.96374
1.97085
2.01411
2.10282
2.23563
2.40115
2.58232
2.7615
2.92398
3.05966
3.16315
3.23301
3.27039
3.27774
3.25769
3.21251
3.14424
3.05521
2.94877
2.82971
2.70411
2.57871
2.45994
2.35306
2.26168
2.18769
2.13155
2.09255
2.06904
2.05831
2.05658
2.05906
2.06027
2.05472
2.03764
2.00571
1.95749
1.89359
1.81633
1.72915
1.6359
1.54005
1.44418
1.34968
1.25678
1.16477
1.07243
0.978606
0.882612
0.784543
0.685356
0.58677
0.491015
0.400493
0.317407
0.243455
0.179668
0.126422
0.0835775
0.0506441
0.0268711
0.011271
0.00268111
0
0
0.00600545
0.0233559
0.0507303
0.0864022
0.128334
0.174401
0.222747
0.272218
0.32273
0.375421
0.432404
0.496045
0.567938
0.648
0.734158
0.822824
0.909969
0.992395
1.06875
1.13985
1.2082
1.27681
1.34779
1.42155
1.49686
1.57176
1.64455
1.71434
1.78071
1.84278
1.89869
1.94594
1.983
2.01117
2.03596
2.06683
2.11518
2.19043
2.29604
2.42724
2.57194
2.71428
2.83879
2.93386
2.99348
3.0171
3.00819
2.97204
2.91402
2.8386
2.74942
2.64992
2.544
2.43637
2.33229
2.23691
2.15458
2.08843
2.04049
2.01209
2.00393
2.01581
2.04595
2.09048
2.14332
2.1968
2.24257
2.2728
2.28123
2.26405
2.22048
2.1528
2.06581
1.96582
1.85932
1.75171
1.64649
1.54493
1.44638
1.34895
1.25039
1.14883
1.04334
0.934142
0.822549
0.710729
0.601363
0.49727
0.401017
0.314609
0.239286
0.175499
0.123043
0.0812835
0.0493642
0.0263237
0.0111194
0.00266479
0
0
0.00601037
0.0234098
0.050919
0.0868338
0.129125
0.175671
0.224629
0.274859
0.326287
0.380019
0.438045
0.502502
0.574667
0.65416
0.738728
0.824783
0.90846
0.986821
1.05878
1.12538
1.18932
1.25373
1.32088
1.39128
1.46373
1.53618
1.60692
1.67542
1.74225
1.8084
1.87442
1.94024
2.0058
2.07212
2.14186
2.21899
2.3073
2.40832
2.51956
2.63387
2.74035
2.82677
2.88249
2.901
2.8812
2.82704
2.74595
2.64681
2.53838
2.42847
2.32383
2.23006
2.15129
2.08957
2.04459
2.01419
1.99584
1.98833
1.99277
2.0121
2.04937
2.10548
2.17779
2.26008
2.34375
2.41933
2.47776
2.51135
2.51458
2.48477
2.42269
2.33258
2.22164
2.09865
1.9722
1.84898
1.7326
1.62345
1.51931
1.41665
1.31193
1.2027
1.08807
0.96882
0.847067
0.725829
0.608504
0.49837
0.398144
0.30968
0.233848
0.170616
0.119289
0.0788086
0.0480071
0.0257488
0.0109604
0.00264755
0
0
0.00601615
0.0234695
0.0511238
0.0872995
0.129986
0.177095
0.226842
0.278167
0.331052
0.386568
0.446519
0.512682
0.585913
0.665506
0.749147
0.833482
0.915087
0.991486
1.06188
1.12732
1.19026
1.25362
1.31966
1.38926
1.46174
1.5355
1.60884
1.6808
1.75153
1.82213
1.89429
1.96989
2.05087
2.13915
2.23632
2.34309
2.45837
2.57846
2.69663
2.80354
2.8885
2.94154
2.95563
2.92841
2.86285
2.76662
2.65072
2.52771
2.41022
2.30956
2.23424
2.18847
2.17123
2.17663
2.19607
2.22124
2.24686
2.27212
2.3002
2.33615
2.38379
2.44335
2.51096
2.5798
2.64207
2.69048
2.71896
2.72259
2.69775
2.6425
2.5574
2.4462
2.31575
2.17497
2.03298
1.89711
1.77133
1.65582
1.54763
1.44216
1.33487
1.22259
1.10414
0.980376
0.853778
0.727874
0.606568
0.493516
0.391612
0.302666
0.227324
0.165228
0.115331
0.0762657
0.0466323
0.0251698
0.0108
0.00262989
0
0
0.0060228
0.023535
0.0513452
0.0878008
0.13092
0.178673
0.229385
0.282137
0.337036
0.395173
0.458186
0.527505
0.603574
0.685398
0.77064
0.856213
0.939124
1.01729
1.09004
1.15822
1.22384
1.28938
1.35702
1.42806
1.50263
1.57978
1.65791
1.7353
1.81075
1.88405
1.95621
2.02954
2.10732
2.19318
2.29024
2.40011
2.52183
2.65121
2.78066
2.89991
2.99749
3.06291
3.08885
3.07293
3.0184
2.93393
2.83231
2.72871
2.63837
2.57404
2.54337
2.54725
2.57993
2.63104
2.68872
2.7427
2.78647
2.81815
2.83983
2.85565
2.86927
2.88209
2.89276
2.89826
2.89535
2.88147
2.85471
2.81313
2.75417
2.67513
2.57437
2.45287
2.31494
2.16776
2.01975
1.8784
1.74835
1.63042
1.5219
1.41793
1.3133
1.20405
1.08834
0.966635
0.841343
0.716166
0.595323
0.482793
0.381696
0.293922
0.220065
0.159626
0.111379
0.0737833
0.0453043
0.0246113
0.010644
0.00261233
0
0
0.00603032
0.0236065
0.0515842
0.0883407
0.131931
0.180408
0.232239
0.286704
0.344102
0.405625
0.472843
0.546963
0.62814
0.715161
0.805615
0.896473
0.984836
1.06864
1.14711
1.22086
1.29165
1.36185
1.43383
1.50925
1.58866
1.67126
1.75508
1.83745
1.9158
1.9884
2.05508
2.11749
2.17913
2.24485
2.32018
2.41012
2.5177
2.64251
2.77974
2.92025
3.052
3.16235
3.24078
3.28128
3.28377
3.25432
3.20414
3.14746
3.09883
3.07009
3.06794
3.0927
3.13867
3.19588
3.25257
3.29778
3.32346
3.3258
3.30526
3.2655
3.21159
3.14831
3.07932
3.00723
2.93415
2.8618
2.79091
2.72024
2.64605
2.56289
2.46558
2.35146
2.22175
2.08151
1.93814
1.79928
1.67056
1.55424
1.44882
1.35001
1.25246
1.15145
1.04422
0.930414
0.811964
0.692421
0.576116
0.467265
0.369237
0.284106
0.21257
0.154167
0.107666
0.0714953
0.0440873
0.0240967
0.0104978
0.00259534
0
0
0.0060387
0.0236841
0.0518419
0.088924
0.133031
0.182305
0.23538
0.291761
0.35198
0.417396
0.489629
0.569817
0.657983
0.752767
0.85158
0.951132
1.04816
1.14019
1.22613
1.30658
1.38365
1.4604
1.53992
1.62429
1.71383
1.80677
1.89967
1.98827
2.06864
2.13813
2.19602
2.24369
2.28458
2.32403
2.36897
2.42723
2.50611
2.61025
2.73945
2.8876
3.04333
3.19249
3.32134
3.41967
3.48281
3.5123
3.51507
3.50151
3.48296
3.46914
3.46624
3.47578
3.49464
3.51594
3.53067
3.52977
3.50614
3.4562
3.38046
3.28306
3.17054
3.05036
2.92977
2.81519
2.71171
2.62246
2.54768
2.48393
2.42435
2.36028
2.28377
2.18997
2.07843
1.953
1.82049
1.68867
1.56422
1.45108
1.3496
1.2568
1.16772
1.07719
0.981436
0.879018
0.771011
0.660494
0.551661
0.448819
0.355531
0.274098
0.205426
0.149228
0.104418
0.069525
0.0430383
0.0236465
0.0103663
0.00257935
0
0
0.00604789
0.0237677
0.0521198
0.0895569
0.13423
0.184378
0.238793
0.297194
0.360341
0.429771
0.50721
0.593833
0.689645
0.793185
0.901608
1.01115
1.11788
1.21868
1.3121
1.39895
1.48224
1.56644
1.65598
1.75362
1.85917
1.96923
2.07803
2.17898
2.26639
2.33659
2.38858
2.42383
2.44602
2.46071
2.47521
2.49831
2.53929
2.6059
2.70177
2.82437
2.96483
3.10993
3.24528
3.35863
3.44218
3.4935
3.51506
3.51286
3.49448
3.46724
3.43672
3.40585
3.37461
3.34037
3.29877
3.24505
3.17555
3.08891
2.98662
2.87297
2.7542
2.63745
2.52962
2.43641
2.36133
2.30486
2.26396
2.23227
2.20117
2.16167
2.10647
2.03148
1.93658
1.82534
1.70398
1.57989
1.46006
1.34956
1.25047
1.16159
1.079
0.997584
0.912818
0.822149
0.725579
0.62541
0.52541
0.429751
0.342065
0.264832
0.199201
0.145145
0.101825
0.0679692
0.0422005
0.0232759
0.010253
0.00256473
0
0
0.00605786
0.0238573
0.0524195
0.0902462
0.135547
0.18665
0.242483
0.302929
0.368902
0.442056
0.524182
0.616494
0.719012
0.830207
0.947005
1.06519
1.1802
1.2883
1.38774
1.47957
1.56778
1.65833
1.7572
1.86813
1.99085
2.12082
2.25035
2.37073
2.47426
2.55571
2.61286
2.64639
2.65933
2.65669
2.64521
2.63317
2.62964
2.64304
2.67897
2.73815
2.8157
2.90218
2.98613
3.05681
3.1064
3.13097
3.13036
3.10736
3.06643
3.01252
2.95011
2.8826
2.81211
2.73954
2.66506
2.58867
2.51075
2.43253
2.35615
2.28446
2.22057
2.16721
2.12612
2.09763
2.08033
2.07111
2.06532
2.05734
2.0412
2.01152
1.96434
1.89791
1.81295
1.71256
1.6017
1.48633
1.3725
1.26532
1.16795
1.08085
1.00166
0.926096
0.849521
0.768588
0.68226
0.5919
0.500609
0.41219
0.330162
0.257088
0.194328
0.142145
0.099999
0.0668823
0.0415976
0.0229936
0.0101602
0.00255174
0
0
0.00606852
0.0239527
0.052742
0.0909984
0.136998
0.189154
0.246487
0.308962
0.377528
0.453812
0.53954
0.635861
0.742762
0.858688
0.980482
1.10373
1.2236
1.33601
1.43897
1.53358
1.62422
1.71758
1.82068
1.93828
2.07087
2.21417
2.36025
2.49964
2.62342
2.72468
2.79913
2.84514
2.86334
2.85647
2.82912
2.78769
2.73979
2.69332
2.6549
2.62832
2.61362
2.60729
2.60362
2.59656
2.58125
2.55486
2.51667
2.46762
2.40962
2.34499
2.27605
2.20498
2.13391
2.06514
2.00131
1.94542
1.90041
1.86853
1.85075
1.84645
1.85348
1.86865
1.88826
1.90852
1.92587
1.9372
1.93986
1.93164
1.91076
1.87591
1.82638
1.76224
1.68451
1.5952
1.49734
1.39469
1.2915
1.19194
1.09931
1.0152
0.938861
0.867329
0.796558
0.723018
0.644983
0.562985
0.479398
0.397528
0.320647
0.251299
0.191005
0.140299
0.0989605
0.0662681
0.0412312
0.0228011
0.0100888
0.00254055
0
0
0.00607977
0.0240536
0.0530877
0.0918187
0.138602
0.191927
0.250869
0.315377
0.386288
0.465016
0.553025
0.651235
0.759504
0.876286
0.99856
1.12213
1.24236
1.35528
1.45879
1.55362
1.6436
1.7349
1.83439
1.94737
2.07565
2.21678
2.36465
2.51108
2.64745
2.76604
2.86061
2.92659
2.96118
2.96345
2.93453
2.87778
2.79856
2.70376
2.6008
2.49649
2.39601
2.30243
2.21687
2.13925
2.06905
2.00582
1.94928
1.89909
1.85459
1.81479
1.77853
1.74487
1.71357
1.6854
1.66224
1.64673
1.64147
1.64808
1.66646
1.69463
1.72906
1.76537
1.79896
1.82556
1.8417
1.84499
1.83429
1.80971
1.77239
1.72406
1.66658
1.60145
1.52973
1.45221
1.36977
1.28382
1.19648
1.11044
1.02843
0.952332
0.882331
0.816593
0.751915
0.685081
0.614197
0.539342
0.462366
0.386141
0.313682
0.247473
0.189157
0.139515
0.0986339
0.0660816
0.0410817
0.0226929
0.0100381
0.00253124
0
0
0.00609151
0.0241594
0.0534559
0.0927087
0.140368
0.195003
0.255705
0.322323
0.39544
0.476076
0.565232
0.663418
0.770252
0.88422
1.00264
1.12193
1.23814
1.34784
1.44899
1.54168
1.62836
1.71347
1.80239
1.9
2.00927
2.1303
2.2603
2.39413
2.52529
2.64671
2.75134
2.83254
2.88454
2.90292
2.88524
2.83158
2.74476
2.63031
2.49595
2.3507
2.20383
2.06376
1.93737
1.82973
1.74417
1.68232
1.64411
1.62756
1.6288
1.64255
1.66294
1.68452
1.70315
1.71662
1.72481
1.72938
1.73305
1.73864
1.74814
1.76211
1.77938
1.79724
1.81184
1.81882
1.81414
1.79483
1.75968
1.70963
1.6476
1.57774
1.50433
1.43061
1.35818
1.2871
1.21667
1.14632
1.07622
1.00743
0.94147
0.879544
0.821645
0.766177
0.710404
0.651562
0.588018
0.519871
0.448819
0.377525
0.30885
0.245251
0.188485
0.139568
0.0988707
0.0662404
0.0411129
0.0226577
0.0100064
0.0025238
0
0
0.00610361
0.0242693
0.0538447
0.0936656
0.142297
0.198398
0.261056
0.329965
0.40535
0.4877
0.577407
0.674434
0.778078
0.886859
0.998559
1.11042
1.2195
1.32319
1.4197
1.50848
1.59035
1.66744
1.74283
1.81999
1.90207
1.99117
2.08784
2.19076
2.29674
2.40099
2.49748
2.57937
2.63973
2.67226
2.67219
2.63708
2.56747
2.46717
2.34316
2.20496
2.0635
1.92984
1.81388
1.72344
1.66368
1.63669
1.64124
1.67274
1.72377
1.78515
1.84727
1.90158
1.94178
1.96458
1.96999
1.96085
1.94194
1.91871
1.89603
1.87716
1.86312
1.85257
1.84209
1.82692
1.80201
1.76317
1.70817
1.63747
1.55421
1.46352
1.3712
1.28225
1.19982
1.12495
1.05717
0.995391
0.93871
0.886683
0.839102
0.795423
0.75422
0.713081
0.669136
0.619968
0.564436
0.503011
0.437558
0.370752
0.305428
0.244072
0.188574
0.140165
0.099485
0.0666417
0.0412787
0.0226809
0.00999113
0.00251814
0
0
0.0061159
0.0243822
0.0542504
0.0946808
0.144375
0.202097
0.266939
0.338412
0.416344
0.500633
0.590998
0.686807
0.787012
0.890166
0.994519
1.09815
1.19912
1.29568
1.3864
1.4703
1.54694
1.6165
1.67984
1.73854
1.7948
1.85118
1.91009
1.9732
2.04081
2.11149
2.18202
2.24762
2.30251
2.34071
2.35693
2.3475
2.31118
2.2498
2.16838
2.07475
1.97864
1.89032
1.81924
1.7727
1.75497
1.76669
1.80484
1.86303
1.93239
2.00269
2.06385
2.10734
2.12757
2.12266
2.09461
2.0487
1.99225
1.93306
1.87796
1.83163
1.796
1.77005
1.75019
1.73098
1.70619
1.67009
1.61864
1.55045
1.46703
1.37249
1.27248
1.17303
1.07933
0.995057
0.922222
0.861359
0.811913
0.772507
0.741017
0.714586
0.689742
0.66281
0.63055
0.590814
0.542956
0.487864
0.427618
0.364949
0.302691
0.243372
0.189003
0.141015
0.10029
0.0671804
0.0415306
0.0227459
0.00998904
0.00251413
0
0
0.00612823
0.0244967
0.0546677
0.0957393
0.146569
0.206049
0.273292
0.347651
0.428567
0.515366
0.60712
0.702636
0.80055
0.899457
0.998012
1.09496
1.18913
1.27937
1.36455
1.44356
1.51536
1.57907
1.63412
1.68046
1.71875
1.75051
1.77812
1.8044
1.83212
1.86325
1.89839
1.93641
1.97458
2.00894
2.03516
2.04942
2.04934
2.03465
2.00748
1.97223
1.93493
1.90218
1.88007
1.87304
1.88309
1.90945
1.94855
1.99445
2.03954
2.07562
2.09508
2.09224
2.06447
2.01279
1.94179
1.85884
1.77268
1.69192
1.62361
1.57226
1.53935
1.52323
1.51943
1.52133
1.52114
1.51118
1.48524
1.43978
1.37455
1.29254
1.19925
1.10152
1.00621
0.919167
0.844491
0.784228
0.738404
0.705275
0.681716
0.663703
0.646875
0.627142
0.60126
0.567275
0.524716
0.474501
0.4186
0.359574
0.300116
0.242711
0.189434
0.141876
0.101127
0.0677636
0.0418235
0.0228368
0.00999694
0.00251159
0
0
0.00614043
0.0246112
0.0550897
0.0968203
0.14883
0.210157
0.279969
0.3575
0.441871
0.531913
0.626135
0.722855
0.820435
0.917497
1.013
1.10613
1.19617
1.28226
1.36341
1.43854
1.50654
1.56631
1.61671
1.65667
1.68542
1.70295
1.71047
1.71062
1.7073
1.70496
1.70766
1.71803
1.7367
1.76224
1.79184
1.82216
1.85026
1.87409
1.89279
1.90659
1.91665
1.92469
1.93249
1.94141
1.95182
1.96279
1.97197
1.97573
1.96976
1.94976
1.91244
1.85638
1.78278
1.69553
1.60091
1.50666
1.4208
1.35039
1.3005
1.27358
1.26912
1.28363
1.31098
1.34304
1.37079
1.3856
1.3808
1.35289
1.30225
1.23291
1.15158
1.06607
0.983528
0.909151
0.845586
0.793188
0.750802
0.716569
0.688384
0.663958
0.640746
0.616038
0.587308
0.552685
0.511319
0.463511
0.410559
0.35444
0.297441
0.241832
0.189652
0.142582
0.10188
0.0683195
0.0421207
0.0229398
0.0100118
0.00251034
0
0
0.0061523
0.024724
0.0555081
0.0978973
0.151091
0.214285
0.286729
0.3676
0.455785
0.549733
0.647499
0.74698
0.846269
0.943931
1.03906
1.13112
1.21959
1.30376
1.38272
1.45545
1.521
1.5784
1.6265
1.66379
1.68864
1.69994
1.69788
1.6846
1.66435
1.64286
1.62615
1.61912
1.62447
1.64246
1.6715
1.70909
1.75237
1.79832
1.84364
1.88491
1.91889
1.94308
1.95605
1.95735
1.94721
1.92601
1.89387
1.85053
1.79561
1.72909
1.65202
1.56689
1.47779
1.39005
1.30959
1.24202
1.19184
1.1619
1.15304
1.16404
1.19168
1.23084
1.27483
1.31593
1.3463
1.35924
1.35051
1.3194
1.26911
1.20604
1.13816
1.07271
1.01418
0.963532
0.918847
0.877094
0.835764
0.793746
0.751287
0.709307
0.668521
0.628795
0.589055
0.54772
0.503369
0.455287
0.403679
0.349585
0.294617
0.240651
0.189563
0.143048
0.102481
0.068801
0.0423955
0.0230438
0.010031
0.00251018
0
0
0.00616367
0.024833
0.0559142
0.0989411
0.153275
0.218268
0.293267
0.377444
0.469553
0.567789
0.669867
0.773329
0.875961
0.976117
1.07282
1.16556
1.25394
1.33739
1.4151
1.48621
1.54992
1.60543
1.65175
1.68745
1.71083
1.72059
1.71671
1.70117
1.67817
1.65352
1.63337
1.6228
1.62474
1.63997
1.66771
1.70634
1.75355
1.8059
1.85859
1.90577
1.94153
1.96117
1.96201
1.94365
1.90752
1.85623
1.79274
1.72
1.64088
1.55854
1.47675
1.39999
1.33301
1.28006
1.24402
1.22592
1.22497
1.23895
1.26469
1.29837
1.33566
1.37184
1.40194
1.42113
1.42522
1.41162
1.38018
1.33383
1.2784
1.22133
1.16941
1.12634
1.09152
1.06084
1.02886
0.991047
0.94518
0.891551
0.832457
0.771207
0.710984
0.653871
0.600367
0.549557
0.499807
0.449576
0.398002
0.345114
0.291729
0.23921
0.189176
0.14326
0.102905
0.0691842
0.0426319
0.0231415
0.0100526
0.00251094
0
0
0.00617436
0.0249364
0.0562986
0.099921
0.155304
0.221928
0.299237
0.386436
0.482234
0.584701
0.69135
0.799451
0.90646
1.01038
1.10992
1.20434
1.2932
1.376
1.45212
1.52086
1.58158
1.63366
1.67639
1.70887
1.73011
1.73958
1.73784
1.72706
1.71108
1.69481
1.68312
1.6798
1.68693
1.70508
1.7338
1.77194
1.81734
1.86623
1.91308
1.95126
1.97444
1.97803
1.96016
1.92187
1.86652
1.79887
1.7241
1.64717
1.57266
1.50498
1.44852
1.40748
1.38509
1.38263
1.39893
1.43045
1.47207
1.51796
1.56228
1.59972
1.62584
1.63731
1.63212
1.60972
1.57113
1.51905
1.45791
1.39359
1.33264
1.28069
1.24057
1.21108
1.1874
1.1629
1.13152
1.08927
1.03496
0.969961
0.897582
0.82208
0.747622
0.67734
0.612722
0.553564
0.498454
0.445559
0.393364
0.341114
0.288923
0.237633
0.188568
0.143253
0.10316
0.0694656
0.0428236
0.0232287
0.0100751
0.00251245
0
0
0.0061842
0.0250324
0.0566525
0.100808
0.157099
0.225093
0.304298
0.393963
0.492824
0.598947
0.709797
0.822512
0.934288
1.04274
1.14608
1.24309
1.33297
1.41503
1.48867
1.55326
1.60834
1.65358
1.68884
1.7142
1.72998
1.73705
1.73705
1.73253
1.72681
1.72344
1.72552
1.73512
1.7531
1.77932
1.81286
1.85204
1.89404
1.93462
1.96833
1.9894
1.99306
1.97679
1.94088
1.88839
1.82436
1.75478
1.6856
1.6221
1.56883
1.52981
1.50865
1.50808
1.52916
1.57037
1.6275
1.69411
1.76258
1.82511
1.87458
1.90522
1.91309
1.89647
1.85604
1.79495
1.71853
1.63375
1.54831
1.46953
1.40302
1.35144
1.31372
1.28541
1.26006
1.23102
1.19309
1.14339
1.0815
1.00925
0.929987
0.847852
0.76689
0.690285
0.619832
0.555793
0.497173
0.442304
0.389514
0.337656
0.286367
0.236083
0.187857
0.143098
0.103282
0.069657
0.0429721
0.0233042
0.0100976
0.00251457
0
0
0.00619304
0.0251191
0.0569681
0.101577
0.158596
0.227615
0.308151
0.399478
0.50039
0.609059
0.723063
0.839601
0.955795
1.06898
1.17686
1.27759
1.36962
1.4517
1.52274
1.58196
1.62894
1.66384
1.68746
1.70123
1.70722
1.70797
1.70639
1.70551
1.70819
1.71678
1.73279
1.75669
1.78792
1.82498
1.86554
1.90648
1.94386
1.97317
1.98992
1.9905
1.97304
1.93802
1.88827
1.8285
1.76441
1.70174
1.64556
1.59999
1.56838
1.55357
1.55792
1.58268
1.62725
1.68855
1.76108
1.83758
1.91006
1.97074
2.01289
2.03146
2.02357
1.98884
1.92957
1.85069
1.75929
1.66375
1.5724
1.49203
1.42661
1.37655
1.33889
1.30832
1.27868
1.24436
1.20133
1.14754
1.08301
1.0095
0.930021
0.848175
0.767463
0.690684
0.619521
0.554423
0.494759
0.439215
0.3863
0.334827
0.28424
0.234733
0.187175
0.14288
0.103317
0.0697806
0.0430849
0.0233691
0.0101199
0.00251716
0
0
0.00620075
0.0251952
0.057239
0.102209
0.159748
0.22939
0.310584
0.402571
0.504205
0.613828
0.729279
0.848032
0.96739
1.08465
1.1972
1.30251
1.39819
1.48195
1.55181
1.60635
1.64504
1.6685
1.67862
1.67848
1.67196
1.66336
1.65681
1.6559
1.66331
1.68056
1.70794
1.74444
1.7878
1.83466
1.88075
1.92131
1.95159
1.96752
1.96637
1.94736
1.91183
1.86309
1.80587
1.74543
1.68681
1.63423
1.59091
1.55919
1.54096
1.53776
1.5507
1.57988
1.62378
1.67898
1.7403
1.80148
1.85592
1.89754
1.92136
1.924
1.90401
1.86206
1.80104
1.72596
1.64339
1.56058
1.48418
1.41899
1.36705
1.32743
1.29675
1.27019
1.24265
1.20966
1.16804
1.11627
1.05453
0.984518
0.909042
0.831402
0.754736
0.681473
0.613023
0.549749
0.491163
0.436238
0.383777
0.332776
0.28272
0.233751
0.186652
0.142689
0.103321
0.0698642
0.0431732
0.0234259
0.0101419
0.0025201
0
0
0.00620725
0.0252595
0.0574608
0.102693
0.160529
0.230368
0.311492
0.403029
0.503851
0.612487
0.727134
0.845721
0.965985
1.08549
1.20159
1.31133
1.41147
1.49864
1.56972
1.62237
1.65563
1.67039
1.66946
1.65734
1.63957
1.6219
1.60957
1.60674
1.61612
1.6388
1.67407
1.71949
1.77099
1.82327
1.87046
1.90684
1.92777
1.93043
1.91429
1.88121
1.83502
1.78072
1.72359
1.66833
1.61859
1.57684
1.54461
1.52279
1.51193
1.5123
1.52373
1.54531
1.5751
1.61001
1.64602
1.67864
1.70347
1.71674
1.71572
1.69904
1.66681
1.62072
1.56395
1.50097
1.43696
1.377
1.32518
1.28381
1.25302
1.23095
1.21424
1.19872
1.18011
1.15465
1.11956
1.07352
1.01687
0.951542
0.880635
0.807684
0.735857
0.667353
0.603187
0.543355
0.487202
0.433793
0.382196
0.331693
0.281976
0.233277
0.186403
0.142608
0.103346
0.0699378
0.04325
0.0234784
0.0101637
0.00252328
0
0
0.00621246
0.0253113
0.057631
0.103024
0.16094
0.230557
0.310896
0.400874
0.499299
0.604859
0.716131
0.831604
0.949639
1.06834
1.18535
1.29766
1.40153
1.49276
1.56724
1.62169
1.65459
1.66671
1.66133
1.64375
1.62051
1.59828
1.58303
1.57938
1.5902
1.61631
1.65619
1.70607
1.76037
1.81248
1.85584
1.88499
1.89641
1.88902
1.86428
1.82573
1.77824
1.727
1.67676
1.63125
1.59308
1.56371
1.54366
1.53268
1.53
1.53448
1.54474
1.55912
1.57556
1.59155
1.60428
1.61089
1.60885
1.59622
1.57195
1.5361
1.48997
1.43615
1.37831
1.32081
1.26797
1.22333
1.18898
1.16524
1.1508
1.14304
1.13855
1.13344
1.12374
1.10583
1.07693
1.03575
0.982829
0.920599
0.852788
0.78347
0.71601
0.65236
0.592967
0.537216
0.484067
0.432531
0.381893
0.331764
0.28213
0.233415
0.186514
0.142706
0.103442
0.0700305
0.0433286
0.0235303
0.0101856
0.00252659
0
0
0.00621636
0.0253502
0.0577493
0.103208
0.161004
0.230025
0.308943
0.396363
0.490937
0.591429
0.696762
0.805991
0.91819
1.03219
1.14624
1.25767
1.36277
1.45706
1.53587
1.59533
1.63334
1.65028
1.64922
1.63544
1.61554
1.5963
1.58386
1.58302
1.59674
1.6256
1.66747
1.71766
1.76973
1.81681
1.85284
1.87366
1.87746
1.8649
1.83862
1.8026
1.76135
1.71928
1.68028
1.64747
1.62302
1.60793
1.60186
1.60333
1.6102
1.62023
1.63142
1.64201
1.65029
1.65442
1.65247
1.64268
1.62361
1.59439
1.55483
1.50556
1.44827
1.3858
1.32199
1.26123
1.20764
1.16422
1.13231
1.1115
1.09995
1.09486
1.09291
1.09038
1.08339
1.06818
1.0418
1.00279
0.95181
0.891648
0.826508
0.76081
0.697905
0.639316
0.584811
0.533134
0.482881
0.433038
0.383122
0.333087
0.283234
0.234213
0.187039
0.143035
0.10365
0.0701685
0.0434214
0.0235852
0.0102078
0.00252992
0
0
0.00621897
0.0253763
0.0578175
0.103256
0.160761
0.228887
0.305886
0.389969
0.479534
0.573329
0.670531
0.770706
0.873627
0.978938
1.08571
1.19201
1.29473
1.3897
1.47237
1.53871
1.5862
1.61462
1.62627
1.62553
1.6181
1.61005
1.60704
1.61362
1.63259
1.66427
1.70614
1.75321
1.79916
1.83786
1.86469
1.87733
1.87577
1.86186
1.83859
1.80942
1.77783
1.7471
1.7203
1.70007
1.68814
1.68483
1.68876
1.69732
1.70755
1.71705
1.72431
1.7285
1.72892
1.72457
1.71411
1.69616
1.6696
1.63382
1.58881
1.53522
1.47451
1.40908
1.34229
1.27799
1.21992
1.17093
1.13242
1.10429
1.08519
1.07293
1.06477
1.05748
1.04743
1.03088
1.00468
0.967129
0.918713
0.862123
0.801497
0.741059
0.683758
0.630549
0.580637
0.532401
0.484339
0.435578
0.385911
0.335604
0.285236
0.235656
0.187997
0.14363
0.104002
0.0703736
0.0435389
0.023646
0.0102304
0.00253316
0
0
0.00622033
0.0253901
0.0578388
0.103183
0.16027
0.227293
0.302053
0.382314
0.466149
0.5522
0.639801
0.728932
0.819996
0.913441
1.00928
1.10659
1.20329
1.29613
1.38122
1.45482
1.51423
1.55851
1.58875
1.60785
1.61996
1.62976
1.64185
1.66004
1.68654
1.72126
1.76159
1.80291
1.83986
1.86786
1.8842
1.8884
1.88193
1.86735
1.84748
1.82491
1.80192
1.78063
1.76313
1.75123
1.74581
1.7462
1.75013
1.75442
1.75622
1.754
1.74783
1.73875
1.72778
1.71514
1.69999
1.68078
1.65582
1.62379
1.58393
1.53622
1.4814
1.42115
1.35802
1.29519
1.23596
1.18312
1.13842
1.10242
1.07459
1.0536
1.03751
1.02382
1.00945
0.990989
0.965316
0.930545
0.886754
0.836088
0.782036
0.728129
0.676674
0.628164
0.581612
0.535462
0.488432
0.439922
0.389979
0.339082
0.287987
0.237676
0.189375
0.144505
0.10452
0.0706623
0.0436893
0.0237151
0.0102535
0.00253621
0
0
0.00622053
0.0253923
0.057818
0.10301
0.159593
0.225408
0.297807
0.374096
0.451989
0.529968
0.60745
0.684742
0.762788
0.842775
0.925639
1.01159
1.09976
1.18816
1.27393
1.35392
1.42547
1.48693
1.53813
1.58028
1.61572
1.64745
1.67854
1.71147
1.74739
1.78559
1.8235
1.85732
1.88324
1.89856
1.90252
1.89631
1.88251
1.86416
1.84391
1.82369
1.80482
1.78834
1.77525
1.76622
1.76099
1.75796
1.75426
1.74672
1.7332
1.71349
1.68948
1.66425
1.6407
1.62037
1.6029
1.5864
1.56819
1.54568
1.51685
1.4806
1.43685
1.38661
1.33191
1.27555
1.22066
1.17003
1.12568
1.08856
1.05858
1.03485
1.01587
0.999605
0.983513
0.964707
0.940442
0.908889
0.869806
0.824694
0.776224
0.72716
0.679303
0.63302
0.587526
0.541619
0.494356
0.445355
0.394775
0.343147
0.291263
0.240162
0.191136
0.145659
0.105216
0.0710451
0.0438778
0.0237936
0.0102769
0.00253897
0
0
0.00621968
0.0253841
0.0577606
0.102758
0.158795
0.223392
0.293497
0.365992
0.438244
0.508562
0.576417
0.642395
0.707915
0.7748
0.844788
0.919078
0.99797
1.08069
1.16551
1.25005
1.33184
1.40887
1.47995
1.54487
1.60431
1.65946
1.71155
1.76126
1.80824
1.85092
1.88673
1.91283
1.92693
1.92817
1.91748
1.89746
1.87169
1.84378
1.81666
1.7922
1.77138
1.7547
1.74236
1.734
1.72835
1.72299
1.71466
1.70033
1.67832
1.64911
1.61535
1.58095
1.54967
1.52381
1.50356
1.48716
1.47172
1.45412
1.43178
1.40305
1.36743
1.32565
1.27956
1.23181
1.18537
1.14292
1.10636
1.0765
1.05309
1.03499
1.02043
1.00723
0.992923
0.974976
0.951148
0.920049
0.881614
0.837204
0.789155
0.739918
0.691198
0.643534
0.596474
0.549131
0.500728
0.450882
0.399633
0.347375
0.294815
0.242983
0.19322
0.147075
0.10609
0.0715258
0.0441069
0.0238821
0.0103003
0.00254137
0
0
0.00621794
0.0253667
0.0576726
0.102446
0.157931
0.221384
0.289421
0.358574
0.425923
0.489632
0.549231
0.605574
0.66051
0.716385
0.775526
0.839805
0.910317
0.98722
1.06973
1.15631
1.24501
1.33387
1.42128
1.5061
1.58762
1.6653
1.73835
1.80548
1.86469
1.91345
1.94907
1.96933
1.97307
1.96072
1.93448
1.89802
1.85589
1.81261
1.77193
1.73654
1.70807
1.68739
1.6746
1.66894
1.66848
1.67019
1.67043
1.66584
1.65421
1.63509
1.60983
1.58103
1.55157
1.52368
1.49828
1.4749
1.45204
1.42779
1.40042
1.36881
1.33277
1.29312
1.25162
1.21069
1.17291
1.1405
1.11481
1.09613
1.0836
1.07538
1.06892
1.0613
1.04957
1.03111
1.00409
0.96788
0.923228
0.872202
0.817628
0.762289
0.708153
0.655993
0.605521
0.55587
0.506111
0.455576
0.403972
0.35141
0.298427
0.246012
0.195561
0.148722
0.107129
0.072101
0.0443757
0.0239802
0.0103236
0.00254332
0
0
0.00621546
0.0253418
0.0575602
0.102095
0.15705
0.219488
0.28579
0.352243
0.415726
0.474316
0.527622
0.576754
0.623936
0.67191
0.723335
0.780352
0.844377
0.916048
0.995281
1.08138
1.17319
1.26931
1.36821
1.46825
1.56765
1.66426
1.75552
1.83841
1.90963
1.96586
2.00419
2.02255
2.0202
1.99811
1.95902
1.90728
1.84823
1.78746
1.73009
1.68033
1.64134
1.6151
1.60237
1.60246
1.61327
1.6315
1.65314
1.67401
1.6903
1.69911
1.69882
1.68917
1.67109
1.6462
1.61627
1.58271
1.54638
1.50768
1.46678
1.42398
1.37996
1.33594
1.29368
1.25521
1.2225
1.19704
1.1795
1.16947
1.16538
1.16458
1.1636
1.15856
1.14577
1.12234
1.08679
1.03936
0.982072
0.918302
0.851956
0.786542
0.724402
0.666389
0.612072
0.560269
0.50961
0.458936
0.407498
0.355056
0.301955
0.249142
0.198084
0.150552
0.108309
0.0727598
0.0446803
0.0240868
0.0103464
0.0025448
0
0
0.00621242
0.0253109
0.0574296
0.101719
0.156183
0.217765
0.282715
0.347192
0.407979
0.463127
0.512332
0.556911
0.599363
0.642662
0.689559
0.742148
0.801784
0.869223
0.944814
1.0286
1.12031
1.21926
1.3242
1.43325
1.54379
1.65256
1.75582
1.84963
1.93009
1.99357
2.03702
2.05823
2.05627
2.03185
1.98756
1.92781
1.8584
1.78585
1.71667
1.65669
1.61052
1.58115
1.56975
1.57578
1.59732
1.63137
1.67398
1.7203
1.76482
1.80203
1.8273
1.83771
1.83247
1.81272
1.78093
1.74009
1.69308
1.6423
1.5897
1.53692
1.4855
1.43707
1.3933
1.3558
1.32592
1.30442
1.29133
1.28561
1.28508
1.28639
1.28532
1.27727
1.25804
1.22463
1.17601
1.11342
1.04027
0.961344
0.881725
0.805632
0.735628
0.6724
0.615109
0.562043
0.511269
0.461086
0.410288
0.358314
0.30534
0.252287
0.200706
0.152506
0.109592
0.073484
0.0450138
0.0241999
0.0103685
0.00254579
0
0
0
0
0
0
0
0
0
0
0
0
0
0
0
0
0
0
0
0
0
0
0
6.71376e-07
0
0
7.07338e-07
0
0
0
0
0
9.02663e-07
0
0
7.27487e-07
4.65665e-07
0
0
0
6.26489e-07
5.42781e-07
0
0
0
4.54639e-07
1.53705e-07
0
0
0
2.91782e-07
6.71258e-07
3.83697e-07
3.08969e-07
2.43297e-07
5.52577e-07
0
4.3354e-07
0
0
0
0
0
5.85583e-07
3.10199e-07
0
0
5.23392e-07
0
0
0
0
0
0
0
5.88228e-07
0
0
0
0
0
0
0
0
0
0
0
0
0
0
0
0
0
0
0
0
0
0
0
0
0
