NUMBER_OF_POINTS=10000
DIMENSION=1
TYPE=Scalar
0
0.00421549
0.0166229
0.0363879
0.06218
0.0924549
0.125779
0.161084
0.197793
0.235808
0.275438
0.317285
0.362121
0.410694
0.463439
0.520139
0.57964
0.639783
0.697672
0.750248
0.795005
0.830583
0.857028
0.87565
0.888559
0.898074
0.906186
0.91417
0.922385
0.930245
0.936328
0.938621
0.934906
0.923271
0.902645
0.873187
0.836339
0.794495
0.750387
0.706435
0.664299
0.624769
0.587948
0.553587
0.521385
0.491146
0.462781
0.436249
0.411528
0.388684
0.367974
0.349888
0.335045
0.323949
0.316714
0.312891
0.311489
0.311203
0.310725
0.309048
0.30565
0.300566
0.294333
0.287876
0.282333
0.278855
0.278404
0.281594
0.288615
0.299252
0.312973
0.329052
0.346653
0.364857
0.382632
0.398819
0.412217
0.421777
0.426835
0.427287
0.423614
0.416756
0.40785
0.397893
0.38737
0.375987
0.362622
0.345596
0.323228
0.294466
0.259367
0.219244
0.17645
0.133898
0.0944797
0.0605777
0.033769
0.0147746
0.00362918
0
0
0.00420148
0.0164901
0.035908
0.0610555
0.090427
0.122743
0.157165
0.193363
0.231461
0.271935
0.315495
0.362936
0.414884
0.471441
0.531805
0.594062
0.655317
0.712217
0.761756
0.802068
0.832917
0.855698
0.873004
0.887913
0.903244
0.920948
0.941726
0.964885
0.988403
1.00916
1.0234
1.02736
1.01817
0.994685
0.957928
0.911014
0.85838
0.804688
0.753762
0.707935
0.667952
0.633325
0.602893
0.575329
0.549456
0.524335
0.499264
0.47378
0.447754
0.421507
0.395867
0.372049
0.351363
0.334847
0.322959
0.315457
0.311484
0.309822
0.309189
0.308507
0.307063
0.304593
0.301276
0.297672
0.294604
0.293013
0.293795
0.297675
0.305112
0.316262
0.330956
0.348688
0.368589
0.389415
0.4096
0.427399
0.441143
0.449532
0.451894
0.448319
0.439633
0.427181
0.412461
0.396665
0.380253
0.362734
0.342812
0.318884
0.289723
0.25505
0.215801
0.174
0.132336
0.0935945
0.0601425
0.0335942
0.0147255
0.0036234
0
0
0.00418926
0.0163765
0.035509
0.0601504
0.0888593
0.120514
0.154484
0.190638
0.229251
0.270892
0.316309
0.366262
0.421226
0.48099
0.544274
0.608625
0.670758
0.727315
0.775817
0.815412
0.847135
0.873584
0.898167
0.924204
0.954126
0.988952
1.02807
1.06931
1.10909
1.14276
1.16512
1.17132
1.15805
1.12456
1.0733
1.0095
0.94006
0.871848
0.810244
0.758253
0.716427
0.683409
0.656765
0.633762
0.611898
0.589151
0.56405
0.535713
0.50392
0.469217
0.432936
0.397041
0.363792
0.335297
0.313079
0.297798
0.289169
0.286117
0.287066
0.290285
0.294182
0.297524
0.299559
0.300072
0.299355
0.298141
0.297474
0.298559
0.302597
0.3106
0.32322
0.340573
0.362108
0.386544
0.411933
0.435866
0.455832
0.469645
0.475854
0.474019
0.46478
0.449669
0.4307
0.409797
0.38822
0.366176
0.342829
0.316744
0.286599
0.251846
0.213077
0.171992
0.131034
0.0928557
0.0597828
0.0334523
0.0146865
0.00361894
0
0
0.00417896
0.0162837
0.0351947
0.0594682
0.0877409
0.119038
0.152899
0.189334
0.228703
0.271602
0.318753
0.370838
0.428177
0.490303
0.555628
0.621466
0.684551
0.74196
0.792075
0.835168
0.87334
0.909863
0.948182
0.990936
1.03926
1.09249
1.14833
1.2031
1.25202
1.28958
1.30999
1.30825
1.28143
1.22989
1.15778
1.07246
0.982976
0.89794
0.8238
0.76384
0.718189
0.684561
0.659312
0.638433
0.618267
0.595886
0.56924
0.537197
0.499586
0.457239
0.411954
0.366308
0.323287
0.285813
0.256251
0.235992
0.225208
0.222866
0.227027
0.235333
0.245455
0.255407
0.263743
0.269647
0.272968
0.2742
0.274406
0.275093
0.278021
0.284953
0.297345
0.316015
0.340845
0.370604
0.402984
0.434879
0.462876
0.483855
0.495568
0.497044
0.488722
0.472279
0.450175
0.424993
0.39874
0.372314
0.345387
0.31678
0.285183
0.249878
0.21118
0.170497
0.13003
0.0922755
0.0594994
0.0333411
0.0146561
0.00361555
0
0
0.00417062
0.0162119
0.0349652
0.0590026
0.0870424
0.118233
0.152235
0.189139
0.229331
0.27338
0.321942
0.375591
0.434498
0.498028
0.56448
0.631231
0.695387
0.754741
0.808628
0.858243
0.906256
0.955879
1.00975
1.06899
1.1328
1.19853
1.26222
1.31916
1.36418
1.39192
1.39732
1.37649
1.32798
1.25384
1.15994
1.05511
0.949418
0.851949
0.769083
0.703616
0.654958
0.620027
0.594412
0.573427
0.552882
0.52951
0.501145
0.466745
0.426374
0.38114
0.333073
0.284902
0.239723
0.200606
0.170205
0.15032
0.141376
0.1421
0.149945
0.162022
0.175759
0.189144
0.20077
0.209839
0.216168
0.220178
0.222882
0.225817
0.230915
0.240258
0.25572
0.278524
0.308811
0.345366
0.385618
0.425954
0.462299
0.490838
0.508703
0.514475
0.508373
0.492108
0.46841
0.44033
0.410457
0.380294
0.35002
0.318796
0.285443
0.24919
0.210175
0.169568
0.129352
0.0918645
0.0592924
0.033258
0.014633
0.00361293
0
0
0.00416419
0.0161607
0.0348171
0.058739
0.0867206
0.117999
0.152302
0.189744
0.230688
0.275642
0.325174
0.379747
0.439417
0.503475
0.570278
0.637484
0.702756
0.764648
0.823265
0.880291
0.938344
0.999878
1.06608
1.13615
1.20723
1.27492
1.3342
1.3801
1.40807
1.41411
1.39511
1.34952
1.27822
1.18522
1.07758
0.964411
0.855141
0.757623
0.676771
0.614074
0.567999
0.534949
0.510351
0.489612
0.4688
0.44503
0.416616
0.383035
0.344786
0.303185
0.260131
0.217864
0.178738
0.145036
0.118849
0.101871
0.0947611
0.0963098
0.103754
0.114159
0.125283
0.135668
0.144509
0.151532
0.156914
0.161251
0.165541
0.171166
0.179832
0.193403
0.213598
0.241568
0.277452
0.32004
0.366713
0.413706
0.456679
0.49147
0.514833
0.524999
0.521926
0.507188
0.483539
0.454214
0.422141
0.389256
0.3562
0.322518
0.287276
0.249779
0.210097
0.169244
0.129024
0.091631
0.0591613
0.0332003
0.0146154
0.00361079
0
0
0.00415957
0.0161289
0.034744
0.0586567
0.0867242
0.118233
0.152922
0.190877
0.232405
0.277943
0.327978
0.382895
0.442693
0.506686
0.573404
0.640881
0.70732
0.77185
0.834954
0.898275
0.96381
1.03281
1.10481
1.17725
1.24571
1.30489
1.34957
1.37547
1.37953
1.36002
1.31658
1.25053
1.1653
1.06646
0.961295
0.857726
0.762881
0.681858
0.617039
0.568099
0.532593
0.506807
0.486621
0.468223
0.448628
0.425972
0.399595
0.369891
0.337977
0.305281
0.273178
0.242783
0.214901
0.190074
0.168637
0.150741
0.136374
0.125415
0.117728
0.113216
0.111709
0.112742
0.115459
0.118874
0.122334
0.125872
0.130289
0.136982
0.14767
0.164076
0.187626
0.21914
0.258509
0.304437
0.354349
0.404591
0.45092
0.489195
0.516084
0.52963
0.52953
0.517077
0.494786
0.465765
0.432971
0.398548
0.363477
0.327689
0.290572
0.251625
0.210966
0.16955
0.129063
0.0915801
0.0591043
0.0331649
0.0146017
0.00360883
0
0
0.00415658
0.0161144
0.0347371
0.0587304
0.086998
0.118833
0.153935
0.192319
0.234215
0.28
0.330129
0.384971
0.444556
0.508312
0.574998
0.64299
0.710855
0.777944
0.844645
0.912057
0.981185
1.05198
1.12264
1.18951
1.24763
1.2918
1.31764
1.3223
1.30475
1.26576
1.2077
1.13448
1.05134
0.964403
0.879938
0.803385
0.738499
0.686895
0.648106
0.620062
0.599764
0.583909
0.569408
0.553771
0.535438
0.513996
0.490185
0.465577
0.441962
0.420646
0.40197
0.385268
0.369212
0.352298
0.333208
0.310971
0.285016
0.25529
0.222492
0.188389
0.155996
0.129329
0.112097
0.105196
0.105758
0.110083
0.116555
0.125827
0.139649
0.159701
0.186967
0.221604
0.262959
0.309525
0.358904
0.407915
0.452923
0.490342
0.517212
0.531677
0.533261
0.522879
0.502559
0.474951
0.442702
0.407875
0.371611
0.33416
0.295268
0.25472
0.2128
0.170504
0.129479
0.0917127
0.0591181
0.0331481
0.0145901
0.00360673
0
0
0.00415501
0.0161148
0.034786
0.0589324
0.0874865
0.119711
0.155218
0.193917
0.23596
0.281698
0.331618
0.386178
0.445544
0.509338
0.576558
0.645807
0.715749
0.785562
0.855086
0.924511
0.993717
1.06158
1.12556
1.18185
1.22605
1.25407
1.26309
1.25213
1.2222
1.17611
1.11818
1.05371
0.988391
0.927537
0.875275
0.83391
0.803694
0.783091
0.769437
0.759698
0.751071
0.74128
0.728689
0.712397
0.69243
0.669922
0.647036
0.626437
0.610346
0.599576
0.593069
0.588188
0.581555
0.569956
0.550915
0.522917
0.485417
0.438872
0.384865
0.326267
0.267228
0.212878
0.168655
0.138999
0.125203
0.124411
0.13247
0.147081
0.167752
0.194475
0.226938
0.264359
0.305537
0.348892
0.3925
0.434136
0.471402
0.501929
0.523673
0.535225
0.536052
0.526586
0.508117
0.482493
0.451695
0.417393
0.380663
0.341962
0.301389
0.259088
0.215613
0.172114
0.130271
0.0920237
0.0591964
0.0331457
0.0145788
0.00360419
0
0
0.00415456
0.0161269
0.0348786
0.0592337
0.0881375
0.12079
0.15668
0.195589
0.237593
0.283063
0.332606
0.386877
0.446296
0.510753
0.57948
0.651174
0.724341
0.797649
0.870059
0.940646
1.00819
1.07083
1.12591
1.17028
1.20091
1.21551
1.21324
1.19496
1.16325
1.12211
1.07643
1.03138
0.991569
0.960335
0.939124
0.927312
0.922526
0.921391
0.920465
0.91699
0.90922
0.896359
0.878346
0.855758
0.829944
0.803196
0.778611
0.75942
0.747849
0.744048
0.745737
0.748825
0.748596
0.740831
0.722474
0.691832
0.648556
0.593619
0.529384
0.459621
0.389315
0.324143
0.269661
0.230261
0.207995
0.201913
0.208985
0.225988
0.250489
0.280664
0.314832
0.351212
0.387946
0.42327
0.455702
0.48412
0.507692
0.525722
0.53753
0.542465
0.540049
0.530155
0.513116
0.489694
0.4609
0.427746
0.391038
0.351331
0.309058
0.264779
0.219419
0.174373
0.131425
0.0925002
0.0593301
0.0331525
0.0145657
0.00360093
0
0
0.00415493
0.0161476
0.0350027
0.0596057
0.0889032
0.12201
0.158269
0.197317
0.239163
0.284243
0.333357
0.387469
0.447362
0.513277
0.584684
0.660302
0.738329
0.816728
0.893411
0.966236
1.03292
1.09103
1.13812
1.1721
1.19165
1.19658
1.18803
1.16845
1.14137
1.11092
1.08137
1.0564
1.03854
1.02871
1.02597
1.02784
1.03089
1.03166
1.02748
1.0169
0.999752
0.976721
0.949009
0.918139
0.886059
0.855297
0.828842
0.809533
0.799037
0.796922
0.800445
0.805269
0.806686
0.800681
0.784487
0.756675
0.717077
0.666764
0.608121
0.54484
0.481659
0.423769
0.375974
0.341776
0.322631
0.317802
0.325069
0.341797
0.365562
0.394133
0.42522
0.456381
0.485215
0.509759
0.528851
0.542272
0.550568
0.554617
0.555137
0.552342
0.545907
0.535174
0.519476
0.49839
0.471835
0.440041
0.403453
0.362667
0.318454
0.271842
0.224201
0.177244
0.132908
0.093119
0.0595057
0.0331621
0.014549
0.00359668
0
0
0.00415581
0.0161734
0.0351458
0.0600209
0.0897419
0.123329
0.159966
0.199139
0.240798
0.285464
0.334187
0.388316
0.449086
0.517176
0.592362
0.67342
0.758243
0.844074
0.927728
1.00577
1.07473
1.13148
1.17365
1.20009
1.21111
1.2085
1.19525
1.17514
1.15213
1.1299
1.11135
1.09821
1.0908
1.08804
1.08766
1.0868
1.08264
1.0731
1.05727
1.03543
1.00875
0.97884
0.947348
0.915805
0.885684
0.858494
0.835717
0.818502
0.807161
0.800769
0.797174
0.793548
0.787183
0.776082
0.759105
0.735797
0.70619
0.670829
0.63097
0.588748
0.547085
0.509259
0.478259
0.456154
0.443736
0.440623
0.445751
0.457861
0.475622
0.497415
0.521088
0.544022
0.563568
0.577674
0.585393
0.587051
0.583995
0.578028
0.57072
0.56285
0.554185
0.543647
0.529742
0.511037
0.48651
0.455712
0.418785
0.376409
0.329725
0.280266
0.229887
0.180652
0.134663
0.0938447
0.0597052
0.0331674
0.0145265
0.0035912
0
0
0.00415687
0.016201
0.0352957
0.0604537
0.0906172
0.124714
0.161773
0.20113
0.242671
0.286998
0.335417
0.389683
0.451544
0.522202
0.601861
0.689502
0.782875
0.878627
0.972505
1.05967
1.13523
1.19494
1.23604
1.25784
1.26192
1.25175
1.232
1.20759
1.18288
1.16103
1.1437
1.131
1.12175
1.11388
1.10505
1.09328
1.07746
1.0576
1.03469
1.01035
0.98631
0.963967
0.944185
0.927311
0.913255
0.901533
0.891241
0.881054
0.86936
0.854587
0.835669
0.812497
0.786125
0.75851
0.731823
0.707643
0.686459
0.667729
0.65041
0.633589
0.616895
0.600544
0.585128
0.57136
0.55993
0.551559
0.547074
0.547309
0.552714
0.562849
0.576115
0.589971
0.601617
0.608846
0.610664
0.60745
0.60064
0.59211
0.583478
0.57552
0.567883
0.559183
0.547434
0.530611
0.507136
0.476182
0.437792
0.392834
0.342859
0.289911
0.236315
0.184462
0.136602
0.0946283
0.0599059
0.0331598
0.0144962
0.0035843
0
0
0.00415781
0.0162272
0.0354411
0.0608808
0.0914975
0.126144
0.163709
0.203385
0.244976
0.289126
0.337339
0.391735
0.454567
0.527626
0.61169
0.70616
0.808894
0.916163
1.02277
1.12243
1.20856
1.27545
1.31941
1.33967
1.3385
1.32065
1.29222
1.25927
1.22672
1.19763
1.17306
1.15244
1.13409
1.11603
1.09667
1.07545
1.05313
1.03161
1.01336
1.00056
0.994488
0.995077
1.00108
1.01045
1.02075
1.02937
1.03348
1.03019
1.01688
0.991947
0.955577
0.910205
0.860398
0.812005
0.770736
0.740611
0.722875
0.715858
0.715798
0.718128
0.71866
0.714339
0.703583
0.686346
0.664032
0.639292
0.615601
0.596521
0.584735
0.581174
0.584697
0.592541
0.60135
0.608309
0.611885
0.611966
0.609462
0.605676
0.601671
0.59779
0.593418
0.587042
0.576594
0.559962
0.535494
0.502367
0.460759
0.411837
0.35757
0.300455
0.24321
0.188482
0.138605
0.0954076
0.0600804
0.0331302
0.014456
0.00357581
0
0
0.00415834
0.016249
0.035572
0.0612813
0.0923549
0.127599
0.165792
0.205992
0.247892
0.292101
0.340203
0.394557
0.457838
0.532426
0.619787
0.719964
0.831211
0.949737
1.06968
1.1835
1.28301
1.36085
1.4121
1.43534
1.43295
1.41036
1.37463
1.33278
1.29043
1.25101
1.21582
1.18451
1.15584
1.12844
1.10162
1.07585
1.05306
1.03621
1.02847
1.03202
1.04712
1.07173
1.10191
1.13282
1.15966
1.17833
1.18557
1.17894
1.15697
1.11973
1.06933
1.01027
0.949052
0.893184
0.849525
0.822567
0.813125
0.818063
0.831215
0.845074
0.852543
0.848296
0.829578
0.796496
0.75192
0.701034
0.650542
0.6074
0.577147
0.562298
0.561662
0.57118
0.585761
0.601031
0.614272
0.624454
0.631694
0.636546
0.639427
0.640263
0.638322
0.632247
0.620291
0.600702
0.572164
0.534165
0.4872
0.432778
0.373225
0.31137
0.250185
0.192457
0.140527
0.0961096
0.0601985
0.0330689
0.014404
0.00356562
0
0
0.00415824
0.0162641
0.0356796
0.0616368
0.0931638
0.129059
0.168031
0.209015
0.25156
0.296131
0.344221
0.398226
0.461069
0.535637
0.624122
0.727388
0.844393
0.971712
1.10333
1.231
1.34537
1.43768
1.50164
1.53473
1.53866
1.51866
1.482
1.43617
1.38736
1.3397
1.29527
1.25461
1.21739
1.18298
1.15106
1.1222
1.09813
1.0816
1.07555
1.08194
1.10051
1.12827
1.15985
1.18881
1.20918
1.2166
1.20876
1.18533
1.1477
1.09875
1.04289
0.985858
0.934279
0.89469
0.872194
0.86902
0.883547
0.910309
0.941072
0.96659
0.978473
0.970719
0.940677
0.889385
0.82137
0.744088
0.667079
0.600713
0.554183
0.532662
0.535107
0.555095
0.584305
0.615656
0.644559
0.668735
0.687429
0.700607
0.708383
0.710695
0.707134
0.696909
0.678958
0.652216
0.615966
0.570183
0.515746
0.454456
0.388862
0.321946
0.25676
0.196093
0.142204
0.0966552
0.0602281
0.0329661
0.0143386
0.00355371
0
0
0.00415732
0.0162706
0.0357569
0.0619318
0.0939001
0.130499
0.170414
0.212483
0.256068
0.30137
0.34959
0.402908
0.46425
0.536833
0.623535
0.726161
0.844682
0.97655
1.1163
1.25578
1.38521
1.49488
1.57714
1.6279
1.64732
1.63938
1.61057
1.56818
1.51878
1.4673
1.41696
1.36956
1.32581
1.28572
1.24885
1.2149
1.18406
1.1573
1.13606
1.12164
1.11415
1.11182
1.1109
1.1064
1.09364
1.06956
1.03357
0.987578
0.935481
0.882422
0.834082
0.796059
0.773267
0.769246
0.785338
0.819972
0.868399
0.923137
0.97505
1.01482
1.03453
1.02899
0.996604
0.939501
0.863183
0.775865
0.687823
0.61074
0.55637
0.533282
0.542418
0.576252
0.623406
0.673658
0.719936
0.758165
0.78646
0.80431
0.811962
0.809955
0.798783
0.778675
0.749577
0.711313
0.663887
0.607798
0.544256
0.475226
0.403288
0.331368
0.262413
0.199079
0.14347
0.0969651
0.0601384
0.0328134
0.0142586
0.00354008
0
0
0.00415547
0.0162671
0.0357988
0.0621536
0.0945409
0.131886
0.172909
0.216379
0.261444
0.307926
0.356536
0.408972
0.46788
0.536579
0.618517
0.716494
0.831754
0.963112
1.10635
1.25421
1.39721
1.52514
1.62903
1.70276
1.74417
1.75505
1.74034
1.70666
1.66084
1.60883
1.55527
1.5034
1.45513
1.41111
1.37078
1.33269
1.29498
1.25581
1.21384
1.16838
1.11936
1.06695
1.01123
0.95201
0.889159
0.823264
0.756239
0.691545
0.633846
0.58826
0.559436
0.550718
0.563542
0.597131
0.648488
0.712672
0.783238
0.852818
0.913817
0.959279
0.983857
0.984687
0.961833
0.918139
0.858649
0.790022
0.720331
0.65921
0.617458
0.604461
0.623402
0.668715
0.729186
0.793107
0.851262
0.897619
0.929006
0.944507
0.944795
0.931424
0.90618
0.870599
0.825785
0.772494
0.711418
0.64349
0.570111
0.493227
0.415239
0.338818
0.266641
0.201125
0.144171
0.0969682
0.0599024
0.0326036
0.0141634
0.00352486
0
0
0.00415264
0.016253
0.0358022
0.0622932
0.0950653
0.133184
0.175463
0.220647
0.267665
0.315881
0.365351
0.41706
0.473107
0.536669
0.611599
0.701661
0.809498
0.935578
1.07736
1.229
1.38177
1.52529
1.64931
1.7455
1.80899
1.83902
1.83865
1.81377
1.77159
1.71933
1.6633
1.6084
1.558
1.51374
1.4755
1.44138
1.40794
1.37081
1.32556
1.26877
1.19879
1.11602
1.02267
0.922182
0.818719
0.716911
0.621889
0.539315
0.475111
0.434607
0.421063
0.434258
0.470415
0.523479
0.586485
0.652452
0.715025
0.768989
0.81062
0.83788
0.850509
0.849971
0.839046
0.821058
0.799078
0.775762
0.754097
0.73855
0.735368
0.750829
0.787821
0.843422
0.909705
0.976728
1.03532
1.07869
1.10293
1.10699
1.09211
1.06092
1.0165
0.96164
0.898493
0.828594
0.753149
0.673349
0.590609
0.506668
0.423576
0.343596
0.269031
0.201999
0.144185
0.096609
0.0595002
0.0323324
0.0140529
0.00350821
0
0
0.00414884
0.0162285
0.0357667
0.0623456
0.0954559
0.13435
0.178002
0.225194
0.274662
0.32529
0.376383
0.428055
0.48165
0.539975
0.607095
0.687593
0.785426
0.902671
1.03847
1.18844
1.34477
1.49714
1.63426
1.74592
1.82482
1.86785
1.87642
1.85577
1.81362
1.75852
1.69858
1.64064
1.58984
1.54947
1.52063
1.50193
1.48937
1.47682
1.45729
1.42462
1.37504
1.30786
1.22522
1.13115
1.03055
0.928502
0.830137
0.740772
0.665955
0.611053
0.580142
0.574365
0.590759
0.622708
0.661734
0.699423
0.728859
0.745583
0.748193
0.73856
0.721612
0.70452
0.695014
0.698906
0.717962
0.7498
0.790061
0.83524
0.884301
0.938287
0.99833
1.06346
1.12967
1.19059
1.23921
1.26958
1.2781
1.26405
1.22926
1.17729
1.11226
1.03789
0.957057
0.871794
0.783588
0.693701
0.603408
0.514128
0.42747
0.345233
0.26932
0.201558
0.14344
0.0958549
0.0589212
0.0319988
0.0139282
0.00349041
0
0
0.00414417
0.0161943
0.035694
0.0623108
0.0957015
0.135346
0.180446
0.229897
0.282318
0.336152
0.38995
0.442888
0.495426
0.54981
0.610084
0.68139
0.768687
0.875276
1.00156
1.14432
1.2966
1.4484
1.58807
1.70433
1.78832
1.83528
1.84534
1.82312
1.77656
1.71524
1.64883
1.58607
1.53425
1.49876
1.48266
1.48592
1.50491
1.53264
1.56019
1.57885
1.58224
1.56745
1.53496
1.48744
1.42843
1.36143
1.28957
1.21591
1.14351
1.07533
1.01383
0.960636
0.916411
0.880845
0.852606
0.829235
0.807356
0.783467
0.755154
0.722269
0.687798
0.658339
0.643756
0.654555
0.69648
0.766319
0.853689
0.946782
1.03695
1.12017
1.19585
1.26434
1.32474
1.37402
1.40769
1.42128
1.41197
1.37951
1.32629
1.25646
1.17472
1.08527
0.99133
0.89513
0.798222
0.701812
0.606984
0.514832
0.426564
0.343578
0.267446
0.199774
0.141922
0.0947016
0.0581666
0.0316056
0.0137909
0.00347179
0
0
0.00413878
0.0161518
0.0355886
0.0621947
0.0957994
0.136142
0.182711
0.234609
0.290447
0.348337
0.406159
0.462176
0.515898
0.568847
0.624768
0.688997
0.767038
0.862874
0.977593
1.10867
1.24991
1.39204
1.52392
1.63437
1.71418
1.75783
1.76451
1.73802
1.6858
1.61751
1.54354
1.47407
1.41838
1.38427
1.3772
1.39907
1.44738
1.51517
1.5923
1.66786
1.73261
1.78064
1.80957
1.81957
1.81193
1.78805
1.74903
1.69591
1.62986
1.5523
1.4648
1.36921
1.26806
1.16508
1.06541
0.974808
0.898228
0.838097
0.793536
0.761159
0.737312
0.721058
0.716719
0.733694
0.781062
0.859587
0.959426
1.06583
1.16624
1.25384
1.32714
1.38735
1.43542
1.47037
1.48929
1.48867
1.46617
1.42176
1.35793
1.27889
1.18935
1.09349
0.994438
0.894341
0.794688
0.696601
0.601028
0.508863
0.42108
0.338848
0.26357
0.196744
0.139684
0.0931763
0.0572507
0.0311599
0.0136438
0.00345279
0
0
0.00413288
0.0161033
0.0354574
0.0620093
0.0957585
0.13672
0.184721
0.239161
0.298773
0.361496
0.424685
0.485777
0.543315
0.597926
0.65274
0.712857
0.783877
0.870035
0.972719
1.08982
1.21587
1.34265
1.46039
1.55916
1.63054
1.66914
1.67349
1.64618
1.59326
1.52319
1.44585
1.37176
1.31158
1.27515
1.27009
1.29998
1.36318
1.45279
1.55798
1.66639
1.76677
1.85081
1.9138
1.95399
1.97138
1.96673
1.94102
1.89548
1.83161
1.75111
1.65578
1.54758
1.42924
1.30501
1.18127
1.06618
0.968378
0.894634
0.847497
0.824358
0.819234
0.826622
0.845042
0.877757
0.929361
1.00021
1.08371
1.16908
1.2466
1.31113
1.36225
1.40201
1.4321
1.4521
1.45943
1.45068
1.42337
1.37712
1.31393
1.23741
1.1516
1.06005
0.965413
0.869535
0.773755
0.679154
0.586681
0.497243
0.411826
0.331621
0.258061
0.192686
0.136842
0.091337
0.0562005
0.0306732
0.0134906
0.00343387
0
0
0.00412673
0.0160512
0.0353093
0.0617731
0.0956012
0.137086
0.186418
0.24337
0.30692
0.375
0.444609
0.512481
0.576192
0.635311
0.69202
0.750768
0.816895
0.894732
0.986007
1.08916
1.1996
1.31051
1.41394
1.50194
1.56773
1.60666
1.61684
1.59941
1.55828
1.49968
1.4317
1.36392
1.30686
1.27071
1.26338
1.28839
1.3438
1.42267
1.5147
1.60832
1.69289
1.76037
1.80605
1.82825
1.82748
1.80569
1.76579
1.71139
1.64649
1.57478
1.49894
1.42039
1.33976
1.25812
1.17822
1.10475
1.04352
0.999662
0.975794
0.97111
0.982034
1.00406
1.03366
1.06907
1.10945
1.15311
1.19652
1.23517
1.2658
1.28786
1.30337
1.31511
1.32455
1.33069
1.3304
1.31974
1.29565
1.25706
1.20493
1.14165
1.06999
0.992362
0.910562
0.825941
0.73965
0.652792
0.56647
0.481821
0.400097
0.322756
0.25146
0.187915
0.133568
0.0892694
0.0550551
0.030161
0.0133355
0.00341555
0
0
0.0041206
0.0159985
0.0351554
0.0615104
0.095364
0.137267
0.187774
0.24706
0.314434
0.387955
0.464426
0.540005
0.611333
0.6768
0.737374
0.796509
0.859035
0.929402
1.01003
1.10045
1.19748
1.29606
1.39034
1.47463
1.54406
1.59502
1.62542
1.63484
1.62462
1.59792
1.55971
1.51661
1.47634
1.44653
1.43295
1.43789
1.45964
1.49294
1.53043
1.56416
1.58711
1.59427
1.58321
1.5539
1.5083
1.44995
1.38378
1.316
1.25358
1.20298
1.1684
1.15031
1.14575
1.1503
1.16042
1.17468
1.1932
1.21629
1.24304
1.27102
1.29677
1.31691
1.32902
1.33206
1.32619
1.31229
1.29155
1.26563
1.23698
1.20895
1.18511
1.16796
1.15777
1.15228
1.14738
1.13855
1.12221
1.09647
1.06113
1.01705
0.965335
0.906943
0.842617
0.773104
0.699333
0.62246
0.543823
0.464922
0.387438
0.313255
0.244391
0.182802
0.130068
0.0870793
0.0538629
0.0296415
0.0131835
0.00339838
0
0
0.0041148
0.0159484
0.0350076
0.0612502
0.0950962
0.13732
0.1888
0.25009
0.320849
0.399332
0.482269
0.565371
0.644431
0.716651
0.781652
0.841679
0.900863
0.963771
1.03385
1.11236
1.19828
1.28884
1.38055
1.46994
1.55395
1.62995
1.69558
1.74873
1.78773
1.81167
1.82076
1.81648
1.80155
1.77934
1.75304
1.72478
1.69514
1.66316
1.62686
1.58397
1.53273
1.4724
1.40354
1.32793
1.24836
1.16848
1.093
1.028
0.980923
0.9595
0.969121
1.00997
1.07658
1.16047
1.25329
1.3485
1.44106
1.52628
1.59895
1.65334
1.68413
1.68778
1.66352
1.61373
1.54342
1.45923
1.3684
1.27792
1.19409
1.12203
1.06512
1.02443
0.998474
0.983579
0.97491
0.967692
0.958188
0.944074
0.924194
0.897993
0.865033
0.824867
0.777219
0.722233
0.660575
0.593384
0.522179
0.448785
0.375305
0.304062
0.237462
0.177725
0.126562
0.0848832
0.0526781
0.0291354
0.0130399
0.00338288
0
0
0.00410963
0.0159038
0.0348781
0.0610235
0.0948562
0.137324
0.189554
0.252396
0.32579
0.408184
0.496304
0.585554
0.671045
0.74893
0.817536
0.877847
0.933143
0.987969
1.04682
1.11304
1.18825
1.27252
1.36487
1.46387
1.56783
1.67463
1.78127
1.88372
1.97696
2.05557
2.11437
2.14929
2.15799
2.14023
2.09787
2.03441
1.95436
1.8625
1.76335
1.66088
1.55846
1.45898
1.36498
1.27872
1.20228
1.13766
1.08712
1.05362
1.04105
1.05363
1.09425
1.16258
1.25441
1.36285
1.4801
1.5986
1.71114
1.81037
1.88858
1.93825
1.95325
1.93041
1.87056
1.77872
1.66321
1.53423
1.40217
1.27636
1.16422
1.07067
0.997922
0.945464
0.91042
0.888398
0.874575
0.864686
0.855581
0.845211
0.832181
0.815222
0.792933
0.763916
0.727119
0.682121
0.629213
0.569325
0.503924
0.434938
0.364708
0.295875
0.231157
0.173009
0.123254
0.0827966
0.0515562
0.0286634
0.0129099
0.00336957
0
0
0.00410536
0.0158677
0.0347783
0.0608608
0.0947055
0.137376
0.190146
0.254022
0.329089
0.413901
0.505197
0.598222
0.687655
0.768891
0.839218
0.898472
0.949008
0.995081
1.0419
1.09462
1.15753
1.23355
1.32414
1.42949
1.5486
1.67918
1.81718
1.95662
2.08961
2.20703
2.29955
2.35901
2.37983
2.36008
2.30202
2.2118
2.09844
1.97231
1.8436
1.72109
1.61146
1.5191
1.44634
1.39373
1.36052
1.34503
1.34514
1.35875
1.38416
1.4202
1.46602
1.52075
1.58309
1.65112
1.72212
1.79247
1.8574
1.91101
1.94671
1.95823
1.94097
1.89326
1.81693
1.71714
1.60136
1.47813
1.35589
1.24209
1.14241
1.06032
0.996647
0.949721
0.916013
0.891201
0.871298
0.853432
0.836036
0.818454
0.800226
0.78048
0.75775
0.730277
0.696502
0.65545
0.606875
0.551236
0.489634
0.423785
0.35599
0.289008
0.225758
0.168887
0.120312
0.0809219
0.0505489
0.0282455
0.0127983
0.0033589
0
0
0.00410226
0.0158425
0.0347179
0.0607885
0.0947008
0.137576
0.190722
0.255136
0.33086
0.416408
0.508503
0.602365
0.692547
0.774103
0.8437
0.900325
0.945457
0.982783
1.01763
1.05625
1.10486
1.1687
1.25117
1.35343
1.47448
1.61119
1.75828
1.90823
2.05149
2.17713
2.27409
2.33283
2.34717
2.31577
2.2428
2.13752
2.01274
1.88261
1.76043
1.65693
1.57936
1.53124
1.51263
1.52062
1.55
1.59403
1.64524
1.69637
1.74129
1.77571
1.79763
1.80724
1.80646
1.79812
1.78501
1.769
1.7504
1.72801
1.69966
1.66322
1.61753
1.56279
1.50043
1.43255
1.36156
1.29013
1.22141
1.15883
1.10544
1.06282
1.03042
1.00554
0.984252
0.962639
0.937988
0.909434
0.877841
0.845003
0.812523
0.78093
0.749431
0.716336
0.679755
0.638179
0.59073
0.537208
0.478101
0.414637
0.348832
0.283384
0.221326
0.165471
0.117846
0.0793388
0.0496997
0.0278989
0.0127093
0.00335122
0
0
0.00410051
0.01583
0.0347038
0.0608255
0.0948854
0.138012
0.191444
0.256007
0.331511
0.416254
0.506868
0.59865
0.686332
0.765101
0.831534
0.884221
0.923979
0.953773
0.978474
1.00443
1.03868
1.08767
1.15588
1.24478
1.35278
1.47555
1.60661
1.73761
1.85879
1.95964
2.03012
2.06226
2.05196
2.00038
1.91442
1.80581
1.6891
1.579
1.48806
1.42529
1.39562
1.39995
1.43533
1.49542
1.57127
1.65234
1.72772
1.78759
1.82447
1.83425
1.81647
1.77396
1.71181
1.63613
1.55293
1.46734
1.38332
1.3039
1.23172
1.16946
1.11962
1.08359
1.06058
1.0476
1.04088
1.03771
1.03728
1.04017
1.04684
1.05633
1.06582
1.07116
1.068
1.053
1.02498
0.985373
0.937852
0.887147
0.837433
0.791052
0.748136
0.707175
0.666011
0.622628
0.575521
0.523776
0.467137
0.406183
0.342504
0.27865
0.217738
0.162764
0.115906
0.0780977
0.0490404
0.0276368
0.0126462
0.00334683
0
0
0.00410028
0.0158313
0.0347397
0.0609811
0.0952819
0.138741
0.192447
0.256942
0.331649
0.414498
0.501937
0.589373
0.671954
0.745425
0.806831
0.854904
0.89017
0.914933
0.933232
0.950684
0.973927
1.00938
1.06154
1.1316
1.21708
1.3125
1.41041
1.50235
1.5796
1.63392
1.65852
1.6493
1.60614
1.5338
1.44186
1.34316
1.25131
1.17786
1.13055
1.11309
1.12584
1.16631
1.22917
1.30637
1.38785
1.46267
1.52047
1.55297
1.55529
1.52661
1.47006
1.39163
1.29864
1.19822
1.09634
0.997584
0.905521
0.823539
0.75562
0.706412
0.679899
0.677077
0.694808
0.727481
0.769963
0.819171
0.873483
0.931152
0.98916
1.04311
1.08777
1.1179
1.12908
1.11874
1.08709
1.03754
0.976194
0.910282
0.846179
0.787752
0.735877
0.689168
0.645234
0.60165
0.55635
0.507705
0.454675
0.397139
0.336232
0.274368
0.214776
0.160687
0.114488
0.0772187
0.0485887
0.0274675
0.012611
0.00334586
0
0
0.00410164
0.0158467
0.0348255
0.0612531
0.0958873
0.139773
0.193811
0.258202
0.331915
0.412434
0.49594
0.577929
0.65406
0.720917
0.776452
0.82006
0.852444
0.875507
0.892387
0.907502
0.926229
0.953883
0.994088
1.04727
1.11012
1.17632
1.23799
1.28713
1.3168
1.32198
1.30021
1.25223
1.18252
1.09941
1.01422
0.939233
0.884692
0.856314
0.854816
0.877381
0.919284
0.974484
1.03566
1.09452
1.14248
1.17172
1.1764
1.1537
1.10464
1.03399
0.949385
0.859611
0.772734
0.69465
0.628535
0.575224
0.534176
0.504603
0.486381
0.480376
0.487904
0.509656
0.54516
0.593249
0.652713
0.722134
0.799042
0.879374
0.957763
1.02827
1.08505
1.12276
1.13719
1.12615
1.09047
1.0345
0.965461
0.891794
0.820894
0.757325
0.702327
0.654644
0.611863
0.571359
0.530618
0.487319
0.439635
0.386781
0.329514
0.270191
0.212224
0.159126
0.113548
0.0766951
0.0483484
0.027394
0.0126046
0.00334837
0
0
0.00410462
0.0158759
0.0349573
0.0616288
0.0966736
0.14107
0.195526
0.259912
0.332778
0.411182
0.491026
0.567842
0.637755
0.698228
0.748323
0.788451
0.81992
0.844606
0.864943
0.884077
0.905758
0.933624
0.969878
1.01394
1.0619
1.10717
1.14204
1.15943
1.15438
1.12498
1.07278
1.00277
0.923086
0.844231
0.77758
0.733042
0.716519
0.728534
0.764803
0.817838
0.878372
0.936483
0.982631
1.00859
1.00825
0.978302
0.918998
0.8346
0.73331
0.626275
0.525751
0.44285
0.385531
0.357342
0.357104
0.379569
0.417009
0.461231
0.505393
0.545274
0.579768
0.610545
0.641046
0.675168
0.715985
0.764745
0.820423
0.879952
0.938963
0.992508
1.03547
1.06285
1.07033
1.05532
1.01815
0.96263
0.895474
0.824614
0.757015
0.697015
0.645937
0.602861
0.565722
0.531966
0.498729
0.463021
0.422281
0.375189
0.322282
0.265979
0.209936
0.157976
0.113025
0.0765007
0.0483115
0.0274144
0.0126264
0.00335427
0
0
0.00410918
0.0159174
0.0351284
0.0620858
0.0975908
0.142549
0.19749
0.262022
0.334384
0.411335
0.488575
0.561644
0.626991
0.68278
0.729063
0.767329
0.799722
0.828431
0.855516
0.883064
0.913271
0.948042
0.988073
1.03184
1.07515
1.11172
1.13458
1.13787
1.11838
1.07644
1.01617
0.945012
0.872824
0.810497
0.768152
0.753126
0.768244
0.810997
0.873902
0.945888
1.0143
1.06698
1.09387
1.08796
1.04586
0.96809
0.859542
0.72959
0.591613
0.461562
0.355768
0.288307
0.267279
0.291134
0.350924
0.435159
0.531214
0.626347
0.709628
0.773734
0.81593
0.83798
0.845083
0.844114
0.841712
0.842747
0.849614
0.862411
0.879579
0.898426
0.915276
0.925606
0.924691
0.908891
0.877053
0.831248
0.776338
0.718463
0.663189
0.614177
0.5729
0.539113
0.511399
0.487378
0.46382
0.437097
0.404088
0.363177
0.314888
0.261814
0.207873
0.157161
0.112859
0.0765985
0.0484606
0.0275227
0.0126749
0.00336338
0
0
0.00411523
0.0159697
0.0353292
0.0625955
0.0985743
0.144093
0.199529
0.264313
0.336523
0.412804
0.488802
0.560088
0.62329
0.676952
0.721752
0.759975
0.79454
0.828104
0.862654
0.899577
0.939849
0.98394
1.03132
1.07981
1.12535
1.16243
1.18529
1.18941
1.17284
1.13697
1.08664
1.0296
0.975509
0.934441
0.91511
0.923015
0.95892
1.01821
1.09144
1.16611
1.22901
1.26845
1.27582
1.24623
1.17865
1.07592
0.94493
0.796715
0.646022
0.509974
0.405908
0.348247
0.343701
0.388166
0.470496
0.576791
0.691669
0.799829
0.888346
0.948631
0.97745
0.976803
0.952783
0.913751
0.868326
0.823758
0.785117
0.755336
0.735665
0.72584
0.723767
0.725302
0.724936
0.717447
0.699688
0.671548
0.635684
0.596297
0.557666
0.523124
0.494665
0.472874
0.456831
0.444053
0.43081
0.412988
0.387238
0.351989
0.307952
0.257946
0.206089
0.156653
0.112998
0.076948
0.0487731
0.0277097
0.0127478
0.00337541
0
0
0.0041226
0.0160304
0.0355489
0.0631256
0.0995536
0.145572
0.201432
0.266463
0.338725
0.414935
0.490854
0.562156
0.625532
0.679595
0.725175
0.764864
0.801999
0.839604
0.879746
0.923448
0.970907
1.02162
1.07428
1.12647
1.17467
1.21454
1.24183
1.25335
1.24789
1.22672
1.19375
1.15513
1.11859
1.0923
1.08337
1.09617
1.1309
1.18301
1.24383
1.30222
1.34695
1.36864
1.36107
1.32137
1.24976
1.14932
1.02601
0.888929
0.750284
0.624422
0.525907
0.466766
0.453257
0.483542
0.548453
0.634438
0.726297
0.809486
0.872223
0.907046
0.911494
0.887814
0.841855
0.781503
0.715038
0.649854
0.591848
0.545482
0.514019
0.499083
0.499403
0.510096
0.523878
0.533627
0.53462
0.525463
0.507749
0.484953
0.461183
0.440192
0.424623
0.415391
0.411297
0.409215
0.404905
0.394159
0.373881
0.342871
0.302146
0.254694
0.204696
0.156458
0.113409
0.0775111
0.0492241
0.0279643
0.0128418
0.00338999
0
0
0.00413112
0.0160969
0.0357758
0.0636436
0.10046
0.146864
0.202993
0.268132
0.340428
0.416813
0.493309
0.565776
0.630922
0.687191
0.73515
0.777168
0.816505
0.856231
0.898449
0.944041
0.992841
1.04389
1.09558
1.14572
1.19164
1.23043
1.25944
1.27668
1.28124
1.2735
1.25529
1.22998
1.20229
1.17779
1.1619
1.15852
1.16871
1.19005
1.21694
1.24199
1.25787
1.25884
1.2415
1.20458
1.14836
1.07413
0.984442
0.883663
0.778606
0.678287
0.592645
0.530444
0.497026
0.492679
0.512344
0.546908
0.585509
0.617862
0.636073
0.635671
0.615828
0.578874
0.529359
0.472952
0.41547
0.362307
0.318438
0.288831
0.278076
0.287825
0.31414
0.348695
0.38244
0.408328
0.422527
0.424585
0.416876
0.403591
0.389568
0.379112
0.374826
0.376801
0.382652
0.388411
0.38973
0.382871
0.365405
0.336675
0.29798
0.252339
0.203823
0.156606
0.11407
0.0782546
0.0497887
0.0282744
0.0129534
0.00340669
0
0
0.00414056
0.0161666
0.0359984
0.0641191
0.101232
0.147863
0.204039
0.269031
0.341132
0.417578
0.494752
0.568779
0.636386
0.695729
0.746833
0.791424
0.832209
0.871913
0.9125
0.954822
0.998703
1.04321
1.08696
1.12835
1.16575
1.19772
1.22305
1.24074
1.24986
1.24959
1.23942
1.21965
1.19191
1.15918
1.12535
1.09412
1.06787
1.04693
1.0297
1.01354
0.996021
0.975775
0.952525
0.926348
0.896728
0.862105
0.820326
0.769845
0.711027
0.646755
0.581911
0.521878
0.470765
0.430145
0.398801
0.373426
0.349891
0.324534
0.29508
0.261005
0.223408
0.184556
0.147302
0.114568
0.0892306
0.0749975
0.0770817
0.0979052
0.134158
0.180597
0.231517
0.280777
0.322568
0.352602
0.369073
0.373001
0.367865
0.358698
0.350821
0.348317
0.352682
0.362435
0.373994
0.383088
0.385846
0.379365
0.362007
0.333626
0.295678
0.25106
0.203572
0.157127
0.114968
0.0791503
0.0504436
0.028628
0.0130788
0.00342504
0
0
0.0041507
0.0162368
0.0362062
0.0645256
0.101819
0.148488
0.20445
0.268968
0.340504
0.416635
0.494163
0.569543
0.639564
0.702076
0.756433
0.803478
0.845042
0.883204
0.919621
0.955177
0.989967
1.02352
1.05507
1.0839
1.10949
1.13165
1.1503
1.16506
1.17485
1.17771
1.17115
1.15303
1.12242
1.08027
1.02922
0.972823
0.914454
0.856647
0.801079
0.749215
0.703043
0.665264
0.63858
0.62431
0.621109
0.62462
0.628386
0.62566
0.611331
0.583129
0.541681
0.489507
0.429601
0.364323
0.295136
0.223136
0.150007
0.0792556
0.026948
0.0594041
0.104334
0.136675
0.154172
0.157236
0.147872
0.129958
0.111251
0.106405
0.128342
0.171471
0.222636
0.271887
0.312554
0.340785
0.355638
0.358988
0.35494
0.348778
0.345498
0.348209
0.357082
0.3696
0.381858
0.389931
0.390664
0.381942
0.362767
0.333345
0.295165
0.250897
0.203993
0.158041
0.116091
0.0801734
0.0511674
0.0290131
0.0132139
0.00344453
0
0
0.00416128
0.0163051
0.0363898
0.0648415
0.102185
0.148689
0.204157
0.267848
0.33839
0.413702
0.491026
0.567191
0.639113
0.704385
0.761705
0.810977
0.853054
0.889254
0.92088
0.948907
0.973898
0.996104
1.01566
1.03282
1.04808
1.06218
1.07573
1.08865
1.09961
1.10583
1.10354
1.08901
1.0597
1.01514
0.956962
0.888351
0.813106
0.735002
0.657706
0.585169
0.522022
0.473405
0.443932
0.435921
0.447731
0.473402
0.504045
0.530159
0.543816
0.540005
0.516849
0.474901
0.416065
0.342789
0.25791
0.165134
0.0706521
0.0377175
0.116862
0.185972
0.235008
0.260727
0.262921
0.244001
0.208586
0.163704
0.121683
0.106858
0.135795
0.188026
0.243641
0.293124
0.331589
0.356955
0.369637
0.372288
0.369168
0.36511
0.364199
0.368507
0.377508
0.388561
0.398093
0.402714
0.399831
0.387838
0.36612
0.33507
0.29614
0.251769
0.205077
0.159344
0.117422
0.0813007
0.0519402
0.0294187
0.0133551
0.00346467
0
0
0.00417207
0.0163694
0.036542
0.0650507
0.102305
0.148433
0.203134
0.265656
0.33478
0.408747
0.485228
0.561448
0.634509
0.701839
0.761591
0.812849
0.855592
0.890468
0.918499
0.940823
0.958544
0.972695
0.984295
0.99445
1.00441
1.01544
1.02843
1.0433
1.05846
1.0707
1.07572
1.06916
1.04778
1.01031
0.957567
0.892048
0.817205
0.73694
0.655511
0.577724
0.509015
0.45501
0.420465
0.40775
0.415466
0.438127
0.467426
0.494431
0.511587
0.513853
0.498821
0.466126
0.416687
0.352263
0.275574
0.190976
0.10653
0.0522658
0.090269
0.145389
0.183673
0.19919
0.191555
0.163934
0.123248
0.0848629
0.0842407
0.129166
0.187967
0.245893
0.297121
0.338527
0.368491
0.386833
0.3949
0.395438
0.39212
0.388755
0.388309
0.392059
0.399255
0.40753
0.413775
0.41502
0.408979
0.394267
0.370426
0.337929
0.298194
0.253507
0.20676
0.161002
0.118935
0.0825075
0.0527431
0.029834
0.0134984
0.00348496
0
0
0.00418285
0.0164278
0.0366572
0.0651428
0.102164
0.147713
0.201386
0.262428
0.329751
0.401885
0.476896
0.552396
0.625712
0.694215
0.755685
0.808616
0.85236
0.887116
0.91377
0.933677
0.948425
0.959677
0.969078
0.978245
0.988732
1.00186
1.01837
1.03787
1.05854
1.0771
1.08944
1.0915
1.08029
1.05447
1.01442
0.961869
0.899362
0.829913
0.756956
0.684489
0.617047
0.559227
0.514784
0.485596
0.470953
0.467524
0.470157
0.473246
0.472073
0.463534
0.446129
0.419469
0.383789
0.339786
0.288884
0.233739
0.17874
0.130385
0.0969061
0.0831467
0.0815443
0.0801132
0.076097
0.07838
0.098939
0.136854
0.183564
0.232109
0.277958
0.318279
0.351399
0.376469
0.393329
0.402526
0.405399
0.404034
0.401001
0.398848
0.399464
0.403505
0.410141
0.417288
0.422195
0.42213
0.414899
0.399129
0.374377
0.341153
0.300904
0.255893
0.20893
0.162956
0.120591
0.0837666
0.0535577
0.0302491
0.0136406
0.00350493
0
0
0.00419343
0.0164791
0.0367321
0.065113
0.10176
0.146531
0.198939
0.258223
0.323415
0.393291
0.466261
0.540286
0.612939
0.681629
0.743957
0.79809
0.84305
0.87883
0.90632
0.927079
0.943031
0.956184
0.968434
0.981448
0.996574
1.01467
1.03584
1.05915
1.08248
1.10282
1.11685
1.12165
1.11534
1.09733
1.06815
1.02908
0.98168
0.927589
0.868545
0.806592
0.744168
0.68389
0.628046
0.578036
0.534089
0.495402
0.460643
0.428538
0.3983
0.369729
0.343012
0.318369
0.295807
0.275115
0.25607
0.238695
0.223374
0.210746
0.201462
0.196039
0.194944
0.198794
0.208285
0.22369
0.244278
0.268224
0.293116
0.316672
0.33725
0.354004
0.36674
0.375642
0.381082
0.383583
0.383921
0.383207
0.382823
0.38417
0.388254
0.395265
0.404316
0.413493
0.420225
0.421826
0.416018
0.401303
0.377176
0.344188
0.303899
0.25869
0.211443
0.165121
0.12234
0.0850469
0.0543653
0.0306545
0.0137783
0.00352417
0
0
0.00420364
0.0165225
0.0367658
0.0649621
0.101099
0.144907
0.195831
0.253117
0.315901
0.383165
0.453603
0.52548
0.596608
0.664517
0.726796
0.781524
0.827633
0.865091
0.894846
0.918574
0.938314
0.956115
0.973756
0.992556
1.01325
1.03585
1.05955
1.08271
1.10299
1.11788
1.12522
1.12371
1.11317
1.09434
1.06852
1.03701
1.00074
0.960104
0.915089
0.865545
0.811482
0.753223
0.691396
0.626848
0.560611
0.493981
0.428645
0.366729
0.310657
0.262837
0.2253
0.19938
0.185491
0.183024
0.190431
0.205514
0.225736
0.24846
0.271192
0.291858
0.309081
0.322321
0.331792
0.338151
0.342107
0.344136
0.344462
0.343251
0.340848
0.33785
0.334977
0.332843
0.331777
0.331859
0.333108
0.335707
0.340096
0.346861
0.356443
0.36876
0.382885
0.396958
0.408397
0.414371
0.412355
0.400616
0.378531
0.346704
0.306876
0.26166
0.214136
0.167393
0.124121
0.0863134
0.0551471
0.0310416
0.0139087
0.00354228
0
0
0.00421335
0.0165578
0.0367595
0.0646966
0.100197
0.142875
0.192119
0.247201
0.307353
0.37173
0.439259
0.508459
0.577376
0.643714
0.705176
0.759911
0.806898
0.846139
0.878587
0.905872
0.929923
0.952576
0.975261
0.998763
1.02308
1.04735
1.06992
1.08857
1.10094
1.10515
1.10028
1.08667
1.06579
1.03982
1.01098
0.980958
0.950521
0.919376
0.886314
0.84953
0.807039
0.757144
0.698868
0.632292
0.558723
0.480659
0.401533
0.32531
0.256029
0.19742
0.152678
0.124314
0.113672
0.120124
0.141314
0.174149
0.214885
0.25901
0.301674
0.338456
0.366108
0.38299
0.389109
0.385785
0.375113
0.359446
0.341039
0.321919
0.303868
0.288411
0.2767
0.26934
0.2663
0.267062
0.27096
0.277538
0.286723
0.298745
0.313857
0.331929
0.352049
0.372318
0.389983
0.401892
0.405124
0.397606
0.378536
0.348551
0.309598
0.264575
0.216831
0.169656
0.125865
0.0875294
0.0558849
0.0314024
0.0140293
0.00355896
0
0
0.00422247
0.0165852
0.0367166
0.0643286
0.0990825
0.140481
0.18788
0.24059
0.297944
0.359253
0.423641
0.489851
0.556157
0.620474
0.680687
0.735085
0.782719
0.823569
0.858461
0.8888
0.916229
0.94226
0.967956
0.993664
1.01886
1.04212
1.0613
1.07395
1.07789
1.07187
1.056
1.03175
1.00172
0.968938
0.936228
0.905634
0.878049
0.853083
0.829122
0.803589
0.773386
0.735523
0.687839
0.629636
0.562004
0.487708
0.410682
0.335343
0.266006
0.206577
0.160492
0.130639
0.118744
0.124501
0.146003
0.18057
0.224382
0.272248
0.318289
0.357039
0.384429
0.398357
0.398774
0.387338
0.366827
0.340528
0.311721
0.283361
0.257906
0.237221
0.222468
0.213974
0.211233
0.213213
0.218862
0.227541
0.239158
0.254041
0.272594
0.294827
0.319888
0.345785
0.369486
0.387407
0.396139
0.393184
0.377495
0.349685
0.31187
0.267216
0.219351
0.17179
0.127501
0.0886581
0.0565616
0.0317302
0.0141383
0.00357396
0
0
0.00423096
0.0166055
0.0366429
0.0638757
0.097793
0.137793
0.183215
0.23343
0.287888
0.346056
0.407243
0.470405
0.534047
0.596319
0.65531
0.70944
0.757777
0.800164
0.837155
0.869809
0.899425
0.927245
0.954145
0.980351
1.00524
1.0273
1.04434
1.05396
1.05421
1.04422
1.02454
0.997084
0.964694
0.930486
0.897286
0.867201
0.841325
0.819551
0.800497
0.781632
0.759676
0.731283
0.693877
0.6464
0.589675
0.526224
0.459623
0.393729
0.332131
0.277991
0.234142
0.203103
0.186713
0.185572
0.198853
0.224428
0.258785
0.297075
0.333776
0.363746
0.38318
0.390146
0.384656
0.368341
0.343926
0.314658
0.283814
0.254337
0.228603
0.208271
0.194164
0.186197
0.183536
0.185033
0.189769
0.197388
0.208145
0.22271
0.241784
0.265589
0.293343
0.322953
0.351111
0.373818
0.387183
0.388269
0.375734
0.350087
0.313519
0.269383
0.22153
0.173682
0.128966
0.0896675
0.0571634
0.0320199
0.0142342
0.00358712
0
0
0.0042388
0.0166199
0.0365458
0.0633609
0.0963772
0.134893
0.178248
0.2259
0.277439
0.332504
0.390601
0.450906
0.512166
0.57277
0.630996
0.685345
0.734808
0.778986
0.818078
0.85278
0.884122
0.913254
0.941141
0.968241
0.994219
1.01784
1.0371
1.04969
1.05362
1.04788
1.03277
1.00986
0.9815
0.95034
0.918876
0.889168
0.862597
0.839582
0.819351
0.799944
0.778572
0.752301
0.718896
0.677498
0.628889
0.575195
0.519201
0.463651
0.410888
0.362935
0.321793
0.289575
0.268227
0.258922
0.261531
0.274443
0.29468
0.31824
0.34074
0.358224
0.367855
0.368273
0.359583
0.343092
0.32091
0.295539
0.269508
0.245067
0.223963
0.207267
0.195308
0.187736
0.183812
0.182806
0.184352
0.188609
0.196242
0.208235
0.225536
0.248534
0.276525
0.307385
0.337665
0.363109
0.379481
0.383475
0.37344
0.349697
0.314381
0.270901
0.223231
0.175243
0.130209
0.0905342
0.0576812
0.0322687
0.0143163
0.00359838
0
0
0.00424601
0.0166301
0.0364346
0.0628116
0.0948935
0.131882
0.173132
0.218211
0.266881
0.318981
0.37424
0.432071
0.491465
0.551036
0.609208
0.664491
0.715713
0.762179
0.803744
0.840833
0.874388
0.905682
0.935999
0.966218
0.996419
1.02565
1.05196
1.07284
1.08581
1.08915
1.08229
1.06588
1.04154
1.01144
0.978041
0.943791
0.910787
0.880319
0.85248
0.826091
0.799067
0.769122
0.734563
0.694844
0.650666
0.603585
0.555371
0.507523
0.461199
0.417541
0.37807
0.344763
0.319654
0.304115
0.29824
0.300673
0.308902
0.319804
0.330271
0.337748
0.340558
0.337982
0.330149
0.317852
0.30232
0.285014
0.267423
0.25087
0.236329
0.224298
0.214795
0.207501
0.202029
0.198197
0.1962
0.196659
0.200565
0.209121
0.223422
0.243967
0.270144
0.299923
0.329918
0.355856
0.37337
0.378922
0.370579
0.348399
0.314319
0.27165
0.224369
0.176423
0.131206
0.0912491
0.0581128
0.0324765
0.0143849
0.00360775
0
0
0.00425266
0.0166381
0.03632
0.0622591
0.0934079
0.128874
0.168036
0.210593
0.256509
0.305858
0.358617
0.414449
0.47258
0.531804
0.590622
0.64747
0.700954
0.750081
0.794452
0.834399
0.870983
0.905798
0.940548
0.976488
1.01389
1.0517
1.08754
1.11816
1.1401
1.15047
1.14756
1.13111
1.10228
1.06347
1.01803
0.969797
0.922406
0.878578
0.839528
0.804834
0.772829
0.741358
0.708596
0.673586
0.636295
0.597234
0.556968
0.515881
0.474391
0.433411
0.394647
0.360448
0.333149
0.314244
0.303807
0.300484
0.301978
0.305752
0.309632
0.312132
0.312463
0.310352
0.305855
0.299239
0.290936
0.281519
0.271645
0.261951
0.252923
0.244798
0.237556
0.231027
0.225077
0.219798
0.215635
0.213425
0.214351
0.219767
0.230877
0.248265
0.271435
0.298548
0.326461
0.351116
0.368243
0.374233
0.366928
0.346068
0.313273
0.271611
0.224942
0.177229
0.131968
0.0918214
0.0584644
0.0326463
0.0144407
0.00361534
0
0
0.00425882
0.016646
0.0362133
0.061737
0.0919925
0.125993
0.163145
0.20329
0.246616
0.293466
0.344083
0.39838
0.45578
0.515188
0.575089
0.63375
0.689505
0.741091
0.787971
0.830567
0.870268
0.909133
0.949288
0.992167
1.03781
1.08447
1.12872
1.16595
1.19128
1.20053
1.19099
1.16197
1.11503
1.05391
0.984099
0.911943
0.843594
0.783837
0.735265
0.698004
0.670099
0.648366
0.629425
0.61049
0.589674
0.565807
0.538129
0.506245
0.470455
0.43217
0.393978
0.359147
0.330702
0.310484
0.298644
0.293787
0.29361
0.295707
0.298193
0.299965
0.300577
0.29992
0.297967
0.294692
0.290132
0.284466
0.278035
0.271281
0.264626
0.258355
0.252548
0.247104
0.241866
0.23682
0.232294
0.229084
0.228417
0.231746
0.24036
0.254912
0.275018
0.299056
0.324217
0.346808
0.362829
0.368742
0.362229
0.342689
0.31134
0.270909
0.225064
0.177745
0.132548
0.0922823
0.0587515
0.0327844
0.0144857
0.00362137
0
0
0.00426461
0.0166561
0.0361262
0.0612799
0.0907217
0.123368
0.158647
0.196545
0.237484
0.282088
0.330879
0.383999
0.441018
0.500857
0.561868
0.622047
0.679397
0.732384
0.780407
0.824108
0.865359
0.906794
0.950962
0.999298
1.05127
1.10399
1.15247
1.19039
1.21133
1.2099
1.18285
1.12983
1.05372
0.960564
0.858821
0.758162
0.667849
0.595152
0.544122
0.515042
0.504722
0.507555
0.517
0.52699
0.532799
0.531233
0.520464
0.499939
0.470572
0.43491
0.396904
0.361119
0.331601
0.310857
0.299372
0.295795
0.297625
0.30207
0.306784
0.310268
0.31185
0.311387
0.308943
0.304634
0.298655
0.291361
0.283298
0.27513
0.26751
0.260906
0.255462
0.250954
0.246924
0.242979
0.23913
0.23601
0.234838
0.237142
0.244287
0.256973
0.274889
0.296586
0.319561
0.340504
0.35574
0.361863
0.356428
0.338497
0.308855
0.269862
0.224982
0.178138
0.133047
0.0926855
0.0589994
0.0329005
0.0145224
0.00362611
0
0
0.00427015
0.0166705
0.0360701
0.0609216
0.0896688
0.121128
0.154734
0.1906
0.229377
0.271966
0.319161
0.371311
0.428066
0.488271
0.55003
0.610957
0.668629
0.721184
0.767932
0.809761
0.849081
0.889193
0.93314
0.982403
1.03587
1.08951
1.1368
1.16986
1.18096
1.16396
1.11558
1.03628
0.930679
0.807279
0.677538
0.554253
0.449581
0.373034
0.329779
0.319651
0.337307
0.37366
0.418094
0.460693
0.493833
0.512773
0.515474
0.502202
0.475278
0.438871
0.398504
0.360096
0.328754
0.30771
0.297809
0.297654
0.304264
0.313976
0.323368
0.329967
0.332516
0.330802
0.32525
0.316574
0.305619
0.293337
0.280785
0.269039
0.259038
0.251347
0.245977
0.24234
0.239502
0.236628
0.233453
0.230525
0.229133
0.230933
0.237402
0.249301
0.266361
0.287223
0.309571
0.330345
0.346093
0.353475
0.349898
0.334089
0.306439
0.268993
0.225076
0.178653
0.133607
0.0931051
0.0592418
0.0330074
0.0145541
0.00362992
0
0
0.00427554
0.0166914
0.0360555
0.0606935
0.0889034
0.119395
0.151589
0.185692
0.22255
0.263322
0.309057
0.360281
0.416682
0.476961
0.538884
0.599581
0.65609
0.706094
0.748684
0.784872
0.817552
0.850727
0.888121
0.931589
0.979913
1.02848
1.06994
1.09558
1.09708
1.06812
1.00575
0.911258
0.79053
0.653673
0.513892
0.38573
0.282934
0.216274
0.191268
0.20608
0.252127
0.316995
0.386927
0.449383
0.495208
0.519516
0.521355
0.502821
0.468264
0.423692
0.376086
0.332419
0.298456
0.277698
0.270861
0.276066
0.289501
0.30634
0.321857
0.33246
0.336273
0.333094
0.323901
0.310264
0.293932
0.276655
0.260103
0.245754
0.234684
0.2273
0.223163
0.221092
0.219613
0.217567
0.21462
0.211453
0.209593
0.210955
0.217235
0.229333
0.247036
0.269002
0.292921
0.315747
0.334
0.344221
0.343574
0.330464
0.304983
0.268997
0.22583
0.179596
0.134402
0.09363
0.0595187
0.0331197
0.0145846
0.00363322
0
0
0.00428091
0.0167206
0.0360912
0.0606229
0.0884871
0.118284
0.149387
0.18205
0.217263
0.256397
0.300727
0.350945
0.406771
0.466746
0.528271
0.587936
0.642139
0.687953
0.72404
0.751303
0.77292
0.793558
0.817825
0.848472
0.885002
0.923295
0.956341
0.975757
0.973592
0.943979
0.884408
0.796495
0.686199
0.563409
0.440929
0.333022
0.253617
0.213432
0.215023
0.251665
0.312658
0.385298
0.455638
0.511241
0.543782
0.550015
0.531183
0.491721
0.438053
0.377739
0.31874
0.268474
0.232606
0.213901
0.211878
0.223488
0.243955
0.267488
0.288368
0.302231
0.306864
0.302236
0.289915
0.272305
0.252044
0.231671
0.213445
0.199147
0.189778
0.18526
0.184393
0.185233
0.185793
0.184753
0.181919
0.178309
0.175869
0.176937
0.183578
0.196963
0.216998
0.242284
0.270322
0.297777
0.320822
0.335615
0.338955
0.328955
0.30556
0.270663
0.227774
0.181293
0.135617
0.0943545
0.0598727
0.0332533
0.0146181
0.00363647
0
0
0.00428637
0.0167593
0.0361841
0.0607314
0.0884708
0.117891
0.148286
0.179897
0.213786
0.251474
0.294427
0.343507
0.398501
0.457857
0.518671
0.577018
0.628628
0.669845
0.698692
0.715674
0.723963
0.728694
0.73544
0.748308
0.768397
0.793258
0.817526
0.834354
0.837093
0.820774
0.783151
0.725288
0.651723
0.570315
0.491772
0.428521
0.391856
0.387187
0.411498
0.456392
0.511647
0.566092
0.608527
0.629861
0.625141
0.594194
0.540842
0.47148
0.393828
0.316129
0.246575
0.192509
0.158941
0.146488
0.151457
0.168835
0.193455
0.21947
0.241036
0.253783
0.255744
0.247349
0.230762
0.209026
0.185399
0.162977
0.144456
0.131821
0.12585
0.125735
0.129309
0.133852
0.136981
0.137335
0.134954
0.131269
0.128722
0.130169
0.138186
0.154358
0.178746
0.209803
0.24461
0.279235
0.309176
0.329974
0.337973
0.331079
0.309287
0.274761
0.231409
0.184047
0.137422
0.0953678
0.0603449
0.0334241
0.0146588
0.00364011
0
0
0.00429201
0.0168086
0.0363388
0.0610337
0.0888919
0.118295
0.148425
0.179446
0.212411
0.24891
0.290558
0.338395
0.392363
0.450945
0.511095
0.568519
0.618361
0.656231
0.679379
0.687667
0.683928
0.673443
0.662567
0.656882
0.659583
0.670732
0.687593
0.705738
0.720369
0.727465
0.724584
0.711404
0.690142
0.665792
0.645661
0.637391
0.645601
0.669411
0.703139
0.738993
0.769019
0.785799
0.783083
0.756949
0.70688
0.635916
0.549795
0.455684
0.361194
0.27388
0.201062
0.149595
0.124161
0.122715
0.136988
0.15951
0.184691
0.207104
0.221822
0.225666
0.217913
0.2001
0.175219
0.146806
0.118275
0.0926179
0.0723926
0.0597267
0.0556164
0.058593
0.0652524
0.0721912
0.0769397
0.0783032
0.0765828
0.0734887
0.071726
0.0745437
0.0852307
0.106045
0.137149
0.176553
0.220602
0.264467
0.302737
0.330208
0.342795
0.338356
0.317177
0.281938
0.237129
0.188093
0.139951
0.096742
0.0609704
0.033646
0.0147107
0.00364461
0
0
0.0042979
0.0168688
0.0365566
0.0615364
0.0897721
0.119549
0.149913
0.180891
0.213439
0.249132
0.289673
0.33629
0.389167
0.447006
0.506859
0.564331
0.614215
0.651532
0.672773
0.677002
0.66641
0.646015
0.622518
0.602641
0.591563
0.592007
0.604172
0.626297
0.655446
0.68827
0.721726
0.753778
0.784011
0.813767
0.845281
0.879804
0.915831
0.94892
0.973278
0.983729
0.976692
0.9501
0.903184
0.836733
0.753554
0.65846
0.557561
0.457301
0.363765
0.282477
0.218621
0.177348
0.162212
0.170497
0.193053
0.220115
0.243943
0.25878
0.261007
0.249539
0.225828
0.193245
0.156076
0.118514
0.0839559
0.0546393
0.0315219
0.0142839
0.00166003
0.00851747
0.0168778
0.0237085
0.028599
0.0314481
0.0326585
0.0324822
0.03058
0.0283031
0.034825
0.0594353
0.0993194
0.149478
0.2047
0.258969
0.305872
0.339521
0.355587
0.352137
0.330015
0.292623
0.245169
0.193561
0.143282
0.098523
0.0617745
0.0339304
0.014777
0.00365037
0
0
0.00430409
0.0169397
0.0368364
0.0622378
0.0911155
0.12168
0.152827
0.184394
0.217164
0.252609
0.292447
0.338073
0.389975
0.447247
0.507321
0.566059
0.618288
0.658767
0.683418
0.690496
0.681292
0.660075
0.633237
0.607925
0.59064
0.586251
0.597533
0.625087
0.667513
0.721826
0.784111
0.850281
0.916688
0.980271
1.03811
1.08669
1.12163
1.13848
1.13416
1.10812
1.06222
0.999631
0.923724
0.837797
0.745483
0.651071
0.559237
0.474438
0.400486
0.340647
0.298155
0.276176
0.275696
0.292632
0.318413
0.343498
0.360007
0.362792
0.349765
0.32183
0.282361
0.236232
0.188628
0.14396
0.105163
0.073466
0.0487258
0.0306282
0.02153
0.0252585
0.0360425
0.0482535
0.0600197
0.0703175
0.077798
0.0803836
0.075407
0.0603435
0.035089
0.0270643
0.0741312
0.136869
0.204235
0.268746
0.3231
0.361003
0.378241
0.373437
0.348256
0.306979
0.255567
0.200459
0.147424
0.100724
0.0627694
0.0342846
0.0148605
0.00365774
0
0
0.00431059
0.0170205
0.0371739
0.0631275
0.0929077
0.124681
0.157196
0.190067
0.223837
0.259793
0.299583
0.344708
0.395961
0.452932
0.513683
0.574727
0.631416
0.67875
0.712477
0.730203
0.732154
0.721324
0.702973
0.683664
0.670203
0.668717
0.683865
0.718136
0.771344
0.840581
0.920682
1.00499
1.0862
1.1571
1.2111
1.24277
1.24837
1.22664
1.1795
1.11198
1.031
0.94352
0.854848
0.768311
0.686028
0.609912
0.542104
0.48484
0.440204
0.410047
0.39578
0.397465
0.41247
0.435109
0.457967
0.473921
0.477681
0.466562
0.440644
0.402476
0.356369
0.307344
0.259911
0.216981
0.179263
0.145459
0.113266
0.0807326
0.0475143
0.0195165
0.0327056
0.0636949
0.0925125
0.115616
0.130513
0.134731
0.125849
0.101947
0.0627074
0.0218474
0.0711079
0.147439
0.226438
0.299335
0.358275
0.397026
0.411976
0.402701
0.371921
0.324855
0.268155
0.208668
0.152315
0.103325
0.0639534
0.0347114
0.0149628
0.00366699
0
0
0.00431741
0.01711
0.0375621
0.0641865
0.0951152
0.128514
0.163
0.197953
0.233624
0.27104
0.311691
0.357079
0.408226
0.46522
0.526899
0.590765
0.653204
0.710052
0.757421
0.792581
0.814652
0.824913
0.826698
0.824996
0.825867
0.835698
0.860196
0.903156
0.965315
1.04376
1.13209
1.2212
1.3006
1.35985
1.39025
1.38628
1.34664
1.27473
1.17811
1.06714
0.952726
0.843999
0.746754
0.663311
0.593743
0.537527
0.49463
0.465654
0.451218
0.451015
0.462977
0.483031
0.505687
0.525208
0.536822
0.53753
0.526381
0.504319
0.473799
0.438283
0.401589
0.367047
0.336569
0.309939
0.284757
0.257243
0.223616
0.181477
0.130664
0.0733794
0.0139581
0.0442559
0.0944724
0.133242
0.157017
0.163114
0.149722
0.116203
0.0643379
0.0273004
0.0996869
0.188887
0.276914
0.354405
0.413444
0.448414
0.456814
0.439523
0.400461
0.345746
0.282558
0.217952
0.157832
0.106273
0.0653108
0.0352087
0.0150844
0.00367829
0
0
0.0043245
0.0172066
0.0379916
0.065388
0.0976857
0.133102
0.170162
0.208007
0.246571
0.286549
0.32917
0.375818
0.427606
0.485017
0.547669
0.614229
0.682495
0.749657
0.812707
0.868942
0.916459
0.954602
0.984329
1.00845
1.03155
1.05947
1.09815
1.15204
1.22251
1.30684
1.39802
1.48556
1.55691
1.5996
1.60351
1.5631
1.47891
1.35781
1.21186
1.0558
0.904044
0.767876
0.65402
0.564771
0.499408
0.455969
0.432415
0.426705
0.436073
0.45627
0.481453
0.504979
0.520845
0.525155
0.51697
0.498207
0.472749
0.445242
0.420055
0.400589
0.388825
0.384944
0.386962
0.390677
0.390203
0.379183
0.352398
0.307288
0.244846
0.169582
0.0886402
0.0128202
0.0599063
0.111664
0.142365
0.14901
0.130556
0.088322
0.0343114
0.0749533
0.167633
0.265745
0.357778
0.434251
0.487705
0.513647
0.511074
0.482371
0.432651
0.368768
0.298198
0.227972
0.163797
0.10949
0.0668141
0.0357701
0.0152247
0.0036917
0
0
0.00433184
0.0173082
0.0384513
0.0666985
0.10055
0.138334
0.178536
0.220087
0.262581
0.306317
0.352155
0.401222
0.454565
0.512895
0.57647
0.645076
0.718026
0.794109
0.87153
0.947921
1.02059
1.0871
1.14608
1.19808
1.2459
1.29434
1.34893
1.41428
1.49223
1.58056
1.67259
1.75768
1.82265
1.85395
1.84024
1.77505
1.65869
1.49901
1.31029
1.11064
0.91845
0.749044
0.612465
0.512806
0.448829
0.41546
0.40581
0.412957
0.430522
0.452135
0.471013
0.480606
0.4762
0.456519
0.424354
0.385855
0.348795
0.320552
0.306519
0.30931
0.328589
0.361141
0.401069
0.440314
0.469709
0.480575
0.466577
0.425339
0.359225
0.274989
0.182395
0.0923875
0.0180397
0.045963
0.0777715
0.0822978
0.060586
0.0350366
0.0867337
0.176262
0.276997
0.377147
0.466105
0.534731
0.576522
0.588455
0.571174
0.528511
0.466575
0.392682
0.31433
0.238312
0.17
0.11288
0.0684268
0.0363851
0.0153821
0.00370717
0
0
0.00433936
0.0174127
0.0389287
0.0680792
0.103621
0.144062
0.18791
0.233936
0.281392
0.330122
0.380505
0.433263
0.489212
0.549102
0.613604
0.68337
0.758998
0.840767
0.928141
1.01933
1.11126
1.20022
1.28303
1.35826
1.42701
1.49275
1.56029
1.63406
1.71631
1.80568
1.89656
1.97923
2.04098
2.06798
2.04781
1.97226
1.83985
1.65718
1.43863
1.20429
0.976547
0.776247
0.619215
0.512963
0.454132
0.430241
0.426994
0.434095
0.44518
0.455083
0.458163
0.448881
0.42381
0.383501
0.333046
0.281047
0.237411
0.210727
0.206248
0.225496
0.266793
0.325194
0.392506
0.458201
0.510992
0.54081
0.540842
0.509102
0.448993
0.368617
0.279051
0.192153
0.118661
0.0672771
0.0449991
0.0532246
0.0877751
0.147273
0.227871
0.32244
0.421688
0.515256
0.593101
0.647
0.6718
0.666051
0.631875
0.574215
0.499777
0.415983
0.330094
0.248511
0.176208
0.116336
0.0701063
0.0370404
0.015554
0.00372455
0
0
0.004347
0.0175179
0.0394106
0.0694877
0.106803
0.150105
0.198006
0.24918
0.302567
0.357515
0.413818
0.471639
0.53139
0.593659
0.659261
0.729341
0.805335
0.888593
0.979641
1.07741
1.17898
1.28011
1.37656
1.46554
1.54668
1.62215
1.69585
1.77187
1.85282
1.93837
2.02434
2.10255
2.16142
2.18748
2.16769
2.09227
1.95748
1.76772
1.53595
1.28233
1.03132
0.80777
0.632743
0.517855
0.458838
0.437156
0.433371
0.436404
0.441764
0.446315
0.445369
0.433334
0.406333
0.364562
0.313057
0.260754
0.218126
0.193759
0.191419
0.211101
0.251818
0.310573
0.380419
0.451086
0.511136
0.550368
0.561986
0.54408
0.500009
0.437541
0.367069
0.299522
0.244672
0.210225
0.201299
0.219597
0.263318
0.328387
0.409114
0.498128
0.586576
0.664956
0.724433
0.758247
0.762787
0.737987
0.686985
0.615259
0.529578
0.437087
0.344612
0.258109
0.182193
0.119751
0.0718077
0.0377209
0.015737
0.00374359
0
0
0.00435469
0.0176215
0.0398842
0.0708806
0.109987
0.156253
0.208476
0.265321
0.325475
0.387789
0.451396
0.51576
0.580696
0.646401
0.713544
0.783364
0.857625
0.938233
1.02645
1.12201
1.22264
1.32441
1.42294
1.51477
1.59855
1.67535
1.74811
1.82044
1.89513
1.97264
2.05007
2.12073
2.17437
2.19841
2.18005
2.10892
1.97998
1.79574
1.56707
1.31239
1.05511
0.820119
0.629781
0.498718
0.426624
0.396783
0.389151
0.392854
0.404894
0.422893
0.441016
0.451234
0.446954
0.425837
0.390712
0.348772
0.309402
0.281002
0.268046
0.270993
0.289173
0.322178
0.367802
0.420091
0.470191
0.508949
0.529516
0.529047
0.509224
0.475616
0.436266
0.400013
0.37498
0.367309
0.380166
0.413502
0.464768
0.529828
0.603344
0.678812
0.74878
0.805517
0.842103
0.853576
0.837775
0.795557
0.730405
0.647626
0.553495
0.454554
0.357093
0.266692
0.187745
0.123025
0.0734866
0.0384105
0.0159273
0.00376394
0
0
0.00436236
0.0177219
0.0403376
0.0722156
0.113067
0.162281
0.21892
0.281742
0.349272
0.419924
0.492149
0.564606
0.636319
0.706829
0.776334
0.845785
0.916839
0.99153
1.07158
1.15757
1.24832
1.341
1.43199
1.51804
1.59743
1.67043
1.73905
1.80615
1.87413
1.94358
2.01216
2.07407
2.12025
2.13946
2.1202
2.05317
1.93368
1.76357
1.55189
1.31416
1.07027
0.841452
0.646983
0.500771
0.407591
0.360982
0.348453
0.360612
0.392289
0.437256
0.485939
0.52766
0.553803
0.559819
0.545808
0.515885
0.476641
0.435117
0.397006
0.365977
0.344578
0.33565
0.341967
0.363453
0.395199
0.429104
0.457381
0.475216
0.481864
0.480449
0.476815
0.47774
0.488905
0.513324
0.550995
0.599732
0.656302
0.71706
0.778011
0.834634
0.881866
0.914491
0.927885
0.918876
0.886364
0.831481
0.757293
0.668259
0.569688
0.467321
0.366946
0.27394
0.192695
0.126071
0.0751017
0.039093
0.0161207
0.00378521
0
0
0.00436995
0.0178173
0.0407608
0.0734544
0.115934
0.167953
0.228897
0.297717
0.372905
0.452544
0.534463
0.616477
0.696664
0.773643
0.846801
0.916441
0.983779
1.05071
1.11929
1.19102
1.2662
1.34378
1.42173
1.49789
1.57078
1.64018
1.70706
1.77294
1.839
1.90486
1.96779
2.02228
2.06043
2.07292
2.05079
1.98725
1.87953
1.73001
1.54643
1.34108
1.12917
0.926692
0.748223
0.604964
0.503336
0.444403
0.424697
0.438089
0.476902
0.531836
0.592297
0.647712
0.689146
0.710492
0.708977
0.684989
0.641459
0.583101
0.515796
0.446266
0.38205
0.331487
0.302476
0.298574
0.315471
0.34374
0.374711
0.40359
0.429848
0.456281
0.487159
0.525957
0.573724
0.628879
0.688181
0.747989
0.805118
0.857106
0.901985
0.937826
0.962397
0.973165
0.967676
0.944128
0.901855
0.841531
0.765113
0.675683
0.577305
0.474885
0.373863
0.27966
0.196924
0.128818
0.0766166
0.0397531
0.0163129
0.00380695
0
0
0.00437742
0.0179066
0.0411457
0.0745649
0.118496
0.173043
0.237953
0.312455
0.395137
0.48391
0.576112
0.668767
0.758937
0.84412
0.922604
0.993736
1.05804
1.11713
1.17335
1.22923
1.28684
1.34739
1.41107
1.47741
1.54569
1.6153
1.68586
1.75688
1.8273
1.8949
1.95589
2.00493
2.03555
2.0411
2.01598
1.95682
1.86346
1.73926
1.59083
1.42715
1.2584
1.09485
0.945947
0.819512
0.721203
0.654113
0.618592
0.612272
0.63024
0.665393
0.70911
0.752275
0.786416
0.804642
0.802178
0.77659
0.727891
0.658751
0.574785
0.484714
0.400013
0.333234
0.293518
0.280448
0.284803
0.297678
0.316138
0.342164
0.379191
0.429143
0.491182
0.562078
0.637248
0.711724
0.780937
0.841338
0.890804
0.928653
0.955237
0.971233
0.976969
0.972076
0.955574
0.926255
0.883113
0.82568
0.754291
0.670363
0.576662
0.477386
0.377859
0.283806
0.200372
0.131218
0.078001
0.0403765
0.0164996
0.00382866
0
0
0.00438473
0.0179892
0.0414874
0.0755238
0.120674
0.177353
0.245659
0.325149
0.414626
0.512
0.614304
0.717914
0.818929
0.913663
0.99915
1.07359
1.13664
1.18952
1.23483
1.27613
1.3173
1.36191
1.41265
1.471
1.53719
1.61033
1.68853
1.76903
1.84819
1.92158
1.98414
2.0305
2.05561
2.05543
2.02767
1.97233
1.8918
1.79055
1.67428
1.54902
1.42038
1.29332
1.17223
1.06112
0.963778
0.883574
0.823027
0.783249
0.76338
0.760309
0.768872
0.782557
0.794477
0.798298
0.788925
0.762993
0.719378
0.65985
0.589658
0.517417
0.453284
0.404786
0.372358
0.349889
0.331426
0.317753
0.317481
0.340961
0.391042
0.461517
0.54304
0.627288
0.70774
0.779382
0.838592
0.883334
0.913374
0.930191
0.936388
0.934743
0.927268
0.914666
0.896303
0.870561
0.835303
0.788389
0.728264
0.654657
0.569183
0.475563
0.379245
0.286465
0.203033
0.133242
0.0792309
0.0409508
0.0166768
0.00384987
0
0
0.00439184
0.0180649
0.0417839
0.0763182
0.122416
0.18073
0.25165
0.335061
0.430055
0.534693
0.645914
0.759661
0.871249
0.975915
1.06948
1.14897
1.21312
1.26265
1.30025
1.33026
1.3581
1.38937
1.42901
1.4804
1.54492
1.62176
1.70813
1.79956
1.89034
1.97398
2.04373
2.09331
2.11767
2.11381
2.0814
2.023
1.94356
1.84939
1.74674
1.64054
1.53381
1.42778
1.32271
1.21892
1.11771
1.02169
0.934645
0.860544
0.802373
0.761086
0.735262
0.721509
0.715321
0.712009
0.707504
0.69894
0.685064
0.6664
0.644894
0.62273
0.600609
0.576817
0.548418
0.514393
0.478957
0.452818
0.449717
0.477587
0.53249
0.603027
0.677665
0.747692
0.807134
0.852163
0.880883
0.89343
0.892031
0.880646
0.864051
0.84656
0.830867
0.81749
0.804909
0.790092
0.769115
0.737852
0.692855
0.632361
0.557114
0.470602
0.378561
0.287831
0.204948
0.134879
0.0802886
0.0414651
0.0168407
0.00387007
0
0
0.00439872
0.0181338
0.0420362
0.0769468
0.123702
0.183083
0.25567
0.341611
0.440297
0.550047
0.667898
0.789624
0.910037
1.02358
1.1251
1.21062
1.27802
1.32745
1.36142
1.3846
1.40325
1.42434
1.4545
1.49882
1.56008
1.63836
1.73107
1.83323
1.93786
2.03656
2.12021
2.17998
2.2086
2.20177
2.15926
2.08527
1.98774
1.87644
1.76066
1.64707
1.53866
1.43482
1.33278
1.22948
1.12359
1.01685
0.914242
0.822659
0.748467
0.695161
0.662586
0.648095
0.648354
0.660378
0.681642
0.709837
0.74259
0.777173
0.810183
0.837407
0.854206
0.856686
0.843484
0.817455
0.786238
0.760675
0.750867
0.761528
0.790087
0.828916
0.869054
0.902635
0.923795
0.928965
0.917133
0.890047
0.852109
0.809657
0.769593
0.737598
0.716618
0.70628
0.703371
0.702789
0.698461
0.684247
0.655035
0.607918
0.543061
0.463889
0.376454
0.288157
0.206186
0.13613
0.0811615
0.0419105
0.0169879
0.00388882
0
0
0.00440536
0.0181967
0.0422483
0.0774197
0.124544
0.1844
0.257615
0.344473
0.444603
0.55662
0.677817
0.804064
0.930039
1.0498
1.15763
1.24891
1.32088
1.37312
1.4077
1.42905
1.44349
1.45846
1.48151
1.51911
1.57567
1.6528
1.74907
1.85995
1.97785
2.09257
2.19207
2.2639
2.29725
2.2852
2.22666
2.12719
1.99809
1.85377
1.70823
1.57167
1.44853
1.33742
1.23315
1.12997
1.02504
0.921043
0.826601
0.753385
0.709783
0.69524
0.701457
0.719383
0.744402
0.776552
0.817967
0.870225
0.932814
1.00276
1.0749
1.14259
1.19868
1.23694
1.25367
1.24888
1.2266
1.19385
1.1585
1.12696
1.1024
1.08431
1.06911
1.05154
1.02622
0.989162
0.938924
0.877269
0.809112
0.741696
0.683018
0.639741
0.615191
0.608406
0.614674
0.626922
0.637095
0.637364
0.621378
0.58547
0.529456
0.456731
0.373554
0.287701
0.206825
0.137006
0.0818416
0.0422798
0.0171157
0.00390566
0
0
0.00441171
0.0182542
0.0424261
0.0777577
0.124987
0.184752
0.257556
0.343643
0.442756
0.553775
0.674347
0.800692
0.927741
1.04967
1.16073
1.25615
1.33289
1.39011
1.4293
1.45421
1.47044
1.485
1.50547
1.53904
1.59138
1.66574
1.76213
1.87685
2.00221
2.12667
2.23579
2.31407
2.3477
2.3277
2.25256
2.12934
1.97257
1.80095
1.63266
1.4808
1.3505
1.23896
1.13856
1.04183
0.946649
0.859937
0.797162
0.774026
0.792903
0.839169
0.892949
0.941176
0.981006
1.01742
1.05887
1.11301
1.18378
1.27027
1.36719
1.46607
1.55679
1.6292
1.67491
1.68895
1.6708
1.62449
1.55742
1.47853
1.39609
1.31585
1.24007
1.1676
1.09522
1.01948
0.938574
0.853409
0.767872
0.688133
0.621285
0.573493
0.548016
0.543864
0.555863
0.575987
0.59505
0.604255
0.59659
0.567998
0.518079
0.450116
0.370357
0.286674
0.206937
0.137518
0.082324
0.0425675
0.0172215
0.00392023
0
0
0.00441774
0.0183072
0.0425775
0.0779899
0.125106
0.184292
0.255746
0.339479
0.435176
0.54189
0.657668
0.779282
0.902289
1.02149
1.1317
1.22855
1.3092
1.37269
1.41999
1.45393
1.47887
1.50052
1.52543
1.56037
1.61136
1.68255
1.77512
1.88638
2.00916
2.13183
2.23927
2.315
2.34438
2.31812
2.2353
2.1045
1.94236
1.7697
1.60605
1.46435
1.348
1.25175
1.16615
1.08375
1.00472
0.940087
0.90865
0.924115
0.981195
1.05802
1.1313
1.1873
1.22422
1.24965
1.276
1.31559
1.37651
1.46049
1.56295
1.67456
1.78325
1.87605
1.94107
1.96949
1.95724
1.90583
1.82181
1.71506
1.59632
1.47477
1.35635
1.24337
1.13538
1.03079
0.928679
0.829943
0.737558
0.656058
0.590483
0.545055
0.521809
0.519472
0.533139
0.555065
0.576169
0.587673
0.582576
0.556784
0.509758
0.444548
0.367139
0.285211
0.206573
0.137678
0.0826065
0.0427698
0.0173034
0.00393219
0
0
0.00442339
0.0183567
0.0427106
0.0781504
0.124999
0.18324
0.252604
0.332681
0.422914
0.52241
0.629599
0.741947
0.855939
0.967448
1.07237
1.16733
1.25018
1.32026
1.37829
1.42617
1.46672
1.50359
1.5412
1.5845
1.63844
1.70705
1.79225
1.89259
2.00241
2.11167
2.20682
2.27298
2.29708
2.27132
2.19591
2.07989
1.93938
1.79348
1.65897
1.54572
1.45502
1.38135
1.31669
1.25548
1.19865
1.15523
1.13869
1.15728
1.20521
1.26449
1.31537
1.34562
1.35389
1.34834
1.34267
1.35129
1.38474
1.44679
1.53408
1.63776
1.74579
1.84481
1.92182
1.96604
1.97087
1.93518
1.86342
1.7642
1.64787
1.52393
1.39914
1.27699
1.15848
1.04367
0.933213
0.829252
0.735343
0.655689
0.594056
0.552818
0.532285
0.530282
0.542038
0.5606
0.577853
0.585885
0.578307
0.55131
0.504303
0.440004
0.363939
0.283352
0.205757
0.137494
0.0826887
0.0428843
0.0173602
0.00394128
0
0
0.00442858
0.0184032
0.0428331
0.0782748
0.124775
0.181858
0.24867
0.324221
0.407555
0.497705
0.593437
0.692966
0.793889
0.893452
0.989041
1.0787
1.16146
1.23739
1.30732
1.37241
1.43382
1.49265
1.55016
1.60822
1.66942
1.73668
1.81225
1.89628
1.9856
2.07325
2.14906
2.20154
2.22059
2.20043
2.14163
2.05151
1.94249
1.82877
1.72267
1.63196
1.55898
1.50168
1.45562
1.4164
1.38197
1.35372
1.33532
1.32893
1.33135
1.33379
1.32599
1.3016
1.26127
1.21274
1.16835
1.14147
1.14245
1.1756
1.23853
1.32374
1.42093
1.51852
1.60466
1.66856
1.70226
1.70231
1.67033
1.61215
1.53563
1.4482
1.35498
1.25835
1.15888
1.05696
0.954375
0.85488
0.763766
0.686539
0.627406
0.588207
0.568146
0.564114
0.571171
0.583042
0.592788
0.593729
0.580432
0.549599
0.500668
0.436007
0.36058
0.281052
0.204486
0.13697
0.0825721
0.0429104
0.0173909
0.00394729
0
0
0.00443321
0.0184469
0.0429513
0.0783955
0.124542
0.180423
0.244537
0.315221
0.391006
0.470749
0.553483
0.638154
0.723509
0.808265
0.891471
0.972844
1.05291
1.13282
1.21384
1.29668
1.38089
1.46479
1.54602
1.6226
1.69392
1.76108
1.82631
1.89149
1.95654
2.01834
2.07086
2.10643
2.11784
2.10053
2.05404
1.98236
1.89298
1.79518
1.6982
1.60979
1.53524
1.47673
1.43304
1.39985
1.37105
1.34052
1.30384
1.25878
1.20478
1.14195
1.07086
0.993164
0.912641
0.835632
0.770578
0.726562
0.710942
0.726815
0.772125
0.841076
0.926086
1.01869
1.1098
1.19035
1.25284
1.29287
1.31004
1.30728
1.28916
1.25964
1.22063
1.17187
1.11219
1.0413
0.961331
0.877254
0.796058
0.72498
0.669498
0.631959
0.611389
0.60431
0.605765
0.610082
0.611418
0.604315
0.584361
0.548844
0.497302
0.431798
0.356748
0.278211
0.202743
0.13611
0.0822605
0.0428489
0.0173952
0.0039501
0
0
0.00443715
0.0184876
0.0430689
0.078538
0.124392
0.17919
0.240782
0.306804
0.375224
0.44466
0.514343
0.583873
0.653048
0.721949
0.791193
0.862149
0.936906
1.01787
1.10701
1.20478
1.30938
1.41652
1.52036
1.61511
1.69683
1.76453
1.82004
1.86675
1.90758
1.94334
1.97197
1.98916
1.98977
1.96953
1.92637
1.861
1.77684
1.67937
1.57529
1.47151
1.37419
1.28782
1.21427
1.15206
1.0962
1.03943
0.974587
0.897253
0.807276
0.708577
0.607633
0.51151
0.426329
0.356632
0.305681
0.276152
0.270221
0.288468
0.329009
0.388126
0.461166
0.54277
0.626983
0.707872
0.780613
0.842523
0.89338
0.934676
0.968061
0.993747
1.00979
1.01268
0.998944
0.967047
0.918753
0.859352
0.796621
0.738793
0.692267
0.660031
0.641458
0.633306
0.631024
0.629669
0.624401
0.610843
0.585482
0.546163
0.49257
0.426555
0.352092
0.274715
0.200508
0.13492
0.0817604
0.0427023
0.0173735
0.00394964
0
0
0.00444025
0.0185245
0.0431866
0.0787169
0.124394
0.178362
0.237884
0.299939
0.361937
0.422223
0.480162
0.535901
0.590114
0.643979
0.699368
0.758991
0.826282
0.904812
0.997245
1.10402
1.22229
1.34582
1.46605
1.57416
1.66348
1.73113
1.77843
1.80981
1.8307
1.84527
1.85495
1.8582
1.85143
1.83048
1.79202
1.73449
1.65828
1.56544
1.45883
1.34132
1.21532
1.08314
0.94785
0.813997
0.687345
0.573473
0.475805
0.394432
0.326694
0.269094
0.218919
0.174633
0.135474
0.101011
0.0708502
0.0448864
0.0291457
0.0449989
0.0842432
0.135206
0.193417
0.254621
0.31476
0.371126
0.423297
0.473275
0.524463
0.579671
0.639116
0.69959
0.755165
0.798913
0.824928
0.830088
0.815141
0.784754
0.746374
0.708151
0.676596
0.654948
0.642962
0.637915
0.635926
0.632863
0.624786
0.608186
0.58026
0.539302
0.485166
0.419611
0.346327
0.270474
0.197774
0.133412
0.0810819
0.0424745
0.0173266
0.00394593
0
0
0.00444234
0.0185564
0.0433016
0.0789339
0.124577
0.178057
0.236162
0.295312
0.352408
0.4055
0.454006
0.498492
0.54032
0.581482
0.624683
0.673478
0.732133
0.804964
0.895109
1.00302
1.12532
1.25469
1.38109
1.49405
1.58531
1.65083
1.69154
1.71255
1.72103
1.72372
1.72483
1.72515
1.72247
1.71281
1.69196
1.65648
1.60408
1.53329
1.44287
1.33129
1.19698
1.03921
0.859628
0.663399
0.45949
0.259864
0.0777947
0.0750303
0.188375
0.257926
0.283808
0.271006
0.228253
0.166473
0.0970311
0.0300474
0.0275462
0.0722026
0.106025
0.134594
0.163517
0.194007
0.222466
0.244045
0.256784
0.26455
0.277605
0.30795
0.360311
0.428851
0.502357
0.56965
0.62216
0.655078
0.667879
0.664101
0.65018
0.633441
0.619839
0.612388
0.610968
0.613285
0.616073
0.615897
0.609501
0.593974
0.566979
0.527122
0.474413
0.41062
0.339317
0.265462
0.194556
0.131609
0.080239
0.0421713
0.0172556
0.00393906
0
0
0.00444325
0.0185814
0.0434073
0.0791767
0.124931
0.178297
0.235735
0.293245
0.347295
0.39562
0.43757
0.473961
0.506664
0.538263
0.571981
0.611717
0.661921
0.726967
0.809953
0.911223
1.02727
1.15068
1.27135
1.37875
1.46446
1.5243
1.55917
1.57448
1.57827
1.57871
1.58182
1.58998
1.60187
1.61328
1.61852
1.6117
1.58755
1.54171
1.47072
1.37206
1.24445
1.08869
0.908854
0.713407
0.516175
0.338565
0.217898
0.198789
0.238034
0.264495
0.255644
0.212572
0.148296
0.0954935
0.115549
0.180184
0.240139
0.280608
0.298519
0.297331
0.285286
0.272292
0.264444
0.259779
0.250654
0.230631
0.200606
0.174322
0.178799
0.225967
0.296935
0.370802
0.434825
0.4825
0.512252
0.526633
0.531077
0.531971
0.534495
0.541141
0.551587
0.563644
0.574364
0.580702
0.579758
0.568902
0.545993
0.509781
0.460382
0.399633
0.331116
0.259737
0.190903
0.129543
0.0792499
0.0417999
0.0171624
0.0039292
0
0
0.00444277
0.0185972
0.0434942
0.0794195
0.125405
0.179001
0.236506
0.293659
0.3466
0.392734
0.431198
0.462835
0.489799
0.515107
0.542325
0.575407
0.618476
0.675281
0.748229
0.837221
0.938816
1.04626
1.15062
1.2427
1.31536
1.36524
1.39358
1.40568
1.40937
1.41281
1.42233
1.4408
1.46697
1.49586
1.52003
1.53118
1.52179
1.48634
1.42188
1.328
1.20646
1.06098
0.897302
0.723522
0.550054
0.389014
0.253061
0.154422
0.103264
0.0960757
0.115391
0.156336
0.216478
0.286771
0.356065
0.414427
0.454325
0.471218
0.464116
0.436093
0.394418
0.349561
0.311888
0.285887
0.266532
0.243411
0.208652
0.162498
0.119831
0.118861
0.169907
0.237516
0.300496
0.350401
0.384981
0.406246
0.419086
0.42939
0.441872
0.458565
0.478763
0.50005
0.519404
0.533786
0.540292
0.536243
0.519437
0.48859
0.443837
0.387079
0.321966
0.253436
0.186896
0.127261
0.0781367
0.0413689
0.0170492
0.00391656
0
0
0.00444075
0.0186013
0.0435502
0.0796252
0.125911
0.179996
0.238172
0.296091
0.349688
0.396057
0.434007
0.464161
0.488678
0.510774
0.534224
0.562931
0.60051
0.649768
0.712024
0.78641
0.869471
0.955404
1.03707
1.10757
1.16195
1.19845
1.21887
1.228
1.23234
1.23847
1.25144
1.27336
1.30261
1.33383
1.35887
1.36861
1.35514
1.31364
1.24337
1.14745
1.03153
0.902103
0.765302
0.626423
0.490041
0.360228
0.241154
0.141329
0.0976081
0.14748
0.227636
0.30672
0.376239
0.432067
0.471909
0.494762
0.50045
0.489322
0.46244
0.422293
0.373675
0.324011
0.281964
0.253183
0.235324
0.219003
0.194937
0.159954
0.121026
0.102365
0.128607
0.180154
0.232827
0.276063
0.306586
0.325687
0.337811
0.348752
0.363352
0.383702
0.408917
0.436262
0.462387
0.483945
0.497725
0.500746
0.490533
0.465607
0.426018
0.373666
0.312252
0.246765
0.182642
0.124816
0.0769249
0.040888
0.0169186
0.00390142
0
0
0.00443701
0.0185913
0.0435621
0.0797492
0.126335
0.181035
0.240268
0.299758
0.355372
0.403965
0.443967
0.475602
0.500737
0.522466
0.544522
0.570655
0.604027
0.646649
0.698891
0.759167
0.823953
0.888299
0.946827
0.995011
1.03032
1.05281
1.06496
1.07081
1.07485
1.08094
1.0915
1.1069
1.12502
1.14108
1.14825
1.13898
1.10704
1.04956
0.968249
0.869197
0.761176
0.653
0.551053
0.45817
0.374541
0.300478
0.240503
0.207073
0.213374
0.252623
0.303696
0.349653
0.380867
0.393519
0.388502
0.370177
0.344446
0.316393
0.288476
0.260609
0.232297
0.205266
0.184287
0.174177
0.174156
0.177053
0.175239
0.165833
0.152799
0.146658
0.157778
0.185151
0.218635
0.248896
0.271036
0.284529
0.292384
0.299663
0.31129
0.329901
0.355057
0.384113
0.413515
0.439561
0.458623
0.467294
0.462715
0.443111
0.408342
0.360223
0.302433
0.239966
0.178266
0.12227
0.0756418
0.040368
0.0167735
0.00388414
0
0
0.00443143
0.0185646
0.043516
0.079744
0.126549
0.181829
0.24223
0.303666
0.362074
0.414174
0.458054
0.493453
0.52173
0.545528
0.56821
0.593186
0.623227
0.659893
0.703124
0.75112
0.800583
0.847373
0.887503
0.918226
0.938818
0.95072
0.956897
0.96066
0.964478
0.969275
0.97436
0.977738
0.97644
0.966784
0.944707
0.906428
0.849512
0.774081
0.683673
0.585216
0.487897
0.401019
0.331334
0.280854
0.246964
0.225702
0.21546
0.217092
0.230042
0.249164
0.265996
0.272187
0.262109
0.234281
0.192061
0.144353
0.107357
0.100019
0.116278
0.132942
0.138898
0.134896
0.129735
0.135027
0.154347
0.180254
0.203512
0.218868
0.225694
0.227086
0.228036
0.23267
0.241791
0.252902
0.262586
0.268963
0.272769
0.276992
0.285395
0.300584
0.322802
0.35009
0.379215
0.406434
0.42786
0.439732
0.438836
0.423086
0.392105
0.347541
0.29296
0.233282
0.173891
0.119683
0.0743156
0.0398197
0.0166169
0.00386509
0
0
0.00442392
0.0185193
0.0433995
0.0795643
0.126427
0.18209
0.24347
0.306755
0.368057
0.424076
0.472642
0.513028
0.545984
0.573491
0.598282
0.623229
0.65071
0.682089
0.717374
0.755167
0.792921
0.827539
0.856216
0.877315
0.890961
0.899027
0.90435
0.909425
0.915156
0.92028
0.921671
0.915209
0.896781
0.863152
0.812641
0.745569
0.664429
0.573717
0.479414
0.388206
0.306633
0.240429
0.194135
0.17017
0.166634
0.176977
0.193537
0.210118
0.221948
0.225049
0.216088
0.192785
0.154608
0.103493
0.0454686
0.0327814
0.0878243
0.136243
0.168492
0.181339
0.176091
0.159955
0.147444
0.155288
0.185677
0.225785
0.263217
0.291008
0.306686
0.311026
0.30699
0.298574
0.289504
0.282108
0.276997
0.273835
0.272564
0.274147
0.280314
0.292573
0.311221
0.334997
0.361349
0.386895
0.407807
0.420201
0.420658
0.406872
0.378246
0.336229
0.284204
0.226925
0.169631
0.117113
0.0729737
0.0392543
0.0164522
0.00384469
0
0
0.00441446
0.0184537
0.0432027
0.0791718
0.12586
0.181558
0.243459
0.308056
0.371699
0.431167
0.484142
0.52951
0.567434
0.599185
0.626773
0.652443
0.678171
0.70523
0.733951
0.763688
0.793027
0.820183
0.843541
0.862227
0.876525
0.887863
0.898178
0.908827
0.919514
0.927832
0.929609
0.919822
0.893741
0.848074
0.781984
0.69778
0.601022
0.499807
0.403233
0.319345
0.253224
0.206431
0.178806
0.170703
0.181251
0.204935
0.233131
0.257617
0.272076
0.272332
0.256384
0.224486
0.179235
0.125854
0.0745506
0.053911
0.0812083
0.114622
0.136289
0.143046
0.138536
0.133739
0.144328
0.176788
0.222796
0.270965
0.313218
0.344973
0.364393
0.371713
0.368685
0.35806
0.343077
0.326909
0.31215
0.30055
0.293138
0.290595
0.293519
0.302335
0.316923
0.336273
0.358363
0.380266
0.398418
0.409032
0.408684
0.394988
0.367216
0.326633
0.276402
0.221043
0.165575
0.11461
0.0716411
0.0386826
0.0162827
0.00382337
0
0
0.00440306
0.0183672
0.042919
0.0785401
0.124771
0.180046
0.241802
0.30683
0.371747
0.433479
0.489666
0.53893
0.580957
0.616403
0.646623
0.673301
0.698056
0.722119
0.746161
0.770304
0.794261
0.81754
0.839661
0.860375
0.879854
0.898669
0.917417
0.936048
0.953238
0.96616
0.970773
0.962488
0.937048
0.891515
0.825288
0.74091
0.644299
0.544121
0.450214
0.371357
0.313117
0.276992
0.261691
0.264932
0.283325
0.311463
0.342486
0.3696
0.387243
0.391683
0.381278
0.356534
0.319921
0.275441
0.228041
0.183047
0.145659
0.120201
0.108682
0.110081
0.122608
0.145574
0.178012
0.217238
0.259259
0.299898
0.33567
0.364196
0.384251
0.395571
0.398626
0.394452
0.384588
0.371016
0.35601
0.341863
0.330576
0.323649
0.322021
0.326086
0.335643
0.349774
0.366706
0.383812
0.397784
0.405033
0.402266
0.387159
0.358957
0.318798
0.269634
0.215715
0.161783
0.112213
0.0703396
0.0381145
0.0161117
0.00380159
0
0
0.00438983
0.0182597
0.0425464
0.0776576
0.123121
0.177455
0.238288
0.302674
0.367496
0.429878
0.487515
0.538899
0.583408
0.621259
0.653338
0.680934
0.70544
0.728087
0.749814
0.771289
0.79301
0.815388
0.838739
0.86323
0.888837
0.915277
0.941849
0.967205
0.989201
1.00496
1.01116
1.00439
0.981686
0.941112
0.882539
0.808329
0.723627
0.635908
0.553698
0.484735
0.434209
0.403898
0.392618
0.39732
0.413881
0.437491
0.463109
0.48606
0.502551
0.510003
0.507193
0.494244
0.472444
0.443897
0.41109
0.376519
0.342485
0.311096
0.284322
0.263964
0.251437
0.247472
0.251911
0.263703
0.28112
0.302076
0.324457
0.346372
0.366277
0.38296
0.395436
0.40291
0.404911
0.40156
0.393795
0.38334
0.372414
0.363262
0.357728
0.356955
0.361238
0.369953
0.38153
0.393514
0.402783
0.405941
0.399892
0.382465
0.352972
0.312501
0.263829
0.210941
0.158279
0.109947
0.0690868
0.0375592
0.0159421
0.00377978
0
0
0.00437492
0.0181324
0.0420875
0.0765292
0.120916
0.17379
0.232911
0.295553
0.358862
0.420191
0.477376
0.528916
0.574058
0.612798
0.645781
0.674119
0.699139
0.722138
0.744232
0.766348
0.789289
0.813764
0.840303
0.869077
0.899727
0.931262
0.962037
0.989841
1.0121
1.02617
1.02963
1.02045
0.997236
0.959419
0.907685
0.844389
0.773743
0.701495
0.634003
0.576929
0.534014
0.506468
0.493171
0.491436
0.497851
0.50894
0.521606
0.533389
0.542545
0.547993
0.549172
0.545882
0.538134
0.526011
0.509569
0.488803
0.463771
0.43486
0.40308
0.37018
0.338483
0.310523
0.288645
0.274679
0.269648
0.27351
0.285128
0.302632
0.323924
0.346947
0.369625
0.389763
0.405226
0.414444
0.416933
0.413534
0.406231
0.397623
0.390278
0.386164
0.386273
0.390449
0.397397
0.404828
0.409761
0.408976
0.399578
0.379595
0.348474
0.307321
0.258799
0.20666
0.155059
0.107825
0.0678957
0.0370243
0.015777
0.00375837
0
0
0.00435854
0.0179871
0.04155
0.0751765
0.118207
0.169154
0.225862
0.285793
0.346346
0.405139
0.460225
0.510231
0.554444
0.592838
0.62604
0.655185
0.681681
0.706938
0.732162
0.758287
0.78599
0.815722
0.847629
0.881395
0.916079
0.950043
0.981049
1.00653
1.02398
1.03133
1.02718
1.01089
0.982516
0.94283
0.893391
0.836682
0.776127
0.715826
0.659934
0.611862
0.573592
0.545392
0.526045
0.513434
0.505237
0.499508
0.494994
0.491205
0.488238
0.486453
0.486083
0.486896
0.488028
0.488029
0.48507
0.477242
0.46294
0.441295
0.412563
0.378288
0.341157
0.304601
0.27232
0.247788
0.233661
0.231061
0.239274
0.256351
0.280057
0.308233
0.338516
0.368069
0.393806
0.413083
0.424435
0.427975
0.425304
0.419008
0.411952
0.406589
0.404428
0.405743
0.409528
0.413676
0.415342
0.411459
0.399319
0.377153
0.34457
0.302746
0.254285
0.202765
0.152094
0.10585
0.0667754
0.0365163
0.0156188
0.00373775
0
0
0.00434099
0.0178266
0.0409458
0.073636
0.115084
0.163737
0.217497
0.274
0.330907
0.386133
0.438012
0.485403
0.527768
0.56523
0.59856
0.62905
0.658259
0.687693
0.718537
0.751526
0.786934
0.824612
0.863963
0.903867
0.942601
0.977868
1.00703
1.02748
1.03718
1.03494
1.02056
0.99475
0.958847
0.914647
0.864291
0.810239
0.755209
0.701952
0.652879
0.609625
0.572739
0.541676
0.515096
0.491385
0.469193
0.447818
0.427357
0.408617
0.392862
0.381435
0.375282
0.37448
0.377965
0.383616
0.388655
0.390182
0.385721
0.373705
0.353856
0.327337
0.296626
0.265148
0.236792
0.21532
0.203587
0.202731
0.212054
0.229905
0.254594
0.284452
0.317339
0.350371
0.38026
0.404087
0.420059
0.427921
0.428907
0.425309
0.419849
0.415007
0.412463
0.412726
0.415014
0.417394
0.417165
0.411392
0.397522
0.373956
0.340454
0.29828
0.250022
0.199136
0.149343
0.104015
0.065731
0.0360402
0.0154698
0.00371826
0
0
0.00432259
0.0176546
0.0402911
0.0719566
0.111666
0.157791
0.208285
0.260967
0.31378
0.364971
0.413211
0.457665
0.498073
0.534806
0.568865
0.601731
0.635063
0.670333
0.708527
0.750005
0.794497
0.841168
0.888653
0.935049
0.97792
1.01443
1.04168
1.05724
1.0596
1.04857
1.02514
0.991251
0.949248
0.901574
0.850544
0.798318
0.746889
0.697989
0.652888
0.612155
0.575527
0.542018
0.510267
0.479024
0.447587
0.416033
0.385204
0.356493
0.331558
0.312014
0.299099
0.293252
0.293759
0.298684
0.305234
0.310377
0.311477
0.306781
0.295747
0.279134
0.258867
0.237698
0.218762
0.205038
0.198747
0.20087
0.211176
0.228738
0.252376
0.280631
0.31149
0.34234
0.370338
0.393033
0.408935
0.417803
0.420596
0.419152
0.415715
0.412412
0.410764
0.411304
0.413385
0.415243
0.414324
0.407819
0.393289
0.369248
0.335557
0.293541
0.245783
0.195662
0.146762
0.102312
0.0647646
0.0355997
0.0153317
0.00370019
0
0
0.00430371
0.017475
0.0396043
0.0701951
0.108091
0.151598
0.198744
0.247553
0.296277
0.343532
0.38836
0.430283
0.469364
0.506258
0.54218
0.578702
0.617406
0.65949
0.705501
0.755246
0.807859
0.861919
0.915532
0.966354
1.01164
1.0484
1.07384
1.08583
1.08348
1.06736
1.03934
1.00213
0.958604
0.911397
0.862624
0.813942
0.766667
0.72183
0.680094
0.641591
0.605818
0.571747
0.538137
0.503985
0.468907
0.433306
0.39829
0.365394
0.336252
0.312316
0.294639
0.283666
0.278998
0.279269
0.282296
0.285535
0.286668
0.284092
0.277213
0.266495
0.253298
0.23957
0.227495
0.219144
0.21616
0.219508
0.229388
0.245314
0.266243
0.290654
0.316609
0.341925
0.3645
0.382694
0.395622
0.403264
0.406382
0.406316
0.404693
0.403101
0.402729
0.404016
0.406406
0.408317
0.407372
0.400894
0.386519
0.362804
0.32963
0.28832
0.241425
0.192259
0.144316
0.100729
0.0638766
0.035197
0.0152058
0.00368376
0
0
0.00428474
0.0172925
0.0389057
0.0684123
0.104502
0.145447
0.189381
0.234572
0.279609
0.323492
0.365657
0.40599
0.444873
0.483195
0.522261
0.563536
0.608251
0.657042
0.709764
0.765524
0.822868
0.879981
0.93481
0.985094
1.02839
1.06218
1.08424
1.09309
1.08842
1.07129
1.04386
1.00891
0.96918
0.92691
0.883683
0.840567
0.798341
0.757647
0.718955
0.682401
0.647652
0.613933
0.580284
0.54594
0.51067
0.47494
0.439824
0.406747
0.377163
0.352279
0.332873
0.319187
0.310845
0.306804
0.305439
0.304813
0.303101
0.299006
0.292031
0.282526
0.271532
0.26052
0.251104
0.244796
0.242812
0.245915
0.254299
0.267544
0.284658
0.304189
0.324437
0.343707
0.36058
0.374106
0.383885
0.390027
0.393069
0.393869
0.393492
0.393041
0.393406
0.394961
0.397275
0.398992
0.397966
0.391672
0.377806
0.354896
0.322752
0.282603
0.236906
0.188891
0.141982
0.0992586
0.0630661
0.0348336
0.015093
0.00366913
0
0
0.00426606
0.0171117
0.0382161
0.0666681
0.101036
0.1396
0.180644
0.222711
0.264744
0.306131
0.346685
0.38663
0.426601
0.467593
0.510809
0.557344
0.607797
0.661988
0.718904
0.776898
0.834013
0.888294
0.937948
0.981341
1.01693
1.04329
1.05922
1.06414
1.05827
1.04279
1.01958
0.990756
0.958229
0.923381
0.887059
0.849787
0.812034
0.774353
0.737316
0.701318
0.666391
0.632186
0.598154
0.563848
0.529208
0.494693
0.46122
0.429964
0.402103
0.378596
0.360026
0.346501
0.337606
0.332393
0.329469
0.327201
0.324051
0.318916
0.311373
0.301733
0.290926
0.280263
0.271178
0.264993
0.262734
0.264984
0.271796
0.282678
0.296652
0.31242
0.328582
0.343884
0.357391
0.368538
0.37708
0.383007
0.386515
0.388026
0.388201
0.387863
0.387792
0.388424
0.38955
0.39012
0.388287
0.381729
0.368203
0.346168
0.31527
0.276545
0.232277
0.185564
0.139754
0.0978955
0.0623317
0.0345098
0.0149937
0.00365638
0
0
0.00424806
0.0169371
0.0375552
0.065018
0.0978137
0.134276
0.172882
0.212469
0.252333
0.292225
0.332292
0.37303
0.415217
0.459796
0.507645
0.559241
0.614332
0.671778
0.729669
0.785705
0.83767
0.88382
0.923045
0.954786
0.978824
0.9951
1.00367
1.00478
0.998969
0.987097
0.970169
0.949114
0.924587
0.896928
0.86631
0.832982
0.797454
0.760509
0.723037
0.685786
0.649176
0.613283
0.577982
0.543189
0.509049
0.476011
0.44477
0.416144
0.39094
0.369844
0.353313
0.341468
0.333983
0.330031
0.328331
0.327338
0.32555
0.321831
0.315663
0.307229
0.297334
0.287216
0.278296
0.271934
0.269203
0.270717
0.276542
0.286205
0.298801
0.313175
0.328151
0.342727
0.35617
0.36797
0.377733
0.385121
0.389923
0.392193
0.392347
0.391115
0.389335
0.387646
0.386168
0.384256
0.380455
0.372727
0.358933
0.337447
0.307694
0.270428
0.227669
0.182327
0.137645
0.0966405
0.0616725
0.0342251
0.0149079
0.00364552
0
0
0.0042311
0.0167729
0.0369408
0.0635095
0.0949304
0.129636
0.166325
0.204134
0.242687
0.282046
0.322628
0.365108
0.410297
0.458932
0.51139
0.56736
0.625622
0.684074
0.740065
0.790953
0.834689
0.870198
0.897452
0.917228
0.930714
0.939135
0.943494
0.944463
0.942366
0.937185
0.928589
0.915988
0.898688
0.876142
0.848227
0.815434
0.778854
0.739935
0.700136
0.660607
0.622036
0.584706
0.548691
0.514062
0.481023
0.449908
0.421117
0.39505
0.372103
0.352682
0.337185
0.325891
0.318769
0.315314
0.314503
0.314931
0.315098
0.313748
0.310135
0.304162
0.296361
0.287759
0.279675
0.273481
0.270365
0.271128
0.276056
0.284908
0.297009
0.311419
0.327132
0.343223
0.358898
0.373432
0.386085
0.396108
0.402892
0.406175
0.406172
0.403553
0.399253
0.394171
0.388836
0.383116
0.376072
0.366059
0.351119
0.329569
0.300588
0.264589
0.22326
0.179258
0.135681
0.0954989
0.0610878
0.0339787
0.0148351
0.00363649
0
0
0
0
0
0
0
0
0
0
0
0
0
0
0
0
0
0
0
0
0
0
0
4.82614e-07
0
0
4.20662e-07
0
0
0
0
0
4.08289e-07
0
0
3.13307e-07
1.98394e-07
0
0
0
2.53408e-07
2.1439e-07
0
0
0
1.46618e-07
4.57668e-08
0
0
0
6.05117e-08
1.28655e-07
6.89538e-08
5.30342e-08
4.07286e-08
9.20842e-08
0
7.49899e-08
0
0
0
0
0
1.14605e-07
6.08995e-08
0
0
1.05328e-07
0
0
0
0
0
0
0
1.7475e-07
0
0
0
0
0
0
0
0
0
0
0
0
0
0
0
0
0
0
0
0
0
0
0
0
0
