NUMBER_OF_POINTS=10000
DIMENSION=1
TYPE=Scalar
0
0.00481044
0.0189523
0.0415165
0.0710333
0.105731
0.143898
0.18422
0.225957
0.268974
0.313644
0.360691
0.411002
0.46541
0.524452
0.588147
0.655841
0.726192
0.797308
0.867019
0.933162
0.99381
1.04737
1.09258
1.12851
1.15457
1.17058
1.17688
1.17437
1.16444
1.14879
1.12936
1.10818
1.08731
1.06887
1.05478
1.04655
1.04484
1.04915
1.05758
1.06694
1.0731
1.07163
1.05847
1.03069
0.987267
0.92975
0.862495
0.792195
0.726615
0.672936
0.636321
0.619076
0.62031
0.63587
0.65879
0.680592
0.693277
0.691254
0.672399
0.637941
0.591493
0.53793
0.482552
0.43051
0.386148
0.352211
0.329322
0.316178
0.310323
0.30882
0.30869
0.30741
0.303377
0.295882
0.284548
0.268937
0.248925
0.225513
0.201163
0.179173
0.162384
0.152029
0.147571
0.147457
0.14977
0.15233
0.152861
0.149623
0.142062
0.13079
0.116876
0.101079
0.08373
0.0652116
0.0464079
0.0287291
0.0138916
0.00372672
0
0
0.0048056
0.0189263
0.0414732
0.0710255
0.105856
0.144254
0.184816
0.226632
0.269343
0.313096
0.358433
0.406115
0.45691
0.511355
0.569527
0.630922
0.694466
0.758707
0.822123
0.883413
0.941671
0.996346
1.04704
1.09321
1.13399
1.16809
1.19398
1.21016
1.21556
1.20994
1.1942
1.17056
1.14235
1.11362
1.08833
1.06963
1.05931
1.05743
1.06228
1.07045
1.07721
1.07714
1.06511
1.03733
0.992322
0.931618
0.8599
0.784342
0.713152
0.653711
0.611102
0.587633
0.583137
0.595151
0.618666
0.646229
0.669163
0.679616
0.672454
0.646276
0.603363
0.548872
0.489707
0.433298
0.386215
0.352592
0.332959
0.324605
0.323409
0.325532
0.327991
0.328582
0.325757
0.31847
0.305999
0.287978
0.264838
0.238318
0.211469
0.187857
0.170218
0.159411
0.154483
0.153608
0.154788
0.155948
0.155092
0.150821
0.142803
0.131619
0.118069
0.102571
0.0852387
0.0664472
0.047219
0.0291355
0.0140266
0.00374492
0
0
0.00480358
0.0189221
0.0415024
0.0711865
0.106305
0.145156
0.186264
0.22857
0.271529
0.315103
0.359677
0.405882
0.454382
0.505672
0.559932
0.616969
0.676253
0.737017
0.798396
0.85956
0.919834
0.978766
1.03611
1.0916
1.1446
1.19362
1.2362
1.26913
1.28916
1.29399
1.28314
1.25851
1.2243
1.18617
1.15
1.12049
1.10025
1.08954
1.08651
1.08753
1.08755
1.08062
1.06084
1.02373
0.967541
0.894277
0.809847
0.723169
0.644154
0.581013
0.538031
0.515334
0.510816
0.522022
0.545953
0.577582
0.609377
0.63276
0.640484
0.628564
0.597095
0.550032
0.494279
0.43839
0.390892
0.357993
0.341307
0.337586
0.341231
0.347135
0.351789
0.353057
0.349653
0.340756
0.325843
0.304844
0.278594
0.249227
0.220048
0.194666
0.17568
0.163744
0.157763
0.155866
0.156055
0.15631
0.154774
0.150237
0.142462
0.131916
0.119092
0.104083
0.0868407
0.0677826
0.0481049
0.0295825
0.0141752
0.0037648
0
0
0.00480423
0.0189384
0.041599
0.0715054
0.107063
0.146599
0.188602
0.231919
0.275884
0.320351
0.365588
0.412085
0.460331
0.510695
0.563431
0.618771
0.676987
0.738285
0.802521
0.868917
0.936058
1.00229
1.06633
1.12764
1.18614
1.2414
1.29174
1.33392
1.36373
1.37732
1.37261
1.35037
1.3145
1.27128
1.22777
1.18992
1.16108
1.14157
1.12911
1.11968
1.10815
1.08872
1.05563
1.00431
0.93291
0.843644
0.743311
0.642693
0.55446
0.4894
0.451869
0.438262
0.441366
0.456009
0.480176
0.512059
0.547142
0.578123
0.597214
0.598764
0.580863
0.545689
0.498957
0.44881
0.404199
0.372487
0.356659
0.354243
0.359489
0.366676
0.371808
0.372621
0.367971
0.357272
0.340235
0.317009
0.288618
0.257322
0.226442
0.199506
0.179007
0.165564
0.158153
0.155017
0.154244
0.153879
0.15215
0.147936
0.140983
0.131549
0.119782
0.105462
0.0884163
0.0691418
0.0490268
0.0300549
0.0143336
0.003786
0
0
0.00480727
0.0189727
0.0417548
0.0719639
0.108098
0.148545
0.191808
0.236707
0.282544
0.329138
0.376695
0.42556
0.475992
0.528121
0.582137
0.63858
0.698472
0.762989
0.832681
0.906643
0.982302
1.05616
1.12512
1.18766
1.24408
1.29557
1.34272
1.3843
1.41713
1.43709
1.44081
1.42725
1.39855
1.35991
1.31814
1.27965
1.24837
1.22478
1.20627
1.1884
1.16602
1.13394
1.08744
1.02295
0.939266
0.838763
0.728202
0.618624
0.523939
0.457238
0.424306
0.419385
0.430521
0.44866
0.470597
0.496176
0.524247
0.550724
0.569594
0.575392
0.565267
0.539867
0.503183
0.46171
0.423067
0.393944
0.377716
0.373198
0.375917
0.380776
0.383881
0.382917
0.376725
0.364739
0.346681
0.322681
0.293699
0.261875
0.230364
0.202517
0.180739
0.165733
0.156702
0.152133
0.150304
0.14939
0.147717
0.144197
0.138467
0.130497
0.120048
0.106598
0.0898746
0.0704636
0.049951
0.0305387
0.014498
0.00380811
0
0
0.00481236
0.0190219
0.0419592
0.0725364
0.109363
0.150924
0.195786
0.242813
0.291343
0.341221
0.392631
0.445793
0.500721
0.557238
0.615286
0.675381
0.738825
0.807315
0.881852
0.961505
1.04294
1.12122
1.1916
1.25127
1.30021
1.34077
1.37607
1.40817
1.43689
1.4598
1.47342
1.47501
1.46414
1.44338
1.41762
1.39218
1.37067
1.35348
1.3379
1.31935
1.29287
1.25407
1.19963
1.12767
1.03843
0.935071
0.824158
0.71558
0.621354
0.552676
0.514996
0.504429
0.510532
0.52318
0.536646
0.549208
0.560622
0.569837
0.574338
0.571107
0.558139
0.535472
0.505422
0.472128
0.440589
0.415287
0.398692
0.390446
0.387894
0.387553
0.386423
0.382483
0.374555
0.361916
0.344065
0.320874
0.293014
0.262299
0.231541
0.203803
0.181372
0.165084
0.15446
0.148343
0.145308
0.143763
0.142184
0.139501
0.135189
0.128871
0.119898
0.107452
0.0911648
0.0717065
0.0508517
0.0310217
0.0146648
0.00383072
0
0
0.00481905
0.0190825
0.0421988
0.0731912
0.110798
0.15363
0.200365
0.249958
0.301817
0.355826
0.412155
0.470924
0.531949
0.594758
0.658929
0.724574
0.792631
0.864569
0.941363
1.0222
1.1038
1.18096
1.24829
1.30207
1.3416
1.36932
1.38979
1.40798
1.4274
1.44898
1.47101
1.4905
1.50495
1.51378
1.51846
1.52129
1.52369
1.52496
1.52226
1.51161
1.48908
1.45165
1.39759
1.32673
1.2407
1.14326
1.04033
0.939582
0.849279
0.776463
0.724744
0.692888
0.675523
0.665791
0.65806
0.64913
0.637847
0.623994
0.607373
0.587588
0.564381
0.538089
0.509862
0.481534
0.45523
0.432807
0.415301
0.402611
0.39361
0.386625
0.379972
0.37227
0.362451
0.349599
0.332888
0.311804
0.286585
0.258559
0.230023
0.203612
0.181411
0.164376
0.152385
0.144715
0.140338
0.137996
0.136386
0.134479
0.131566
0.126904
0.119436
0.108051
0.0922791
0.0728517
0.051712
0.0314942
0.0148306
0.00385344
0
0
0.00482685
0.01915
0.0424587
0.0738914
0.112327
0.156527
0.205308
0.257734
0.313272
0.371803
0.433438
0.498203
0.565784
0.635509
0.706591
0.778537
0.851439
0.925873
1.00224
1.07977
1.15589
1.22637
1.28656
1.33294
1.36444
1.38296
1.39297
1.40046
1.41132
1.42977
1.45725
1.49246
1.5325
1.57419
1.61484
1.65217
1.68379
1.70695
1.71875
1.71668
1.69908
1.66534
1.61591
1.55218
1.47652
1.39222
1.30336
1.21439
1.1295
1.05194
0.983546
0.924534
0.873776
0.829349
0.789228
0.751819
0.716167
0.681852
0.64874
0.616781
0.585944
0.556243
0.527776
0.500735
0.475385
0.452012
0.430868
0.412087
0.395613
0.38116
0.36823
0.356145
0.34405
0.330921
0.315651
0.297353
0.275782
0.25165
0.22658
0.202615
0.181536
0.164364
0.15134
0.142206
0.136395
0.133059
0.131185
0.129824
0.128099
0.12492
0.118845
0.108484
0.0932483
0.0739006
0.0525234
0.0319491
0.0149926
0.00387589
0
0
0.00483522
0.01922
0.0427228
0.0745967
0.113867
0.159457
0.210334
0.26566
0.324906
0.387864
0.454493
0.524679
0.598014
0.673734
0.750821
0.828241
0.905171
0.981064
1.05541
1.1273
1.19494
1.25575
1.30692
1.34635
1.3736
1.39026
1.39997
1.40782
1.41955
1.44036
1.47367
1.52018
1.57774
1.64189
1.70676
1.7661
1.81417
1.84657
1.86081
1.85646
1.83493
1.79882
1.75124
1.69515
1.63306
1.5668
1.49754
1.42582
1.35169
1.27504
1.196
1.11536
1.03484
0.956999
0.884662
0.820224
0.764987
0.718891
0.680685
0.648384
0.619797
0.592951
0.566372
0.5392
0.511193
0.482629
0.454172
0.426694
0.401086
0.378046
0.357906
0.340516
0.325242
0.311053
0.296711
0.281063
0.263388
0.2437
0.222792
0.201984
0.18265
0.165824
0.152072
0.141595
0.134299
0.129779
0.127352
0.126192
0.125298
0.123279
0.118357
0.10888
0.0941319
0.0748707
0.053285
0.0323817
0.0151484
0.00389774
0
0
0.0048436
0.0192878
0.0429744
0.0752653
0.115329
0.162251
0.215143
0.273232
0.33593
0.402827
0.473604
0.547897
0.625164
0.704605
0.785155
0.865549
0.944429
1.02047
1.09242
1.15908
1.21924
1.27175
1.3158
1.35134
1.37941
1.40218
1.42269
1.4445
1.47119
1.50587
1.55053
1.6053
1.66797
1.73398
1.79703
1.85025
1.88755
1.90489
1.90112
1.87812
1.84021
1.793
1.74207
1.6917
1.6441
1.59911
1.5545
1.50672
1.45181
1.38651
1.30919
1.2206
1.12412
1.02548
0.931657
0.849365
0.783206
0.734374
0.700525
0.676938
0.65825
0.639836
0.618493
0.59257
0.56181
0.527063
0.489948
0.45247
0.416631
0.384067
0.355776
0.332
0.3123
0.295757
0.281188
0.267324
0.25302
0.237532
0.220739
0.203163
0.185729
0.169435
0.155122
0.143394
0.134596
0.128736
0.125469
0.124116
0.123607
0.122323
0.118208
0.109387
0.0950049
0.07579
0.0540011
0.0327893
0.0152963
0.00391868
0
0
0.00485143
0.0193487
0.0431972
0.075856
0.116625
0.164741
0.21944
0.279984
0.345664
0.415781
0.489618
0.566414
0.645354
0.725545
0.806003
0.885622
0.963178
1.03737
1.10689
1.17056
1.22747
1.27724
1.32024
1.35794
1.39281
1.42803
1.46669
1.51107
1.56207
1.61908
1.68005
1.74178
1.80019
1.85068
1.88859
1.9098
1.91144
1.89259
1.85484
1.80244
1.74174
1.68012
1.62442
1.57937
1.54643
1.52341
1.50509
1.48444
1.45423
1.40856
1.34419
1.26138
1.16416
1.05986
0.95794
0.868027
0.797468
0.749079
0.720382
0.705042
0.695541
0.685349
0.669885
0.646657
0.615077
0.576187
0.532278
0.486358
0.441509
0.400272
0.364231
0.333936
0.309152
0.289223
0.273249
0.260029
0.248065
0.23586
0.2224
0.207461
0.191554
0.175625
0.160722
0.147776
0.137481
0.130192
0.125851
0.123935
0.123349
0.122325
0.118609
0.110142
0.0959437
0.0766901
0.0546789
0.0331711
0.0154348
0.0039385
0
0
0.00485818
0.0193984
0.043376
0.0763303
0.117674
0.166771
0.222958
0.285509
0.353576
0.426144
0.50204
0.579987
0.658707
0.737027
0.813981
0.88887
0.961227
1.03072
1.09701
1.15966
1.21822
1.27247
1.32286
1.37094
1.41944
1.47183
1.53121
1.59905
1.6742
1.75281
1.82896
1.89589
1.94719
1.97792
1.98521
1.9685
1.92944
1.87161
1.8002
1.72174
1.64361
1.57326
1.51699
1.47862
1.45837
1.45258
1.45425
1.45453
1.4444
1.41652
1.36663
1.29454
1.20427
1.10354
1.00241
0.911255
0.838311
0.787382
0.756862
0.740926
0.732067
0.723323
0.7094
0.687005
0.654895
0.613818
0.566215
0.515591
0.465642
0.419378
0.378596
0.343896
0.315183
0.292188
0.274518
0.261232
0.250586
0.240436
0.229042
0.215633
0.200453
0.184424
0.168741
0.154557
0.142807
0.134083
0.128533
0.125759
0.124682
0.123457
0.11971
0.111258
0.0970144
0.077601
0.055327
0.0335271
0.0155631
0.003957
0
0
0.00486337
0.019433
0.0434972
0.0766544
0.118403
0.168205
0.225472
0.289485
0.359285
0.433612
0.510898
0.589346
0.667085
0.742411
0.814105
0.881738
0.945808
1.00756
1.06854
1.13002
1.19262
1.25631
1.32091
1.38672
1.45509
1.52824
1.60834
1.69599
1.78899
1.88205
1.96755
2.03722
2.08378
2.10245
2.09171
2.0534
1.99221
1.91478
1.82873
1.74181
1.66129
1.5933
1.54223
1.50999
1.49543
1.49424
1.49945
1.50254
1.49495
1.46975
1.42301
1.35471
1.26878
1.17246
1.07483
0.984904
0.909674
0.852463
0.812458
0.7856
0.766256
0.748728
0.728189
0.701208
0.666126
0.623277
0.574826
0.52412
0.474678
0.429198
0.389033
0.3544
0.325155
0.301415
0.283363
0.270394
0.260619
0.251453
0.240759
0.227576
0.212124
0.195393
0.178679
0.16325
0.15015
0.140082
0.133301
0.129489
0.127599
0.125771
0.121588
0.112803
0.0982646
0.0785468
0.0559536
0.0338585
0.0156808
0.00397406
0
0
0.00486655
0.0194491
0.0435497
0.0768013
0.118758
0.168941
0.226813
0.291669
0.362524
0.438025
0.516416
0.595559
0.673046
0.746499
0.814093
0.875186
0.930775
0.98348
1.03695
1.0948
1.15958
1.23216
1.31188
1.39739
1.48764
1.58233
1.68151
1.78447
1.88857
1.98874
2.07812
2.14947
2.19679
2.21652
2.20827
2.17473
2.12111
2.05413
1.98098
1.90837
1.8418
1.7852
1.74065
1.70823
1.68602
1.6702
1.6555
1.63592
1.60578
1.56084
1.49927
1.42217
1.33339
1.2388
1.14504
1.05805
0.98192
0.91827
0.866381
0.8239
0.787643
0.754193
0.720343
0.683562
0.642519
0.597462
0.550159
0.503303
0.459534
0.420514
0.386572
0.357189
0.331982
0.311298
0.29568
0.284647
0.276138
0.267388
0.256309
0.242202
0.225584
0.207642
0.189747
0.173169
0.158927
0.147711
0.139787
0.134872
0.131957
0.129215
0.124245
0.114804
0.0997204
0.079544
0.0565657
0.0341667
0.0157879
0.00398965
0
0
0.0048674
0.0194442
0.0435252
0.0767521
0.1187
0.168913
0.226873
0.291907
0.3631
0.439222
0.51864
0.599221
0.678306
0.752958
0.820584
0.879817
0.931297
0.97797
1.02466
1.07691
1.13948
1.21494
1.3032
1.40203
1.50832
1.61915
1.73213
1.84499
1.95477
2.05747
2.14831
2.22266
2.27703
2.30981
2.32145
2.3143
2.29199
2.25878
2.21877
2.17538
2.13097
2.08676
2.04294
1.99874
1.95265
1.90263
1.84648
1.78228
1.70902
1.62695
1.53777
1.44431
1.35007
1.25842
1.17203
1.09242
1.02001
0.954382
0.894709
0.840019
0.789193
0.740872
0.693552
0.646004
0.59782
0.549748
0.503552
0.461389
0.424926
0.39462
0.36966
0.348747
0.331174
0.3172
0.307174
0.300195
0.293852
0.285435
0.273356
0.257611
0.239314
0.219973
0.201008
0.183573
0.168535
0.156463
0.14757
0.141579
0.137531
0.133657
0.127626
0.117248
0.101388
0.0806015
0.0571687
0.034454
0.0158848
0.00400374
0
0
0.00486565
0.0194165
0.0434187
0.0764971
0.118214
0.168098
0.225616
0.290131
0.360888
0.436978
0.517215
0.599879
0.68249
0.761897
0.834898
0.899238
0.954587
1.00309
1.04918
1.09875
1.15759
1.22982
1.3167
1.41658
1.52589
1.64045
1.75644
1.87057
1.97984
2.08138
2.17251
2.25117
2.31625
2.36773
2.4064
2.43343
2.44987
2.45629
2.45258
2.43803
2.41159
2.37217
2.31895
2.25157
2.17014
2.07534
1.96866
1.85269
1.73142
1.61003
1.49405
1.38809
1.29461
1.21341
1.14209
1.07725
1.01584
0.955969
0.897081
0.839407
0.783184
0.728105
0.673433
0.618675
0.564293
0.511929
0.464004
0.422877
0.389932
0.365049
0.346832
0.333583
0.324277
0.318604
0.315909
0.314205
0.310531
0.302425
0.289111
0.271548
0.251606
0.231151
0.211586
0.193831
0.178482
0.165918
0.156273
0.149288
0.144068
0.138931
0.131637
0.120096
0.103257
0.0817221
0.0577673
0.0347229
0.0159722
0.00401643
0
0
0.00486117
0.0193652
0.0432289
0.0760364
0.117309
0.16652
0.223084
0.286388
0.355868
0.431061
0.511459
0.596088
0.683044
0.769382
0.851652
0.926936
0.993904
1.05345
1.10866
1.16416
1.22498
1.29513
1.3765
1.46852
1.56864
1.67342
1.77943
1.88378
1.98414
2.07879
2.16659
2.24709
2.32045
2.38714
2.44748
2.50105
2.54632
2.5805
2.59992
2.60061
2.57914
2.53326
2.46235
2.36742
2.25084
2.11611
1.96786
1.8122
1.65681
1.5105
1.38159
1.27562
1.19344
1.13097
1.08114
1.03674
0.992558
0.946179
0.897394
0.846948
0.795283
0.742007
0.686347
0.628164
0.568721
0.510677
0.457368
0.411786
0.375728
0.349454
0.332019
0.322066
0.318361
0.319501
0.323134
0.32581
0.324037
0.315761
0.301117
0.282019
0.261018
0.240229
0.220897
0.203574
0.188494
0.175816
0.165627
0.157734
0.151343
0.144867
0.136173
0.123296
0.105312
0.0829051
0.0583656
0.0349765
0.0160511
0.00402781
0
0
0.00485392
0.0192905
0.0429579
0.0753798
0.116014
0.164248
0.21941
0.280861
0.348202
0.421422
0.500761
0.586152
0.676524
0.769483
0.861746
0.950157
1.03276
1.10943
1.18184
1.25287
1.32567
1.40267
1.48494
1.57197
1.66215
1.75341
1.84382
1.9319
2.01671
2.09788
2.17553
2.25009
2.32202
2.39145
2.45767
2.51881
2.5715
2.61109
2.63213
2.62938
2.59879
2.53837
2.44856
2.33204
2.1931
2.03716
1.87057
1.70095
1.5373
1.38942
1.26597
1.17183
1.10606
1.0623
1.03164
1.00597
0.979891
0.9509
0.918283
0.881723
0.840381
0.792954
0.738565
0.677759
0.612886
0.547664
0.486226
0.432156
0.387916
0.354752
0.332911
0.321827
0.319965
0.32445
0.33109
0.335257
0.333326
0.323845
0.30779
0.287791
0.266775
0.246827
0.228818
0.212791
0.198559
0.18609
0.1755
0.166745
0.159181
0.151324
0.141137
0.126794
0.10753
0.0841488
0.0589681
0.0352187
0.0161232
0.00403806
0
0
0.00484397
0.0191934
0.0426112
0.0745463
0.11438
0.161399
0.214809
0.273894
0.338327
0.408441
0.485129
0.569213
0.660559
0.757574
0.857526
0.957495
1.05539
1.15053
1.24349
1.33558
1.42805
1.5214
1.61523
1.70838
1.79935
1.88669
1.96925
2.0463
2.11767
2.18393
2.24615
2.30555
2.36296
2.41833
2.47043
2.51673
2.55341
2.57568
2.57846
2.55725
2.50914
2.43345
2.33187
2.2081
2.0671
1.91454
1.75663
1.60028
1.4532
1.32317
1.21645
1.13584
1.0797
1.0428
1.01857
1.00122
0.98664
0.972103
0.95533
0.933726
0.904354
0.86467
0.813521
0.751789
0.682343
0.609394
0.537657
0.471675
0.415433
0.372101
0.343578
0.32973
0.32782
0.332916
0.339251
0.341804
0.337509
0.325828
0.308516
0.288597
0.268962
0.251273
0.235762
0.22184
0.208913
0.196838
0.185878
0.176239
0.167472
0.158194
0.146448
0.130544
0.109895
0.0854523
0.0595801
0.0354539
0.0161899
0.00404738
0
0
0.00483152
0.019076
0.0421976
0.0735628
0.112476
0.158126
0.209581
0.265995
0.327002
0.3931
0.465633
0.546165
0.635494
0.733011
0.836868
0.944796
1.05498
1.16646
1.279
1.39253
1.50657
1.62005
1.73142
1.83908
1.94158
2.03756
2.12559
2.20419
2.27234
2.33002
2.37835
2.41905
2.45372
2.48303
2.50644
2.52206
2.52696
2.51769
2.49103
2.44485
2.37865
2.2937
2.19272
2.07923
1.957
1.82977
1.70132
1.57563
1.45697
1.34947
1.25633
1.17917
1.11785
1.07093
1.03644
1.01232
0.996418
0.986037
0.977586
0.96666
0.948672
0.919754
0.87754
0.821576
0.753361
0.676156
0.594731
0.515069
0.443928
0.387912
0.351608
0.335121
0.33333
0.338382
0.343053
0.342576
0.335049
0.321164
0.303459
0.285099
0.268522
0.254567
0.24259
0.231347
0.219935
0.208248
0.196823
0.1862
0.17616
0.165411
0.15205
0.134509
0.112392
0.086816
0.0602077
0.035687
0.0162534
0.00405601
0
0
0.00481686
0.0189412
0.0417285
0.0724627
0.110385
0.154607
0.20408
0.257805
0.315284
0.377001
0.444519
0.519944
0.604946
0.700014
0.804431
0.916846
1.0359
1.16046
1.28938
1.42117
1.55371
1.68459
1.81163
1.9334
2.0491
2.15784
2.2578
2.34615
2.41996
2.4774
2.51846
2.5447
2.55834
2.56123
2.55416
2.53664
2.50721
2.46424
2.40701
2.33652
2.25561
2.16824
2.07816
1.98786
1.89815
1.80857
1.71819
1.62646
1.5337
1.44123
1.3511
1.26577
1.18782
1.11968
1.06332
1.01983
0.989032
0.969177
0.9571
0.948592
0.938859
0.922933
0.896139
0.854754
0.796879
0.723296
0.637988
0.548118
0.463366
0.394386
0.349531
0.330026
0.328366
0.333502
0.336798
0.333921
0.32425
0.309729
0.293581
0.278856
0.267161
0.258205
0.250402
0.241998
0.231995
0.220492
0.208401
0.196639
0.185226
0.17294
0.157904
0.138662
0.11501
0.0882421
0.0608576
0.0359233
0.0163155
0.0040642
0
0
0.00480037
0.0187925
0.0412178
0.0712839
0.108195
0.151034
0.198687
0.250029
0.304399
0.362145
0.424859
0.49499
0.574967
0.666381
0.769722
0.884618
1.01015
1.14487
1.28664
1.43235
1.57822
1.72045
1.85631
1.9848
2.10636
2.22136
2.32857
2.42461
2.50498
2.56598
2.60607
2.62606
2.62824
2.61511
2.5883
2.54811
2.4938
2.42484
2.34244
2.25065
2.15614
2.06638
1.98702
1.91976
1.86201
1.80826
1.75234
1.68929
1.61649
1.53385
1.4435
1.34913
1.25533
1.1668
1.08767
1.02087
0.967735
0.928272
0.901505
0.885607
0.877372
0.871553
0.860993
0.838014
0.796586
0.73434
0.653725
0.562045
0.470547
0.392538
0.339614
0.315285
0.311647
0.315793
0.318092
0.314477
0.30518
0.29293
0.281188
0.272448
0.267153
0.263829
0.260178
0.25427
0.245271
0.233614
0.220616
0.207559
0.194666
0.180762
0.163987
0.142984
0.117741
0.089733
0.0615363
0.0361679
0.0163783
0.00407222
0
0
0.00478252
0.018634
0.0406806
0.0700665
0.105997
0.147594
0.193767
0.243348
0.295547
0.35054
0.409821
0.475993
0.552031
0.640444
0.74276
0.859427
0.989846
1.13227
1.28362
1.43941
1.5942
1.74264
1.88099
2.00812
2.12544
2.2351
2.33776
2.43124
2.51129
2.57359
2.61568
2.63755
2.64092
2.62787
2.5994
2.55486
2.49249
2.41116
2.31263
2.20303
2.09246
1.99236
1.91142
1.85222
1.81063
1.77804
1.7449
1.70351
1.64935
1.58115
1.50028
1.40991
1.31423
1.21791
1.12543
1.04062
0.966344
0.904761
0.857657
0.82624
0.809821
0.804116
0.80095
0.790177
0.762833
0.713942
0.644037
0.559269
0.47035
0.390524
0.332074
0.300549
0.29061
0.290644
0.291215
0.288269
0.282082
0.275231
0.270543
0.269353
0.270829
0.272665
0.272359
0.268174
0.259609
0.247455
0.233373
0.218921
0.204467
0.188867
0.170278
0.147457
0.120577
0.09129
0.0622496
0.0364255
0.0164438
0.00408029
0
0
0.00476383
0.0184703
0.0401333
0.0688514
0.103877
0.144454
0.189633
0.238326
0.289705
0.343791
0.401886
0.466523
0.540884
0.627981
0.729989
0.847916
0.981467
1.12888
1.28671
1.4497
1.61117
1.76416
1.90316
2.02571
2.13289
2.22806
2.31441
2.39288
2.46194
2.519
2.56229
2.59161
2.60785
2.61153
2.6014
2.5739
2.52423
2.44867
2.34756
2.22718
2.09948
1.97905
1.8783
1.80318
1.75183
1.7168
1.68887
1.6601
1.62507
1.58078
1.52589
1.46015
1.38421
1.29979
1.20983
1.1183
1.02979
0.949058
0.880623
0.828125
0.793019
0.772948
0.761172
0.748119
0.724418
0.683834
0.625039
0.551958
0.472852
0.398391
0.338743
0.299699
0.279715
0.271703
0.268471
0.266168
0.264294
0.264154
0.267007
0.272702
0.279485
0.284838
0.286504
0.283114
0.274484
0.261651
0.246472
0.230641
0.2146
0.197232
0.176756
0.15206
0.123506
0.0929119
0.0630015
0.0367
0.0165134
0.00408866
1.28622e-12
0
0.00474487
0.0183062
0.0395925
0.0676777
0.101911
0.141751
0.186518
0.235352
0.287502
0.34287
0.402461
0.468464
0.543833
0.63157
0.734064
0.852684
0.987592
1.13751
1.29935
1.46788
1.63575
1.7945
1.93637
2.05637
2.15373
2.23158
2.2951
2.34926
2.39732
2.44102
2.48146
2.51968
2.55619
2.5897
2.61579
2.6267
2.61276
2.56535
2.48058
2.36188
2.22036
2.07217
1.93372
1.81687
1.72646
1.66111
1.61611
1.58602
1.56571
1.55
1.53319
1.50923
1.4726
1.41971
1.34987
1.2657
1.17255
1.07749
0.987862
0.90991
0.847437
0.800678
0.765933
0.736485
0.704723
0.664572
0.613277
0.552075
0.485708
0.420986
0.364718
0.321501
0.292276
0.274739
0.265405
0.261567
0.261939
0.266118
0.273591
0.283021
0.292269
0.298995
0.301274
0.298
0.289121
0.275719
0.259648
0.242593
0.225003
0.205819
0.183385
0.156764
0.126511
0.0945931
0.0637931
0.0369939
0.0165886
0.00409749
0
0
0.00472622
0.0181465
0.0390741
0.0665814
0.100162
0.139579
0.184558
0.234618
0.289212
0.348159
0.412076
0.482557
0.561946
0.652838
0.757554
0.877776
1.01429
1.16661
1.33236
1.5066
1.68157
1.84749
1.99433
2.11433
2.20412
2.26554
2.30474
2.33014
2.35036
2.37288
2.40366
2.44682
2.50393
2.5727
2.64579
2.71063
2.75113
2.75135
2.70016
2.59523
2.44454
2.26467
2.07631
1.89893
1.74685
1.62795
1.54486
1.49654
1.47899
1.48508
1.50451
1.52506
1.53454
1.52312
1.48519
1.42026
1.33281
1.23099
1.1246
1.02287
0.932642
0.857216
0.796165
0.745988
0.701535
0.657722
0.611002
0.5602
0.506561
0.453082
0.403402
0.360638
0.326642
0.301901
0.285933
0.277765
0.276237
0.28006
0.287673
0.297126
0.306192
0.312697
0.314865
0.311599
0.302741
0.2892
0.272648
0.254634
0.235584
0.214557
0.190106
0.161527
0.129567
0.0963227
0.0646225
0.0373082
0.0166701
0.00410694
0
0
0.00470847
0.0179959
0.0385933
0.0655936
0.0986773
0.13799
0.183789
0.236122
0.294789
0.359604
0.430782
0.509199
0.596404
0.694406
0.80537
0.93128
1.0735
1.2321
1.4049
1.58671
1.76902
1.94083
2.09052
2.20843
2.28936
2.33395
2.34853
2.34368
2.33206
2.32642
2.3381
2.37568
2.44345
2.53957
2.6545
2.7709
2.86584
2.91546
2.90091
2.81366
2.65814
2.45078
2.21568
1.97889
1.76319
1.58523
1.45479
1.37537
1.34451
1.35412
1.39126
1.43999
1.48376
1.50796
1.50228
1.46249
1.39083
1.29498
1.18574
1.07432
0.969901
0.878346
0.801835
0.739447
0.688179
0.644105
0.603438
0.563326
0.522331
0.480505
0.439103
0.400047
0.365397
0.336934
0.31588
0.302676
0.296896
0.297357
0.302343
0.309808
0.317569
0.3235
0.325756
0.323024
0.314849
0.301813
0.285284
0.266611
0.246207
0.22333
0.196833
0.166289
0.132638
0.098084
0.065484
0.037642
0.0167581
0.00411706
0
0
0.00469218
0.0178588
0.0381633
0.0647395
0.0974867
0.136993
0.184148
0.239677
0.303887
0.376743
0.458159
0.548339
0.648005
0.758492
0.881665
1.01959
1.17377
1.34408
1.52757
1.71782
1.90508
2.07748
2.22297
2.33174
2.39835
2.4231
2.41222
2.37681
2.33122
2.2912
2.27213
2.28696
2.34351
2.4415
2.57037
2.70955
2.8316
2.90792
2.91533
2.84175
2.68915
2.47279
2.2172
1.95042
1.69864
1.48249
1.31543
1.20354
1.14596
1.1358
1.16156
1.20855
1.26043
1.30122
1.31793
1.30306
1.25588
1.18186
1.09051
0.992605
0.897676
0.812472
0.740556
0.682656
0.637354
0.601788
0.572317
0.545236
0.517533
0.487516
0.455084
0.421541
0.38908
0.360149
0.336845
0.320459
0.311261
0.308572
0.311023
0.316815
0.323898
0.330117
0.333411
0.332131
0.325437
0.313531
0.297452
0.278351
0.256682
0.231972
0.203441
0.170969
0.135678
0.0998538
0.0663679
0.0379925
0.0168521
0.00412787
0
0
0.00467787
0.0177389
0.0377951
0.0640374
0.0966012
0.136549
0.185472
0.244896
0.315815
0.398544
0.492892
0.598497
0.715212
0.843424
0.984199
1.13897
1.30863
1.49207
1.685
1.87949
2.06478
2.22896
2.36098
2.4525
2.49933
2.50218
2.46669
2.40283
2.32395
2.24576
2.18497
2.15713
2.17309
2.23483
2.33275
2.44655
2.54952
2.61452
2.62001
2.55461
2.41927
2.22632
1.99602
1.75171
1.51534
1.30432
1.1302
0.998603
0.910234
0.86229
0.849591
0.864405
0.895742
0.930116
0.954355
0.958923
0.939998
0.89954
0.843677
0.780315
0.716962
0.659362
0.611034
0.573387
0.546
0.526888
0.512836
0.500049
0.485098
0.465849
0.441961
0.414767
0.386681
0.360424
0.338364
0.322105
0.312334
0.308889
0.310902
0.316941
0.325091
0.333094
0.338606
0.339628
0.334972
0.324527
0.309069
0.28962
0.266731
0.240244
0.209764
0.175465
0.138631
0.101603
0.0672613
0.0383552
0.0169513
0.00413932
0
0
0.00466599
0.0176395
0.0374972
0.063498
0.0960141
0.136579
0.187506
0.251202
0.329492
0.423245
0.532353
0.655968
0.792888
0.942013
1.10268
1.27459
1.45705
1.6476
1.84089
2.02847
2.19991
2.34473
2.45429
2.52295
2.5485
2.53205
2.47777
2.3928
2.28713
2.17355
2.06709
1.98324
1.93424
1.92449
1.94771
1.98844
2.02697
2.04475
2.02827
1.97104
1.87376
1.74306
1.58914
1.42322
1.25547
1.09403
0.944889
0.812526
0.70049
0.612
0.550148
0.516783
0.509702
0.520911
0.538988
0.553618
0.558605
0.552381
0.536883
0.515845
0.493291
0.472604
0.456155
0.445182
0.43968
0.43828
0.438389
0.436843
0.430901
0.419163
0.401941
0.380989
0.358799
0.337884
0.32032
0.307582
0.300528
0.299393
0.303748
0.312436
0.323566
0.334689
0.34318
0.346787
0.344137
0.334971
0.319947
0.300053
0.275972
0.247838
0.215591
0.179653
0.141429
0.103297
0.0681474
0.0387234
0.017054
0.00415127
0
0
0.00465694
0.0175631
0.0372752
0.0631245
0.0957021
0.13697
0.189924
0.25785
0.343485
0.448386
0.572664
0.714995
0.872881
1.04309
1.2222
1.40697
1.59415
1.7798
1.95843
2.12285
2.26516
2.37836
2.45768
2.50096
2.50806
2.47998
2.41849
2.32649
2.20889
2.07357
1.93145
1.79519
1.67611
1.58022
1.5061
1.44698
1.39588
1.34961
1.30879
1.27427
1.24352
1.20992
1.16526
1.103
1.02025
0.918049
0.800893
0.675906
0.551879
0.438137
0.343318
0.274238
0.234349
0.221366
0.22724
0.242695
0.261018
0.278511
0.293659
0.306296
0.316971
0.326528
0.335823
0.345423
0.35525
0.364328
0.370908
0.373074
0.369582
0.360453
0.346996
0.331283
0.315468
0.301358
0.290358
0.283587
0.281901
0.28573
0.29482
0.308028
0.323313
0.33799
0.349258
0.35482
0.353369
0.344739
0.329637
0.309094
0.283897
0.254374
0.220679
0.183394
0.143996
0.104896
0.069007
0.0390894
0.0171582
0.00416356
0
0
0.004651
0.0175116
0.0371317
0.0629131
0.0956295
0.137591
0.192361
0.264018
0.356174
0.471118
0.609241
0.768763
0.945729
1.13435
1.32771
1.51868
1.70071
1.86817
2.01623
2.14077
2.23872
2.30867
2.35116
2.36812
2.36141
2.33154
2.2774
2.19719
2.09015
1.95814
1.80623
1.64193
1.47309
1.30559
1.14281
0.988889
0.855093
0.763645
0.737232
0.773554
0.84059
0.901649
0.932738
0.923978
0.875597
0.793756
0.687626
0.567839
0.445712
0.332457
0.237898
0.168705
0.126529
0.107759
0.107113
0.120415
0.143117
0.170374
0.198547
0.225527
0.250222
0.272057
0.290714
0.305969
0.3175
0.324749
0.327063
0.324115
0.316374
0.305248
0.292712
0.280669
0.270513
0.26316
0.259352
0.259828
0.265207
0.275694
0.290785
0.309069
0.328264
0.345554
0.358186
0.364108
0.362372
0.353138
0.337307
0.315963
0.289887
0.259421
0.224763
0.186537
0.146252
0.106358
0.0698184
0.0394439
0.0172613
0.00417592
0
0
0.0046484
0.0174858
0.037067
0.0628543
0.0957532
0.138305
0.194469
0.26892
0.366001
0.488662
0.637595
0.810631
1.00243
1.20465
1.40674
1.59739
1.76635
1.90604
2.01248
2.0855
2.12823
2.14636
2.14685
2.13623
2.11861
2.0943
2.05985
2.00955
1.93744
1.83914
1.71268
1.55848
1.37882
1.17756
0.961622
0.746026
0.565687
0.48636
0.543697
0.669753
0.788631
0.863443
0.882748
0.850099
0.777706
0.68135
0.576502
0.476039
0.389174
0.320619
0.269786
0.231863
0.20201
0.179775
0.169432
0.1746
0.192739
0.217487
0.243625
0.268231
0.289696
0.30688
0.3189
0.325216
0.325673
0.320488
0.310312
0.296363
0.280468
0.264781
0.251242
0.241151
0.235199
0.233795
0.237256
0.245719
0.258997
0.276507
0.297167
0.319261
0.34043
0.357994
0.369553
0.373596
0.369785
0.358783
0.34174
0.319706
0.293268
0.262546
0.227585
0.188938
0.148119
0.107638
0.0705585
0.0397769
0.0173605
0.00418809
0
0
0.00464923
0.0174861
0.037079
0.062935
0.0960292
0.138997
0.195969
0.271941
0.371737
0.498801
0.654104
0.835235
1.0358
1.24539
1.45036
1.63572
1.78777
1.89684
1.9594
1.97866
1.96369
1.92728
1.88305
1.84254
1.81272
1.79482
1.78472
1.77447
1.75416
1.71348
1.643
1.53533
1.38643
1.19724
0.976125
0.743653
0.544334
0.459838
0.52762
0.656951
0.764914
0.817472
0.808047
0.746566
0.653581
0.554972
0.4754
0.428796
0.410758
0.404757
0.396436
0.380278
0.35857
0.337982
0.325399
0.323994
0.332027
0.345175
0.359373
0.371771
0.380376
0.383667
0.380621
0.370917
0.355025
0.334149
0.310103
0.285127
0.261581
0.241516
0.226396
0.217213
0.214752
0.219453
0.230933
0.247909
0.268717
0.291785
0.315626
0.338532
0.358414
0.373058
0.380704
0.380613
0.373213
0.359726
0.341484
0.319332
0.293409
0.263372
0.228926
0.19047
0.14952
0.108694
0.0712033
0.0400779
0.0174528
0.00419975
0
0
0.00465349
0.0175121
0.037164
0.0631406
0.0964187
0.139585
0.196696
0.272747
0.372705
0.50027
0.656624
0.839311
1.0414
1.25126
1.45329
1.63001
1.76518
1.84735
1.87276
1.84656
1.78177
1.69641
1.60954
1.53734
1.49035
1.47232
1.4805
1.50669
1.53847
1.56072
1.55772
1.51582
1.42606
1.2866
1.10467
0.898522
0.700445
0.559527
0.520527
0.563596
0.621406
0.647913
0.628755
0.571424
0.498278
0.439633
0.419103
0.43475
0.464435
0.488537
0.498915
0.49645
0.486637
0.475755
0.468091
0.464861
0.464927
0.466269
0.466912
0.46504
0.458905
0.447036
0.428686
0.40415
0.374744
0.342518
0.309847
0.27902
0.251893
0.229858
0.214261
0.20689
0.209475
0.222127
0.242587
0.267405
0.293533
0.318927
0.342206
0.362083
0.377074
0.385708
0.387076
0.38133
0.36969
0.35386
0.335176
0.31403
0.289861
0.261649
0.228641
0.19104
0.150392
0.109482
0.0717292
0.0403362
0.0175351
0.00421057
0
0
0.00466112
0.0175628
0.0373175
0.063457
0.096894
0.140033
0.196626
0.271337
0.368909
0.492996
0.644876
0.822226
1.01816
1.22084
1.41415
1.57966
1.69999
1.76262
1.76326
1.70734
1.60922
1.48915
1.36893
1.26779
1.19945
1.17098
1.18251
1.22725
1.29211
1.35969
1.41144
1.43099
1.40707
1.33548
1.21998
1.07224
0.910702
0.758205
0.63684
0.558138
0.514221
0.484371
0.453029
0.419963
0.397912
0.400346
0.427153
0.465175
0.500573
0.525896
0.539945
0.545148
0.544958
0.542105
0.538014
0.53313
0.52751
0.521012
0.513001
0.50209
0.486476
0.464798
0.436919
0.404135
0.368735
0.333261
0.299818
0.269722
0.243699
0.222731
0.209128
0.206444
0.216992
0.239061
0.267691
0.297696
0.325506
0.349265
0.368125
0.381513
0.388788
0.389402
0.383395
0.371802
0.356525
0.339548
0.321957
0.303428
0.28249
0.257327
0.226687
0.190598
0.150688
0.109967
0.0721139
0.0405417
0.0176045
0.00422024
0
0
0.00467191
0.0176367
0.0375342
0.063873
0.0974416
0.140353
0.195871
0.268044
0.361038
0.478136
0.620541
0.786179
0.968712
1.15707
1.33597
1.48769
1.59522
1.64595
1.63507
1.56719
1.45583
1.32064
1.1833
1.06356
0.976418
0.930908
0.929546
0.967857
1.03475
1.11467
1.19085
1.24823
1.2756
1.26683
1.22134
1.14379
1.04299
0.930127
0.816584
0.711932
0.622692
0.552462
0.503093
0.475323
0.467635
0.475027
0.490334
0.507228
0.522016
0.533383
0.541123
0.545127
0.545132
0.541063
0.533495
0.523809
0.513721
0.504211
0.494542
0.48231
0.464764
0.440479
0.410222
0.376584
0.342752
0.311163
0.282794
0.25746
0.235045
0.21714
0.207972
0.212603
0.232288
0.262458
0.296074
0.327329
0.352875
0.37144
0.382936
0.387671
0.385965
0.378241
0.365438
0.349333
0.332284
0.316283
0.301881
0.287808
0.271579
0.250588
0.223138
0.189147
0.15038
0.110119
0.0723373
0.040685
0.0176582
0.00422842
0
0
0.0046856
0.017732
0.0378091
0.064381
0.098064
0.140606
0.194661
0.263469
0.350346
0.457906
0.587068
0.736014
0.89929
1.06733
1.22682
1.36214
1.45804
1.50293
1.4918
1.42794
1.32259
1.19269
1.05748
0.934914
0.839029
0.778442
0.756036
0.769285
0.811133
0.871492
0.939018
1.00267
1.05293
1.08274
1.0884
1.06991
1.03079
0.976995
0.915493
0.85291
0.794592
0.744003
0.702297
0.668279
0.639255
0.612742
0.588099
0.566777
0.550792
0.540542
0.533871
0.527186
0.51747
0.503744
0.48743
0.471651
0.459511
0.451898
0.446351
0.438283
0.423731
0.401548
0.37376
0.344174
0.316232
0.291405
0.269118
0.24817
0.228736
0.213997
0.21002
0.221891
0.248437
0.282688
0.316774
0.345106
0.364948
0.375793
0.378404
0.374007
0.363851
0.349214
0.33174
0.313695
0.297609
0.285182
0.276159
0.268201
0.257851
0.24185
0.218184
0.18674
0.14946
0.109916
0.0723831
0.0407583
0.0176938
0.00423485
0
0
0.00470185
0.0178463
0.038137
0.0649773
0.0987784
0.140883
0.193294
0.258366
0.33842
0.435199
0.549141
0.678593
0.819112
0.963067
1.09986
1.21703
1.30228
1.34608
1.34396
1.29785
1.21585
1.11049
0.996216
0.886773
0.793246
0.72311
0.680112
0.664609
0.674001
0.703197
0.745226
0.792083
0.835908
0.870405
0.892182
0.901401
0.901261
0.896342
0.890514
0.885401
0.880042
0.871524
0.856093
0.830427
0.793007
0.745296
0.692044
0.640044
0.595343
0.560346
0.533055
0.509177
0.485221
0.460458
0.437142
0.419175
0.409444
0.407122
0.407367
0.404083
0.393348
0.37507
0.352272
0.328821
0.307072
0.286997
0.267215
0.246955
0.227833
0.214757
0.214507
0.230633
0.259416
0.292642
0.322588
0.344355
0.356023
0.357915
0.351625
0.33919
0.322599
0.303727
0.284628
0.267763
0.255545
0.249088
0.247133
0.246297
0.242377
0.231702
0.212096
0.183471
0.147942
0.109346
0.0722394
0.0407554
0.0177094
0.00423926
0
0
0.00472023
0.017977
0.0385128
0.0656616
0.099613
0.1413
0.192097
0.253512
0.32689
0.413051
0.511841
0.621652
0.739
0.858301
0.972042
1.07154
1.14831
1.1958
1.21079
1.19406
1.15
1.08528
1.00741
0.923605
0.840423
0.764155
0.701371
0.658664
0.640663
0.646906
0.670537
0.700718
0.726967
0.74275
0.747373
0.745944
0.747127
0.758915
0.784305
0.819768
0.857247
0.887467
0.902489
0.897214
0.870263
0.824328
0.765631
0.702217
0.641388
0.587419
0.540953
0.500422
0.464347
0.432951
0.408342
0.393115
0.387899
0.389699
0.392892
0.392195
0.385086
0.372215
0.355956
0.33832
0.319762
0.299561
0.277177
0.253583
0.232197
0.218956
0.219936
0.236338
0.262568
0.29022
0.312351
0.325056
0.327348
0.320363
0.306398
0.288079
0.267837
0.247813
0.230166
0.217289
0.211209
0.212185
0.217888
0.224146
0.226392
0.220817
0.205196
0.179464
0.145858
0.108408
0.0719001
0.0406724
0.0177037
0.00424147
0
0
0.00474029
0.0181213
0.038931
0.0664349
0.100602
0.141979
0.191382
0.2496
0.317152
0.39406
0.479622
0.572215
0.669183
0.766853
0.860739
0.946026
1.01829
1.07424
1.11205
1.13122
1.13196
1.11462
1.07958
1.02773
0.961371
0.885158
0.806912
0.737595
0.689169
0.669088
0.674375
0.692138
0.706948
0.70823
0.69388
0.670597
0.651401
0.64991
0.672791
0.71599
0.768124
0.81648
0.850796
0.864626
0.855649
0.825475
0.778857
0.72226
0.662106
0.603384
0.549168
0.501099
0.460276
0.427917
0.405312
0.392981
0.38959
0.391759
0.395264
0.396738
0.394542
0.38835
0.378105
0.363392
0.343699
0.319164
0.291186
0.262754
0.238615
0.224669
0.225168
0.238884
0.259244
0.27847
0.290825
0.293581
0.286705
0.272039
0.252384
0.230677
0.209475
0.190892
0.176957
0.169793
0.170768
0.179092
0.191562
0.203719
0.211059
0.209838
0.197806
0.174861
0.143257
0.107116
0.0713653
0.040508
0.0176759
0.00424132
0
0
0.0047615
0.0182758
0.0393855
0.0672974
0.101779
0.143033
0.191417
0.247166
0.310198
0.379976
0.455429
0.534972
0.616649
0.698383
0.778241
0.854684
0.926648
0.993329
1.05362
1.10545
1.14541
1.16918
1.17249
1.1524
1.10843
1.04331
0.963422
0.878747
0.801824
0.744433
0.711966
0.699478
0.694559
0.685066
0.665252
0.63765
0.611443
0.598076
0.605143
0.632073
0.671166
0.712165
0.745988
0.766317
0.769939
0.756549
0.72823
0.688643
0.642128
0.592947
0.544831
0.500823
0.463263
0.433791
0.413248
0.401481
0.397232
0.39839
0.402514
0.407223
0.410177
0.408928
0.401166
0.385431
0.361804
0.332099
0.299566
0.268512
0.243973
0.230658
0.230411
0.240144
0.253327
0.26343
0.266138
0.259876
0.245419
0.225124
0.202056
0.179204
0.158998
0.143339
0.134009
0.132669
0.139773
0.153555
0.170506
0.186461
0.197263
0.199289
0.190218
0.169807
0.140203
0.105492
0.0706425
0.0402638
0.0176261
0.00423874
0
0
0.00478333
0.0184371
0.0398686
0.068245
0.103165
0.144551
0.192404
0.24657
0.306587
0.371605
0.44039
0.511474
0.583457
0.655393
0.727074
0.799042
0.872167
0.946817
1.0219
1.09424
1.15876
1.20936
1.2402
1.24695
1.22774
1.18355
1.1183
1.03854
0.952923
0.870782
0.799936
0.744065
0.701652
0.667892
0.638392
0.611908
0.590555
0.577885
0.576299
0.585396
0.602089
0.621901
0.640305
0.653563
0.659088
0.655543
0.642779
0.621685
0.59396
0.561873
0.527984
0.494861
0.464814
0.439702
0.420802
0.408748
0.403484
0.404208
0.40923
0.415827
0.420385
0.419112
0.409202
0.38985
0.362545
0.330536
0.297932
0.269019
0.247771
0.236854
0.235995
0.241465
0.247764
0.249959
0.245067
0.232389
0.213195
0.190056
0.166023
0.143881
0.125754
0.113256
0.107869
0.110645
0.121164
0.137243
0.155727
0.17307
0.18552
0.189541
0.182675
0.164449
0.136776
0.103573
0.0697462
0.039944
0.0175549
0.0042337
0
0
0.00480522
0.0186014
0.0403713
0.0692677
0.104766
0.146581
0.194459
0.247997
0.30652
0.36903
0.434246
0.500799
0.567589
0.634212
0.701215
0.769949
0.841913
0.917758
0.996388
1.07463
1.14762
1.20971
1.25552
1.28092
1.28366
1.26358
1.22253
1.16398
1.09268
1.01409
0.933844
0.856955
0.787227
0.726983
0.677229
0.638047
0.608883
0.588672
0.575921
0.568912
0.565969
0.565658
0.566829
0.568508
0.569753
0.56953
0.566719
0.56025
0.549362
0.533888
0.514435
0.492378
0.469658
0.448471
0.430919
0.418656
0.412509
0.412083
0.415474
0.419376
0.419795
0.413276
0.398139
0.375102
0.346925
0.317283
0.289633
0.266722
0.250541
0.241907
0.239707
0.240873
0.24149
0.238184
0.228992
0.213681
0.193594
0.171109
0.148875
0.129143
0.113555
0.103434
0.10002
0.103952
0.114492
0.129692
0.147039
0.163616
0.176035
0.180828
0.175381
0.158934
0.133066
0.101409
0.0686984
0.039556
0.0174637
0.00422624
0
0
0.00482662
0.0187647
0.0408828
0.0703474
0.106564
0.149112
0.197587
0.251444
0.309902
0.371895
0.436094
0.50109
0.565743
0.629592
0.69312
0.757599
0.824477
0.894493
0.966948
1.03949
1.1085
1.16972
1.21909
1.25336
1.27056
1.27016
1.25288
1.22047
1.17529
1.12011
1.05799
0.992083
0.925436
0.860763
0.800218
0.74528
0.69678
0.655008
0.619857
0.590965
0.567876
0.550198
0.537681
0.530147
0.527232
0.52805
0.530971
0.533702
0.533755
0.529139
0.518982
0.503807
0.485377
0.466209
0.44893
0.43562
0.427212
0.423084
0.421052
0.417901
0.410417
0.396574
0.37638
0.351882
0.326188
0.30203
0.280939
0.263574
0.250423
0.241744
0.236872
0.233993
0.230725
0.224934
0.215335
0.201782
0.185243
0.167355
0.14981
0.133952
0.120876
0.111775
0.107925
0.110051
0.11773
0.129592
0.14377
0.157874
0.168842
0.173301
0.168512
0.153412
0.129179
0.0990611
0.0675273
0.0391096
0.0173544
0.00421646
0
0
0.004847
0.0189231
0.041391
0.071458
0.10851
0.15207
0.201665
0.256698
0.316352
0.379517
0.444778
0.510539
0.575331
0.63822
0.699111
0.75874
0.818259
0.878552
0.93961
1.00026
1.0583
1.11099
1.15553
1.18962
1.2118
1.22169
1.21985
1.20757
1.18641
1.15787
1.12312
1.08288
1.03753
0.987339
0.932834
0.875113
0.815983
0.757796
0.703058
0.654003
0.612316
0.579072
0.55481
0.539563
0.532748
0.532936
0.537703
0.5438
0.547744
0.546687
0.539183
0.525524
0.507506
0.487776
0.46901
0.453155
0.440869
0.431344
0.422572
0.412076
0.397875
0.379331
0.357477
0.334508
0.312568
0.292667
0.274687
0.258399
0.244244
0.232989
0.224825
0.219008
0.214258
0.209318
0.203286
0.195764
0.186819
0.176733
0.165798
0.154406
0.14336
0.134001
0.12789
0.126141
0.128965
0.135744
0.145251
0.15556
0.163913
0.167074
0.162233
0.148038
0.125231
0.0965985
0.0662668
0.0386165
0.0172296
0.00420451
0
0
0.00486589
0.0190728
0.0418825
0.0725664
0.110536
0.155317
0.20644
0.263321
0.325153
0.390802
0.458751
0.527162
0.594142
0.658137
0.718315
0.774718
0.828077
0.879346
0.929142
0.97734
1.02298
1.06446
1.09995
1.12779
1.14695
1.15732
1.15974
1.15579
1.14733
1.13577
1.12149
1.10358
1.0801
1.04887
1.00844
0.958892
0.902031
0.841063
0.77985
0.722148
0.671084
0.628937
0.597091
0.575999
0.565044
0.562405
0.565078
0.56926
0.571107
0.567652
0.557532
0.541216
0.520636
0.49843
0.477087
0.458271
0.442464
0.428983
0.416365
0.402983
0.387699
0.370258
0.351229
0.331485
0.31156
0.291453
0.271117
0.251176
0.233058
0.218287
0.207611
0.200811
0.197172
0.195902
0.196159
0.196941
0.19707
0.195337
0.190849
0.183429
0.173851
0.163671
0.154711
0.14846
0.145739
0.146669
0.150675
0.156315
0.161177
0.162238
0.156701
0.142971
0.121343
0.0940983
0.0649546
0.0380904
0.0170921
0.00419057
0
0
0.00488284
0.0192101
0.0423438
0.0736356
0.112554
0.158668
0.211556
0.270679
0.335265
0.404172
0.475801
0.548114
0.618867
0.685992
0.748027
0.804378
0.855303
0.901609
0.944189
0.983554
1.01957
1.05143
1.07793
1.09785
1.11037
1.11545
1.11406
1.10807
1.09978
1.09115
1.08284
1.07367
1.06085
1.04098
1.0113
0.970885
0.92098
0.864718
0.806251
0.749821
0.699063
0.656664
0.624243
0.602277
0.589993
0.585313
0.585022
0.585284
0.582461
0.573988
0.558975
0.538292
0.514107
0.489095
0.465646
0.445324
0.428668
0.415304
0.404243
0.394241
0.384076
0.372645
0.358958
0.342168
0.321792
0.298083
0.272341
0.246851
0.224279
0.206725
0.195041
0.188966
0.187794
0.190744
0.196789
0.204364
0.211419
0.215867
0.216179
0.211871
0.203625
0.193005
0.181906
0.172018
0.164555
0.160168
0.158823
0.159572
0.160462
0.158836
0.152052
0.138361
0.11764
0.0916395
0.0636304
0.0375456
0.016945
0.00417488
0
0
0.00489751
0.0193319
0.0427624
0.0746277
0.114468
0.161915
0.216599
0.278028
0.345448
0.417704
0.493133
0.569568
0.644548
0.715697
0.781149
0.839856
0.891655
0.937071
0.976953
1.01205
1.04268
1.0686
1.08912
1.10334
1.11057
1.11068
1.1044
1.09329
1.07952
1.06512
1.0512
1.03723
1.02103
0.999473
0.969759
0.930587
0.882814
0.82932
0.774248
0.721963
0.676165
0.639369
0.612727
0.596019
0.58773
0.585208
0.585014
0.583498
0.577535
0.565224
0.546315
0.522192
0.495379
0.468774
0.4449
0.425419
0.410989
0.401359
0.395563
0.392082
0.388961
0.383943
0.37475
0.359598
0.337831
0.310416
0.27995
0.250065
0.224343
0.20519
0.193314
0.188126
0.1886
0.193737
0.202394
0.21292
0.223132
0.230743
0.233982
0.232096
0.225494
0.215499
0.203848
0.192206
0.181901
0.173806
0.168194
0.164543
0.161453
0.15683
0.148379
0.13434
0.114236
0.0892992
0.0623335
0.0369965
0.0167915
0.00415768
0
0
0.00490963
0.0194356
0.043127
0.0755083
0.116191
0.164859
0.221173
0.284644
0.354486
0.429485
0.507893
0.587452
0.665588
0.739783
0.807979
0.868885
0.922063
0.967799
1.00682
1.03997
1.06789
1.09081
1.10855
1.12067
1.12667
1.12634
1.11995
1.10834
1.09277
1.07452
1.05437
1.03213
1.00647
0.975347
0.936868
0.890267
0.836656
0.779132
0.722186
0.670615
0.628371
0.597743
0.579071
0.570913
0.570474
0.574141
0.578054
0.578677
0.573344
0.560719
0.541045
0.516077
0.488637
0.461888
0.438575
0.420492
0.408307
0.401664
0.399376
0.399587
0.399902
0.397588
0.389964
0.375024
0.352165
0.322687
0.289728
0.257495
0.229998
0.209825
0.19763
0.192594
0.193347
0.198585
0.207089
0.21742
0.227744
0.236053
0.240653
0.240631
0.23607
0.227907
0.217529
0.206338
0.19548
0.185739
0.177444
0.170377
0.163718
0.156081
0.145716
0.131008
0.111231
0.0871478
0.0611007
0.0364567
0.0166347
0.00413923
0
0
0.00491902
0.0195194
0.0434292
0.0762496
0.117649
0.167338
0.224959
0.289954
0.361429
0.438026
0.51786
0.598563
0.677483
0.752047
0.820144
0.880411
0.932325
0.976107
1.01251
1.04254
1.06724
1.08743
1.10363
1.116
1.12448
1.12886
1.12895
1.12466
1.11603
1.1031
1.08573
1.06335
1.0349
0.999024
0.954626
0.901587
0.841454
0.777693
0.715305
0.659806
0.615897
0.5863
0.571187
0.568358
0.57398
0.583534
0.592625
0.59756
0.595711
0.585769
0.567889
0.54368
0.515892
0.487804
0.46245
0.441967
0.427296
0.418235
0.413663
0.411774
0.41025
0.40645
0.397747
0.382085
0.358689
0.328631
0.294886
0.261663
0.233153
0.212218
0.199707
0.19473
0.195555
0.20043
0.207911
0.216731
0.22556
0.23297
0.237671
0.238849
0.236392
0.230852
0.223151
0.214217
0.204754
0.1952
0.185745
0.176364
0.166785
0.156373
0.144027
0.128423
0.108704
0.085244
0.0599637
0.0359383
0.0164775
0.0041198
0
0
0.00492561
0.0195822
0.0436635
0.0768332
0.118796
0.16925
0.227763
0.293635
0.36577
0.442586
0.52199
0.601454
0.678235
0.74972
0.813801
0.869149
0.91531
0.952637
0.982111
1.00514
1.02333
1.03833
1.05159
1.06422
1.07678
1.08922
1.10088
1.11062
1.11717
1.11926
1.11568
1.10523
1.08664
1.05862
1.02022
0.97139
0.913604
0.85019
0.786148
0.727318
0.679121
0.645278
0.626919
0.622409
0.627967
0.638754
0.649927
0.657335
0.65786
0.649618
0.632137
0.606486
0.575157
0.541559
0.509221
0.480958
0.45835
0.441647
0.43
0.421809
0.415011
0.407265
0.39615
0.379549
0.356283
0.326788
0.293433
0.260127
0.2312
0.209972
0.197686
0.193434
0.195035
0.200157
0.206972
0.214233
0.221044
0.226649
0.230401
0.231879
0.231018
0.2281
0.22356
0.217726
0.2107
0.202424
0.192849
0.18206
0.170251
0.15746
0.143231
0.126602
0.106705
0.0836317
0.0589471
0.035451
0.0163222
0.00409965
0
0
0.00492943
0.0196238
0.0438278
0.0772511
0.119612
0.17056
0.229541
0.295649
0.367524
0.4433
0.520629
0.596789
0.668918
0.734346
0.790959
0.837481
0.873596
0.899912
0.917809
0.929275
0.936724
0.942818
0.950208
0.961159
0.977075
0.998102
1.02305
1.04973
1.07556
1.09806
1.11512
1.1249
1.12572
1.116
1.09447
1.06066
1.01549
0.961742
0.903985
0.847953
0.79938
0.762694
0.73997
0.730494
0.731153
0.737439
0.744549
0.748165
0.744873
0.732426
0.710015
0.678484
0.640291
0.599008
0.558458
0.521772
0.490747
0.465719
0.445901
0.429917
0.416205
0.403115
0.388797
0.371229
0.348711
0.320742
0.288776
0.256264
0.22773
0.207107
0.196085
0.193586
0.196813
0.202817
0.209421
0.215364
0.220075
0.223388
0.225345
0.226086
0.225806
0.224679
0.222729
0.219692
0.215049
0.208236
0.198943
0.187308
0.173855
0.15914
0.143233
0.125535
0.105258
0.0823368
0.0580671
0.0350016
0.0161708
0.00407903
0
0
0.00493061
0.019645
0.0439235
0.0775055
0.120103
0.171298
0.230384
0.296224
0.367176
0.44109
0.51537
0.587119
0.65336
0.711351
0.758932
0.794828
0.818822
0.831771
0.835504
0.83267
0.826579
0.821008
0.819863
0.826588
0.843373
0.870484
0.906176
0.947293
0.990192
1.03149
1.0684
1.09861
1.12014
1.13112
1.13
1.11589
1.08922
1.05213
1.00859
0.963758
0.922913
0.890189
0.867565
0.854523
0.84846
0.845602
0.84196
0.834003
0.819036
0.795471
0.763078
0.723157
0.678391
0.632275
0.588218
0.548659
0.514583
0.485621
0.46065
0.438515
0.418437
0.399872
0.381929
0.36293
0.340765
0.314077
0.283576
0.252519
0.225825
0.207922
0.200359
0.201179
0.206699
0.213593
0.219724
0.224076
0.226434
0.227108
0.226691
0.225833
0.225032
0.224468
0.223876
0.222532
0.219418
0.213567
0.204449
0.192197
0.177526
0.161303
0.143956
0.125188
0.104359
0.0813654
0.0573296
0.0345937
0.0160247
0.00405816
0
0
0.00492939
0.0196472
0.0439548
0.0776078
0.120302
0.171545
0.230484
0.295777
0.365544
0.437411
0.508625
0.576196
0.637105
0.688555
0.728301
0.754967
0.768294
0.769245
0.759965
0.743652
0.724373
0.706825
0.695903
0.695946
0.709702
0.737485
0.777125
0.824785
0.87612
0.927152
0.974663
1.01616
1.04967
1.07357
1.08659
1.08813
1.07864
1.06
1.03545
1.00897
0.984335
0.964045
0.948718
0.937102
0.926681
0.914516
0.897951
0.875042
0.844757
0.807121
0.763317
0.715655
0.667218
0.621164
0.5799
0.54446
0.514411
0.48833
0.464595
0.442084
0.420418
0.399594
0.379226
0.358014
0.334131
0.306558
0.276539
0.248035
0.226402
0.215396
0.214589
0.220109
0.22762
0.23419
0.238436
0.240038
0.239317
0.236995
0.234006
0.231265
0.2294
0.228544
0.228225
0.227419
0.224805
0.21918
0.209881
0.197021
0.181379
0.163952
0.145356
0.125515
0.103977
0.0807026
0.0567303
0.0342275
0.0158846
0.00403726
0
0
0.00492606
0.0196326
0.0439287
0.0775757
0.120252
0.171408
0.230089
0.294815
0.36357
0.433892
0.503017
0.568019
0.625951
0.674023
0.709872
0.731893
0.739569
0.733691
0.716405
0.6911
0.662172
0.634696
0.613945
0.604647
0.609957
0.630514
0.664241
0.707083
0.754229
0.801183
0.844376
0.881347
0.910648
0.931644
0.944379
0.949582
0.948741
0.944077
0.938222
0.933569
0.931504
0.931865
0.932914
0.93186
0.925651
0.911714
0.88843
0.855335
0.813174
0.763909
0.710642
0.657295
0.607912
0.565693
0.532117
0.506633
0.487096
0.470731
0.45511
0.438693
0.420791
0.401111
0.379255
0.35461
0.326903
0.297269
0.26906
0.247332
0.236284
0.236104
0.242791
0.251242
0.257872
0.261142
0.260976
0.258049
0.253336
0.247906
0.242795
0.238832
0.236433
0.235461
0.235182
0.234378
0.231612
0.225636
0.21579
0.2022
0.185656
0.167164
0.147402
0.126447
0.104052
0.0803125
0.0562548
0.0338997
0.0157509
0.00401651
0
0
0.00492101
0.0196038
0.043854
0.0774313
0.120005
0.171005
0.229443
0.293813
0.362109
0.431955
0.500757
0.565823
0.624414
0.673806
0.711481
0.735467
0.744757
0.739659
0.721943
0.694744
0.662244
0.629209
0.600469
0.580354
0.572026
0.576724
0.593266
0.61823
0.6469
0.674518
0.697319
0.713096
0.721307
0.722895
0.719963
0.715407
0.71249
0.714301
0.723098
0.739643
0.762785
0.789507
0.815465
0.835847
0.846273
0.843482
0.825757
0.793115
0.747432
0.692516
0.634004
0.578755
0.533416
0.502274
0.485418
0.478781
0.47624
0.472233
0.463353
0.448562
0.42844
0.404155
0.37685
0.347746
0.318823
0.293395
0.275608
0.268288
0.270589
0.278238
0.286195
0.290911
0.290943
0.286559
0.279027
0.269959
0.260884
0.253039
0.247256
0.24387
0.242658
0.242894
0.243447
0.242928
0.239928
0.233341
0.222669
0.208149
0.1906
0.171001
0.150032
0.127877
0.10449
0.0801388
0.0558792
0.0336045
0.0156232
0.00399607
0
0
0.00491469
0.0195642
0.0437406
0.0771978
0.119611
0.170434
0.228738
0.29312
0.361747
0.432498
0.50312
0.571291
0.634564
0.690312
0.735836
0.768721
0.787357
0.791419
0.782118
0.762089
0.734951
0.704644
0.674762
0.648099
0.626467
0.610624
0.600137
0.593275
0.587236
0.578894
0.565801
0.547013
0.523452
0.49777
0.473832
0.45594
0.447977
0.452727
0.471515
0.504014
0.547979
0.599101
0.651381
0.698076
0.732842
0.750713
0.748769
0.726581
0.686575
0.634375
0.578891
0.531383
0.502262
0.495758
0.506752
0.52386
0.535487
0.533865
0.516385
0.485174
0.445576
0.404156
0.366967
0.338522
0.321335
0.315596
0.318996
0.32728
0.335617
0.340084
0.338519
0.330609
0.317484
0.301162
0.28401
0.268267
0.255692
0.247335
0.24341
0.243301
0.245758
0.249206
0.251998
0.252586
0.249687
0.242481
0.230786
0.215081
0.196294
0.175411
0.153104
0.129643
0.105163
0.0801071
0.055572
0.0333335
0.015501
0.00397608
0
0
0.00490756
0.0195171
0.0435989
0.076898
0.119111
0.169766
0.228083
0.292891
0.362675
0.435706
0.510175
0.584183
0.655599
0.7219
0.780246
0.827858
0.862633
0.883706
0.89172
0.888644
0.877159
0.859809
0.83828
0.813118
0.783979
0.750154
0.710979
0.665987
0.614964
0.558189
0.496947
0.43414
0.374654
0.325029
0.291704
0.277692
0.280664
0.296016
0.321616
0.358672
0.408582
0.46946
0.53545
0.598505
0.650611
0.68539
0.69902
0.690787
0.663518
0.623988
0.582918
0.553288
0.545342
0.56004
0.5876
0.613116
0.623211
0.6099
0.572076
0.515446
0.451255
0.394009
0.357458
0.347963
0.36024
0.382313
0.403289
0.416271
0.417986
0.40792
0.387644
0.360163
0.329187
0.298463
0.271272
0.250109
0.236452
0.230584
0.231551
0.237414
0.245749
0.25413
0.260425
0.262946
0.26057
0.252837
0.239981
0.222832
0.202532
0.180143
0.156359
0.131522
0.105916
0.0801303
0.0552974
0.0330774
0.0153833
0.00395665
0
0
0.00490013
0.0194662
0.0434398
0.0765529
0.118535
0.169031
0.227486
0.293062
0.364661
0.441022
0.520794
0.60248
0.684228
0.763647
0.837876
0.903986
0.959598
1.00341
1.03534
1.05625
1.0672
1.06866
1.06009
1.03998
1.00654
0.958482
0.8955
0.818468
0.72935
0.631189
0.528324
0.426809
0.33499
0.263956
0.225382
0.222034
0.242481
0.274273
0.313227
0.360569
0.417363
0.481291
0.546787
0.607014
0.655804
0.688865
0.704308
0.702813
0.687653
0.664657
0.641794
0.627583
0.627747
0.641503
0.660749
0.67325
0.667499
0.636826
0.58191
0.511676
0.442722
0.395989
0.386402
0.410017
0.448451
0.484075
0.506178
0.51009
0.495319
0.464257
0.421315
0.372146
0.322745
0.278541
0.243664
0.220495
0.209473
0.209232
0.217155
0.23009
0.244871
0.258584
0.268749
0.273528
0.271889
0.263687
0.24958
0.230803
0.208788
0.184746
0.15943
0.133243
0.106573
0.0801156
0.0550175
0.0328261
0.0152692
0.00393788
0
0
0.00489289
0.019415
0.0432736
0.0761809
0.117903
0.168225
0.226861
0.293367
0.367105
0.447279
0.532948
0.622932
0.715608
0.808755
0.899629
0.98534
1.06334
1.13178
1.1895
1.23563
1.26907
1.28801
1.29
1.27244
1.2335
1.17283
1.09191
0.993962
0.883531
0.766182
0.648278
0.536841
0.439299
0.363029
0.314395
0.296822
0.309006
0.346039
0.402019
0.470702
0.544966
0.617004
0.679438
0.726722
0.756139
0.768057
0.76548
0.753113
0.736257
0.719792
0.707478
0.701513
0.702024
0.706406
0.709106
0.702703
0.680489
0.6397
0.584205
0.52558
0.481158
0.466435
0.483756
0.520399
0.559006
0.586125
0.594122
0.580318
0.545776
0.494335
0.431869
0.36555
0.302908
0.250711
0.213736
0.193617
0.188571
0.194851
0.208651
0.226735
0.246111
0.263795
0.277017
0.283659
0.282617
0.273906
0.258517
0.238066
0.214302
0.18863
0.161885
0.134512
0.106958
0.0799729
0.0546968
0.0325705
0.0151577
0.00391987
0
0
0.00488633
0.0193671
0.0431102
0.0757988
0.117226
0.167314
0.226056
0.293402
0.369161
0.452949
0.544145
0.641793
0.744447
0.850067
0.956097
1.05971
1.15811
1.24864
1.32869
1.39541
1.44552
1.47539
1.48159
1.4617
1.41523
1.34414
1.25276
1.14732
1.03506
0.923593
0.820208
0.731335
0.661874
0.614619
0.590003
0.586346
0.600658
0.629687
0.6705
0.71995
0.773491
0.824661
0.866085
0.891488
0.897477
0.884336
0.855833
0.818479
0.780436
0.749822
0.732305
0.72896
0.735967
0.746403
0.752668
0.748432
0.730172
0.69853
0.65909
0.621602
0.596716
0.590729
0.601766
0.621086
0.637874
0.643208
0.631658
0.601345
0.553416
0.491504
0.421279
0.34993
0.285306
0.234558
0.202121
0.187801
0.187445
0.196365
0.211422
0.230457
0.251084
0.270298
0.284944
0.292487
0.291581
0.282227
0.265597
0.243594
0.218257
0.191186
0.1633
0.135058
0.106913
0.0796246
0.0543055
0.0323029
0.0150482
0.00390267
0
0
0.0048809
0.0193259
0.0429593
0.0754215
0.11651
0.166256
0.22489
0.292709
0.369907
0.456436
0.551912
0.655533
0.765983
0.881378
0.999286
1.11683
1.23074
1.33736
1.43258
1.51181
1.57025
1.60345
1.60817
1.58334
1.53077
1.4553
1.36425
1.26637
1.17057
1.08495
1.01616
0.969022
0.946135
0.947144
0.967888
1.00033
1.03425
1.06035
1.07339
1.0735
1.06504
1.05339
1.04165
1.02915
1.01208
0.985412
0.944993
0.889966
0.825141
0.762103
0.716648
0.700922
0.714712
0.74556
0.777466
0.798269
0.801962
0.788233
0.761213
0.727793
0.695426
0.66964
0.652155
0.64065
0.630324
0.616071
0.593973
0.561801
0.519017
0.46684
0.408462
0.349021
0.294882
0.252013
0.223816
0.20983
0.206983
0.212246
0.223781
0.240137
0.259116
0.277516
0.291805
0.299067
0.297675
0.287503
0.269752
0.246484
0.219947
0.191904
0.163332
0.134668
0.106319
0.079014
0.0538222
0.0320184
0.0149403
0.00388635
0
0
0.00487699
0.0192942
0.0428297
0.0750639
0.115764
0.165012
0.223197
0.290871
0.368522
0.456365
0.554207
0.661378
0.776672
0.898292
1.02379
1.15002
1.27309
1.38836
1.49057
1.57422
1.63414
1.66634
1.66891
1.6428
1.5922
1.52419
1.44761
1.37163
1.30448
1.25289
1.22225
1.21675
1.23865
1.28622
1.35172
1.42131
1.47796
1.50613
1.49631
1.44777
1.36882
1.2747
1.18353
1.11053
1.06146
1.02911
0.997054
0.948971
0.87781
0.79095
0.710149
0.663305
0.665476
0.705264
0.756713
0.79795
0.817229
0.811273
0.782554
0.737184
0.683244
0.62912
0.581761
0.545279
0.520542
0.505724
0.497073
0.489509
0.477576
0.457029
0.426401
0.387662
0.34556
0.305913
0.273591
0.251168
0.238963
0.236105
0.241361
0.253045
0.26854
0.284333
0.296686
0.302515
0.300014
0.288886
0.27023
0.246121
0.21891
0.190462
0.161775
0.13322
0.105114
0.0781118
0.0532368
0.0317148
0.014834
0.00387095
0
0
0.00487495
0.0192748
0.0427295
0.0747412
0.115003
0.163567
0.220873
0.287605
0.36444
0.451804
0.549703
0.657633
0.774513
0.898567
1.02718
1.15676
1.28276
1.39987
1.50249
1.5854
1.64451
1.67755
1.68471
1.66887
1.63541
1.59137
1.54415
1.50029
1.4652
1.44365
1.44072
1.46177
1.51046
1.58545
1.67763
1.77039
1.84318
1.8768
1.85821
1.78363
1.65932
1.50082
1.33116
1.17755
1.06372
0.996948
0.960951
0.92694
0.873272
0.797114
0.715583
0.657914
0.646379
0.676524
0.722963
0.760687
0.774953
0.760674
0.719692
0.658679
0.587554
0.517833
0.460543
0.423831
0.410943
0.419482
0.442254
0.469276
0.490341
0.497575
0.487249
0.460328
0.421655
0.378149
0.33672
0.302632
0.278805
0.265992
0.263312
0.268641
0.278854
0.290222
0.29904
0.302286
0.298085
0.285927
0.266674
0.242253
0.214991
0.18678
0.158594
0.130704
0.103294
0.0769197
0.0525513
0.0313932
0.0147296
0.00385653
0
0
0.00487503
0.0192699
0.0426663
0.0744693
0.114249
0.161942
0.21791
0.282828
0.357463
0.442418
0.537946
0.643802
0.759085
0.882017
1.00971
1.13811
1.26217
1.37651
1.47622
1.55774
1.61939
1.66159
1.68658
1.69792
1.69972
1.69582
1.68913
1.68179
1.676
1.6753
1.68523
1.71257
1.7627
1.83606
1.92553
2.01661
2.09047
2.12855
2.11672
2.048
1.92336
1.75141
1.54767
1.33392
1.13617
0.978439
0.871194
0.803762
0.75414
0.708411
0.669813
0.652016
0.663188
0.695738
0.732057
0.755869
0.757811
0.735936
0.69461
0.642955
0.592364
0.55258
0.527786
0.516244
0.514301
0.520107
0.532987
0.550136
0.56521
0.570528
0.560566
0.53411
0.494316
0.447239
0.399759
0.357768
0.325108
0.303326
0.291961
0.289022
0.291521
0.296045
0.299307
0.298579
0.291978
0.278699
0.259183
0.235018
0.208354
0.181019
0.153927
0.127219
0.100922
0.0754704
0.0517795
0.0310581
0.0146279
0.00384309
0
0
0.00487742
0.0192812
0.0426462
0.0742643
0.113538
0.1602
0.21441
0.276703
0.347827
0.428546
0.519428
0.620606
0.731464
0.850267
0.973902
1.09796
1.21733
1.32727
1.42463
1.50859
1.58071
1.64403
1.70168
1.75564
1.80611
1.85165
1.89004
1.91942
1.93963
1.95311
1.96502
1.98222
2.01096
2.05431
2.11012
2.17063
2.22398
2.25692
2.25757
2.21743
2.13228
2.0024
1.83279
1.63341
1.41925
1.20896
1.02167
0.872525
0.76883
0.709655
0.688622
0.696391
0.721492
0.751703
0.776542
0.789411
0.788575
0.77714
0.761912
0.750577
0.747492
0.750654
0.75287
0.746606
0.728801
0.70264
0.675437
0.653682
0.63845
0.624965
0.606442
0.57842
0.540635
0.496393
0.450726
0.408491
0.373125
0.346183
0.327502
0.315663
0.308534
0.303772
0.299149
0.292674
0.282652
0.26794
0.248368
0.224949
0.199462
0.173566
0.148067
0.122965
0.0981187
0.0738247
0.0509463
0.0307168
0.0145301
0.00383068
0
0
0.00488219
0.0193096
0.0426741
0.074142
0.11291
0.158439
0.210588
0.269631
0.336208
0.411216
0.495596
0.589981
0.694187
0.806681
0.924329
1.04272
1.15721
1.26442
1.36357
1.45694
1.54884
1.64348
1.74278
1.84521
1.94633
2.04033
2.12155
2.18572
2.23067
2.25675
2.26694
2.26643
2.2615
2.25805
2.25998
2.2681
2.27987
2.29004
2.29189
2.27849
2.24367
2.18278
2.09339
1.97624
1.83599
1.6812
1.52312
1.37336
1.24128
1.13212
1.04661
0.981852
0.932959
0.894735
0.863207
0.836801
0.816963
0.80764
0.812938
0.833327
0.862954
0.890662
0.904271
0.895369
0.862426
0.811349
0.753302
0.700109
0.658862
0.629055
0.604713
0.57936
0.549563
0.515493
0.4796
0.444897
0.413708
0.387109
0.36497
0.346356
0.330078
0.315162
0.300978
0.286934
0.272079
0.255182
0.235406
0.212966
0.18905
0.164992
0.141433
0.118224
0.0950487
0.0720658
0.050085
0.0303784
0.0144375
0.00381928
0
0
0.00488932
0.0193554
0.0427531
0.0741157
0.11241
0.156785
0.206736
0.262208
0.323663
0.392086
0.468817
0.555094
0.651353
0.756553
0.867942
0.981631
1.09397
1.20324
1.31086
1.42104
1.53882
1.66721
1.80525
1.9481
2.08872
2.21982
2.33503
2.42911
2.49786
2.53838
2.54984
2.53445
2.49785
2.4484
2.39534
2.34651
2.30666
2.27713
2.25677
2.24324
2.23382
2.22533
2.21355
2.1932
2.15862
2.10513
2.03025
1.93426
1.81994
1.69196
1.55602
1.41807
1.28365
1.1575
1.04372
0.94657
0.871381
0.824328
0.809471
0.823994
0.856257
0.889387
0.907384
0.899916
0.864641
0.807185
0.738986
0.673315
0.620293
0.583118
0.558235
0.539293
0.521202
0.501674
0.480659
0.459092
0.437864
0.417273
0.396925
0.376013
0.353873
0.330545
0.306933
0.284257
0.263065
0.242726
0.222041
0.200367
0.178081
0.156011
0.134534
0.113329
0.0919078
0.0702913
0.0492345
0.0300539
0.0143515
0.00380889
0
0
0.00489872
0.0194184
0.0428842
0.0741954
0.112081
0.155367
0.203183
0.255135
0.311485
0.373274
0.442224
0.520255
0.608652
0.707267
0.814271
0.92682
1.04247
1.16071
1.28355
1.41466
1.55703
1.71075
1.87228
2.03563
2.19437
2.34297
2.47682
2.5912
2.68035
2.73782
2.75826
2.73999
2.68685
2.60812
2.5162
2.42305
2.33714
2.26269
2.20155
2.15597
2.12983
2.12712
2.14808
2.18615
2.22804
2.25722
2.25868
2.22263
2.14618
2.03306
1.89192
1.7339
1.57016
1.41004
1.26026
1.12543
1.0095
0.917126
0.853401
0.820608
0.813887
0.820549
0.82475
0.813658
0.781307
0.729435
0.665959
0.60185
0.547209
0.507755
0.483484
0.470373
0.463467
0.45894
0.454507
0.448961
0.441573
0.431621
0.418161
0.400141
0.376917
0.34893
0.318059
0.287133
0.258615
0.233331
0.210452
0.188748
0.167698
0.147428
0.127923
0.108637
0.0889044
0.0686049
0.0484355
0.0297542
0.0142734
0.00379948
0
0
0.00491016
0.0194974
0.043066
0.0743857
0.111954
0.154295
0.200225
0.24908
0.300974
0.357014
0.419294
0.49046
0.572855
0.667621
0.77431
0.891329
1.01697
1.15037
1.29177
1.44159
1.59909
1.76145
1.92422
2.08282
2.23407
2.37659
2.50952
2.63026
2.73288
2.80837
2.84731
2.84358
2.79725
2.7153
2.6096
2.49306
2.37589
2.26416
2.16145
2.07227
2.00439
1.96756
1.96813
2.00301
2.05793
2.11181
2.14396
2.13985
2.09379
2.0087
1.8939
1.76189
1.62507
1.49311
1.37165
1.2624
1.16446
1.07631
0.997462
0.928932
0.872023
0.826008
0.786656
0.747275
0.701811
0.647741
0.58711
0.525566
0.47024
0.427368
0.400335
0.388797
0.389393
0.397491
0.408731
0.419699
0.427898
0.431404
0.428499
0.417612
0.397743
0.36923
0.334301
0.296824
0.260991
0.229549
0.20289
0.179829
0.159118
0.140078
0.122156
0.104501
0.0862416
0.0671072
0.0477275
0.0294899
0.0142046
0.003791
0
0
0.00492336
0.0195906
0.0432947
0.0746853
0.112045
0.153644
0.198073
0.244535
0.293137
0.345144
0.403047
0.470226
0.550152
0.645394
0.756909
0.883918
1.02428
1.175
1.33254
1.49288
1.6515
1.80384
1.94624
2.07724
2.19833
2.31338
2.42644
2.5385
2.64525
2.73715
2.80217
2.8298
2.81452
2.7574
2.66541
2.54896
2.41887
2.28433
2.15286
2.03176
1.92951
1.85523
1.81512
1.80791
1.8229
1.84303
1.851
1.83459
1.78933
1.71838
1.63049
1.53697
1.44862
1.37315
1.31352
1.26758
1.22905
1.18988
1.14283
1.08373
1.01249
0.932516
0.848889
0.766039
0.686324
0.610251
0.537908
0.470357
0.410222
0.36143
0.328269
0.313569
0.316686
0.333264
0.357265
0.383075
0.406333
0.423783
0.432809
0.431179
0.41735
0.391268
0.355095
0.313182
0.27093
0.232869
0.201069
0.175105
0.153458
0.134729
0.117739
0.101236
0.0840993
0.0658867
0.0471448
0.0292698
0.014146
0.00378339
0
0
0.00493793
0.0196954
0.0435644
0.0750863
0.112354
0.153439
0.196813
0.241711
0.288423
0.338536
0.394999
0.461854
0.543497
0.643575
0.763866
0.903513
1.05882
1.22365
1.39023
1.5504
1.69685
1.82447
1.93149
2.02024
2.09711
2.17116
2.25131
2.34274
2.44423
2.54776
2.64069
2.70918
2.74173
2.73182
2.67896
2.58842
2.46966
2.33437
2.19469
2.06211
1.94651
1.8549
1.78978
1.74786
1.7205
1.69625
1.66427
1.61733
1.55323
1.47489
1.38926
1.30598
1.23554
1.18704
1.16503
1.16677
1.18215
1.1967
1.19619
1.1705
1.1157
1.03434
0.933914
0.824286
0.71488
0.61266
0.521497
0.442793
0.376804
0.324063
0.286438
0.267049
0.26801
0.287309
0.318796
0.355171
0.390231
0.419314
0.438844
0.445895
0.438348
0.415663
0.379718
0.334975
0.287515
0.243155
0.205534
0.175391
0.151469
0.131944
0.115051
0.0990838
0.0826161
0.0650117
0.0467137
0.0291004
0.0140981
0.00377655
0
0
0.00495342
0.0198089
0.0438668
0.0755755
0.112864
0.153657
0.196401
0.240501
0.286612
0.336791
0.394481
0.464193
0.55077
0.658194
0.788189
0.939029
1.10505
1.2771
1.44399
1.59452
1.71976
1.81494
1.88056
1.92267
1.95191
1.98154
2.02429
2.08897
2.17779
2.28552
2.40057
2.50757
2.59072
2.63711
2.63951
2.59767
2.51792
2.41143
2.29163
2.17166
2.06218
1.96992
1.89698
1.84118
1.79712
1.75761
1.715
1.66249
1.59527
1.51158
1.41357
1.30804
1.20648
1.12392
1.07456
1.06446
1.08607
1.1209
1.14781
1.15019
1.1193
1.05458
0.962124
0.852121
0.735995
0.624056
0.523964
0.440073
0.373505
0.323125
0.287517
0.267145
0.264472
0.280621
0.312053
0.351692
0.392197
0.427645
0.453498
0.466135
0.46287
0.442659
0.406996
0.360201
0.308607
0.258763
0.215437
0.180492
0.153282
0.131935
0.114278
0.0981741
0.0818723
0.0645231
0.0464497
0.0289852
0.0140608
0.00377038
0
0
0.00496933
0.0199273
0.0441919
0.0761343
0.113546
0.154241
0.196697
0.240564
0.286948
0.338442
0.398925
0.473102
0.565696
0.680263
0.817741
0.975176
1.14517
1.31646
1.47575
1.61027
1.7106
1.77279
1.79947
1.79953
1.78664
1.77671
1.7848
1.8221
1.89359
1.9968
2.12207
2.25424
2.37576
2.47049
2.52724
2.5418
2.51704
2.46122
2.38531
2.30027
2.21512
2.1361
2.06678
2.00852
1.96045
1.91916
1.87837
1.8298
1.76509
1.67843
1.56862
1.44041
1.30471
1.17777
1.07827
1.02053
1.00598
1.02054
1.04222
1.05115
1.03497
0.989621
0.917915
0.827193
0.726988
0.627034
0.5358
0.45933
0.40027
0.357691
0.328733
0.311621
0.307416
0.318266
0.343597
0.378728
0.416966
0.45197
0.478524
0.492379
0.490293
0.470709
0.434659
0.386129
0.331359
0.277145
0.228876
0.189255
0.15833
0.134473
0.115351
0.0985014
0.0818785
0.0644299
0.0463561
0.0289241
0.0140336
0.00376475
0
0
0.00498514
0.0200469
0.0445287
0.0767411
0.114362
0.155116
0.197519
0.241457
0.288452
0.341572
0.404998
0.483359
0.58084
0.70006
0.840791
0.998837
1.16561
1.32887
1.47468
1.59018
1.66645
1.70069
1.69702
1.66585
1.62204
1.58229
1.56238
1.57469
1.62608
1.71637
1.83787
1.97662
2.11546
2.23786
2.33153
2.39039
2.4147
2.40951
2.38226
2.34056
2.29088
2.23834
2.18692
2.13944
2.09686
2.05709
2.01453
1.96106
1.88854
1.79159
1.66965
1.5278
1.3763
1.2294
1.10288
1.00993
0.955536
0.933248
0.928192
0.92428
0.909667
0.878468
0.830097
0.767779
0.697029
0.62437
0.55625
0.497935
0.452313
0.419264
0.396627
0.382567
0.377386
0.382917
0.399902
0.426037
0.456481
0.485623
0.508212
0.519639
0.5162
0.495835
0.459057
0.409361
0.35261
0.29546
0.243501
0.199961
0.165512
0.138937
0.117953
0.0999177
0.0825718
0.064707
0.0464233
0.0289136
0.0140155
0.00375952
1.28622e-12
0
0.00500028
0.0201636
0.0448651
0.0773719
0.11527
0.156206
0.198701
0.242789
0.290273
0.34452
0.409845
0.490628
0.590327
0.71046
0.849568
1.00241
1.15981
1.30953
1.43829
1.53436
1.59022
1.60438
1.58182
1.5331
1.47239
1.41519
1.37622
1.36777
1.3979
1.46845
1.57386
1.702
1.83723
1.96426
2.07134
2.15202
2.20518
2.23366
2.24234
2.23652
2.22098
2.19983
2.17637
2.15257
2.12821
2.10013
2.06245
2.00817
1.93133
1.82919
1.7033
1.55952
1.40711
1.25729
1.12141
1.00883
0.924509
0.867438
0.831261
0.807152
0.786917
0.764713
0.737374
0.704076
0.665849
0.625062
0.584791
0.548029
0.516816
0.491704
0.472136
0.457688
0.449148
0.448299
0.456345
0.472379
0.493227
0.514433
0.531198
0.538869
0.533436
0.512393
0.475703
0.426244
0.369282
0.311045
0.257031
0.210772
0.173494
0.14446
0.121578
0.102156
0.0838232
0.0652982
0.0466295
0.0289467
0.0140048
0.00375455
0
0
0.00501423
0.0202732
0.0451887
0.0780016
0.116229
0.157441
0.200123
0.244323
0.29192
0.346352
0.411884
0.49257
0.591184
0.708257
0.841299
0.984344
1.12813
1.26115
1.37156
1.44956
1.48953
1.49137
1.46055
1.40692
1.34285
1.28129
1.23446
1.21298
1.22479
1.27314
1.35481
1.46042
1.57693
1.69121
1.7929
1.87593
1.93856
1.98235
2.01071
2.02772
2.03729
2.04273
2.04622
2.04819
2.04667
2.03734
2.01434
1.97183
1.90568
1.81463
1.70068
1.56867
1.4255
1.27925
1.13838
1.01081
0.902859
0.818088
0.756665
0.715699
0.690381
0.675227
0.665059
0.655699
0.644418
0.630013
0.612525
0.592749
0.571723
0.550413
0.529789
0.511214
0.496714
0.488588
0.488345
0.495717
0.508504
0.523149
0.535373
0.540649
0.534804
0.514965
0.48054
0.433692
0.37891
0.321797
0.267597
0.220068
0.180979
0.150113
0.125633
0.104874
0.0854557
0.0661217
0.0469425
0.0290131
0.0139994
0.00374966
0
0
0.00502646
0.0203718
0.0454874
0.0786046
0.117196
0.158767
0.201719
0.245997
0.293338
0.347005
0.41103
0.48912
0.583527
0.694113
0.817752
0.94817
1.07642
1.19209
1.28508
1.34766
1.37612
1.37161
1.33981
1.28969
1.23171
1.17629
1.13283
1.10933
1.11184
1.14317
1.20155
1.28059
1.37086
1.46253
1.54758
1.62106
1.68123
1.72888
1.76636
1.79663
1.82247
1.84594
1.86785
1.88733
1.90175
1.90704
1.89848
1.87166
1.82338
1.75225
1.6588
1.54548
1.41648
1.27769
1.13648
1.00125
0.880317
0.780528
0.705826
0.656548
0.629639
0.619654
0.620115
0.624833
0.628834
0.628743
0.622729
0.610249
0.591813
0.568843
0.543587
0.518987
0.498306
0.484393
0.478814
0.481343
0.490086
0.501963
0.513104
0.519189
0.516029
0.50048
0.471395
0.430112
0.380189
0.326479
0.273948
0.226627
0.186886
0.155052
0.129532
0.10771
0.087268
0.0670799
0.0473226
0.0291006
0.013997
0.00374472
0
0
0.0050365
0.0204557
0.0457492
0.0791556
0.118129
0.16013
0.20346
0.247875
0.29481
0.34714
0.40848
0.482156
0.570083
0.671838
0.784145
0.900904
1.01384
1.11378
1.1923
1.24344
1.26498
1.25882
1.23057
1.18827
1.14092
1.09708
1.06403
1.04735
1.05051
1.07443
1.11711
1.17393
1.23867
1.30504
1.368
1.42455
1.47383
1.51665
1.55474
1.58992
1.6235
1.65582
1.68614
1.71275
1.73315
1.74446
1.74361
1.72761
1.69382
1.64028
1.56609
1.47188
1.36017
1.2357
1.10528
0.977204
0.860097
0.761398
0.685963
0.635178
0.60692
0.596339
0.59715
0.602919
0.608032
0.60823
0.600848
0.584878
0.560977
0.531366
0.499543
0.469696
0.4458
0.430604
0.424981
0.428021
0.437623
0.450981
0.464719
0.474958
0.477706
0.469638
0.448971
0.416043
0.373326
0.324895
0.275535
0.229697
0.190442
0.158612
0.132775
0.110327
0.0890599
0.0680695
0.047726
0.0291954
0.013995
0.00373959
0
0
0.00504395
0.0205217
0.0459635
0.0796299
0.118985
0.161473
0.205313
0.250052
0.296748
0.347757
0.406134
0.474747
0.555262
0.647267
0.747784
0.851344
0.950685
1.03798
1.10633
1.15117
1.17123
1.16867
1.1486
1.11796
1.08425
1.05434
1.03373
1.02599
1.03262
1.05305
1.08492
1.12455
1.16774
1.21058
1.25019
1.28527
1.3161
1.34414
1.37131
1.39913
1.42808
1.45744
1.48553
1.51023
1.52946
1.54129
1.54388
1.5352
1.51304
1.47524
1.42037
1.34828
1.26073
1.16142
1.05581
0.950431
0.851978
0.766317
0.697545
0.64732
0.614631
0.596144
0.587023
0.581904
0.575735
0.564413
0.545295
0.517597
0.482632
0.44376
0.405869
0.37423
0.352831
0.342992
0.343387
0.351472
0.364835
0.381448
0.399129
0.41501
0.425542
0.427108
0.41698
0.394191
0.360008
0.31782
0.272456
0.228982
0.191198
0.160349
0.134995
0.112454
0.090654
0.0689922
0.0481091
0.0292834
0.0139907
0.00373415
0
0
0.00504848
0.0205669
0.0461207
0.080004
0.119717
0.162727
0.20721
0.252545
0.299441
0.349718
0.405809
0.470032
0.543769
0.626711
0.716413
0.808346
0.896525
0.974594
1.03713
1.0808
1.105
1.11193
1.1059
1.09235
1.0767
1.06344
1.0556
1.05468
1.06078
1.073
1.08969
1.10877
1.12796
1.14512
1.15873
1.16826
1.17445
1.17911
1.18453
1.19255
1.20386
1.21785
1.23298
1.24753
1.26003
1.2694
1.27459
1.27417
1.26624
1.24864
1.21957
1.1782
1.12504
1.06202
0.992239
0.919579
0.848235
0.782138
0.72434
0.676463
0.63841
0.608465
0.58372
0.560665
0.535787
0.506159
0.47002
0.427328
0.380245
0.333373
0.293299
0.266579
0.256056
0.258772
0.268832
0.281782
0.296145
0.312376
0.330966
0.350849
0.368862
0.380479
0.381335
0.368783
0.342897
0.306663
0.265265
0.224554
0.189015
0.160059
0.135983
0.113907
0.0919112
0.0697627
0.0484315
0.0293514
0.0139818
0.00372831
0
0
0.00504986
0.0205893
0.0462129
0.0802566
0.12028
0.163807
0.209028
0.255231
0.30287
0.353328
0.408457
0.469996
0.538937
0.614965
0.696121
0.778842
0.858483
0.93021
0.990077
1.03593
1.06784
1.08795
1.09971
1.10682
1.1122
1.11746
1.12281
1.12745
1.1302
1.12994
1.12598
1.118
1.10596
1.08994
1.07017
1.04726
1.02244
0.99762
0.975048
0.956615
0.943242
0.934756
0.930332
0.929164
0.930869
0.935417
0.94268
0.951918
0.961537
0.969232
0.972427
0.968822
0.956867
0.93608
0.907145
0.871743
0.832085
0.79032
0.748054
0.706185
0.665001
0.624309
0.58346
0.541377
0.496778
0.448608
0.396555
0.341592
0.286729
0.237954
0.20425
0.193013
0.201534
0.218536
0.234394
0.245403
0.25288
0.261107
0.274554
0.294636
0.318069
0.338301
0.348534
0.344283
0.324743
0.292928
0.254686
0.216721
0.184011
0.157765
0.135692
0.114595
0.0927396
0.0703153
0.0486595
0.0293877
0.0139663
0.00372205
0
0
0.00504797
0.0205877
0.0462344
0.08037
0.120628
0.164618
0.210594
0.257834
0.30666
0.358164
0.413756
0.474651
0.54139
0.613473
0.689176
0.765662
0.839415
0.906959
0.965678
1.01447
1.05397
1.08623
1.11385
1.13897
1.16243
1.18354
1.20037
1.21039
1.21125
1.20137
1.18019
1.14823
1.10685
1.05797
1.00384
0.946852
0.889554
0.834497
0.783936
0.739395
0.701418
0.669801
0.644235
0.624933
0.612837
0.609285
0.615347
0.631163
0.655543
0.685949
0.718835
0.750271
0.776701
0.795616
0.805817
0.807114
0.799659
0.783394
0.75805
0.723646
0.680992
0.631694
0.57766
0.520512
0.461365
0.401053
0.340569
0.281669
0.228024
0.186952
0.168572
0.175765
0.197196
0.218814
0.23266
0.236933
0.234605
0.232319
0.237999
0.255754
0.28198
0.307651
0.32356
0.323854
0.307404
0.277669
0.24134
0.205905
0.176513
0.153695
0.134223
0.11452
0.0930963
0.070607
0.048768
0.0293836
0.0139428
0.00371536
0
0
0.00504278
0.0205615
0.0461819
0.0803311
0.120722
0.165067
0.211712
0.259984
0.310174
0.363227
0.420269
0.482117
0.548892
0.619795
0.693084
0.766291
0.836646
0.901643
0.959635
1.01023
1.05436
1.09382
1.13054
1.16565
1.19892
1.2286
1.25186
1.26546
1.26651
1.25303
1.22432
1.18105
1.12506
1.0591
0.986526
0.910888
0.835625
0.76363
0.696825
0.635931
0.580678
0.530519
0.485515
0.4469
0.417059
0.398929
0.395091
0.406863
0.433747
0.473344
0.521731
0.574159
0.625913
0.673002
0.712373
0.741586
0.75835
0.76046
0.746357
0.715954
0.67112
0.615392
0.553045
0.488071
0.423568
0.361688
0.303983
0.252166
0.209582
0.182475
0.176851
0.190031
0.210766
0.228398
0.237263
0.236507
0.229288
0.222289
0.224032
0.239597
0.265465
0.29167
0.308016
0.308191
0.291213
0.261168
0.22559
0.192571
0.167022
0.148254
0.131806
0.113763
0.092984
0.0706182
0.0487423
0.0293335
0.0139105
0.00370833
0
0
0.00503439
0.0205111
0.0460548
0.0801328
0.120537
0.165078
0.212201
0.261306
0.312708
0.3673
0.426056
0.48954
0.557548
0.62898
0.701935
0.774027
0.842831
0.906362
0.963473
1.01406
1.05901
1.0998
1.13788
1.17405
1.20795
1.23798
1.26156
1.27566
1.2775
1.2651
1.23772
1.19601
1.14193
1.07839
1.00885
0.936776
0.86516
0.796023
0.730175
0.667344
0.606751
0.547941
0.491504
0.43938
0.39466
0.361015
0.34191
0.339776
0.355335
0.387308
0.432569
0.486667
0.544511
0.600977
0.651221
0.690729
0.715388
0.721904
0.708565
0.67597
0.627243
0.567477
0.502586
0.438064
0.378103
0.325261
0.280697
0.245126
0.2202
0.208641
0.211318
0.224065
0.239335
0.250462
0.254042
0.250175
0.241904
0.234644
0.234927
0.246749
0.267404
0.288231
0.299639
0.295487
0.275062
0.24301
0.207578
0.177245
0.156207
0.141989
0.128761
0.112462
0.0924424
0.0703514
0.0485782
0.0292358
0.0138695
0.00370107
0
0
0.00502299
0.0204376
0.0458554
0.0797751
0.120058
0.164601
0.211933
0.261515
0.313694
0.369355
0.429405
0.494274
0.563563
0.635942
0.709318
0.781218
0.849259
0.911585
0.967152
1.01582
1.05826
1.09565
1.1293
1.16016
1.18846
1.21349
1.23363
1.24667
1.25035
1.2429
1.22357
1.19288
1.15258
1.10529
1.05393
1.00113
0.948714
0.897436
0.84703
0.796564
0.744996
0.691772
0.637284
0.583074
0.531781
0.486842
0.45198
0.430544
0.424805
0.435372
0.460883
0.498096
0.542311
0.587963
0.629183
0.660317
0.676488
0.674298
0.652564
0.612806
0.559175
0.497713
0.435124
0.377447
0.329007
0.291877
0.266167
0.251211
0.246636
0.251935
0.26495
0.281366
0.295937
0.304321
0.304446
0.297033
0.285253
0.273851
0.267911
0.270658
0.280609
0.291104
0.293693
0.282554
0.257145
0.222506
0.187452
0.160622
0.144921
0.135553
0.125454
0.110787
0.0915375
0.0698283
0.0482823
0.029093
0.0138209
0.00369378
0
0
0.00500889
0.0203431
0.0455888
0.0792658
0.119291
0.163628
0.210861
0.260481
0.312846
0.368835
0.429341
0.494755
0.564602
0.637428
0.710977
0.782595
0.84973
0.910367
0.963295
1.00818
1.04549
1.07633
1.10218
1.12457
1.14468
1.16304
1.1793
1.19233
1.2005
1.20227
1.19674
1.18407
1.16553
1.14319
1.11931
1.09564
1.07299
1.05103
1.02836
1.0029
0.97235
0.934785
0.889256
0.836282
0.778094
0.718503
0.662378
0.614797
0.580079
0.560872
0.557555
0.568082
0.588306
0.612617
0.63473
0.648533
0.648963
0.632862
0.599646
0.551578
0.493467
0.431782
0.373399
0.324291
0.288414
0.267087
0.259419
0.263567
0.277488
0.298654
0.323732
0.348668
0.368966
0.380364
0.380179
0.368686
0.349387
0.327849
0.309785
0.298953
0.29504
0.292947
0.285223
0.266353
0.235909
0.199241
0.165672
0.143722
0.134203
0.129629
0.122246
0.10891
0.0903507
0.0690863
0.0478712
0.0289117
0.0137667
0.0036867
0
0
0.00499248
0.0202305
0.045263
0.0786201
0.11826
0.162192
0.209026
0.258252
0.310208
0.365762
0.425822
0.490821
0.56032
0.632848
0.706034
0.776992
0.842842
0.901201
0.950516
0.990215
1.0207
1.04323
1.05976
1.07261
1.08409
1.09596
1.10915
1.12351
1.13804
1.15131
1.1621
1.16995
1.1754
1.17971
1.18436
1.19028
1.19734
1.2041
1.20784
1.20498
1.19169
1.16471
1.12228
1.06478
0.995072
0.918206
0.840687
0.769349
0.710139
0.667045
0.641387
0.631634
0.633777
0.642065
0.649941
0.651033
0.640169
0.614303
0.573179
0.519512
0.458529
0.396906
0.341429
0.297781
0.26962
0.258035
0.261774
0.278195
0.304068
0.335975
0.370574
0.404265
0.432395
0.449426
0.450908
0.436015
0.408514
0.37537
0.343937
0.319229
0.301957
0.288043
0.270806
0.245106
0.21076
0.173538
0.143325
0.128017
0.125204
0.124835
0.11943
0.106984
0.0889686
0.0681754
0.0473705
0.0287021
0.0137095
0.00368014
0
0
0.00497422
0.020103
0.0448886
0.0778606
0.117006
0.160365
0.206551
0.255033
0.306116
0.360657
0.419612
0.483525
0.552094
0.623934
0.696613
0.766992
0.831752
0.887986
0.933681
0.968007
0.991399
1.00547
1.01279
1.01651
1.01989
1.02575
1.03594
1.05108
1.0706
1.09307
1.11685
1.14071
1.16422
1.18764
1.21148
1.23587
1.25991
1.28141
1.29693
1.30216
1.29269
1.26502
1.21753
1.15126
1.07013
0.98047
0.890128
0.807118
0.738253
0.687968
0.657583
0.645197
0.646222
0.654311
0.662391
0.663689
0.65273
0.626295
0.584137
0.529221
0.467204
0.405177
0.350044
0.30725
0.280184
0.270002
0.27567
0.294418
0.322676
0.35711
0.395027
0.433351
0.466942
0.488657
0.492142
0.475358
0.442074
0.4003
0.358808
0.323741
0.296532
0.273734
0.249318
0.218735
0.182366
0.146716
0.122344
0.115385
0.118965
0.121586
0.11719
0.105123
0.0874772
0.0671553
0.0468136
0.0284781
0.0136528
0.00367443
0
0
0.00495466
0.0199649
0.044478
0.0770157
0.115585
0.158246
0.203615
0.251139
0.301095
0.354348
0.411939
0.474584
0.542203
0.613584
0.686305
0.756985
0.821823
0.877305
0.920872
0.951395
0.969357
0.976751
0.976745
0.973191
0.97004
0.970733
0.977673
0.991885
1.01298
1.03945
1.06923
1.10035
1.13136
1.16148
1.19029
1.21724
1.24113
1.25977
1.27001
1.26803
1.25009
1.21344
1.15727
1.0834
0.996433
0.903315
0.812367
0.731933
0.668955
0.627711
0.609003
0.610082
0.625369
0.647589
0.668898
0.681904
0.680636
0.6615
0.624065
0.571412
0.509679
0.446667
0.389874
0.344858
0.314669
0.300147
0.300336
0.312833
0.334573
0.363007
0.396481
0.432693
0.466389
0.489394
0.493989
0.477066
0.441949
0.396821
0.350954
0.310936
0.278491
0.250573
0.221872
0.188759
0.152629
0.121214
0.105525
0.107649
0.116059
0.119992
0.115574
0.103401
0.0859596
0.066093
0.0462402
0.0282558
0.0136007
0.00366991
0
0
0.00493435
0.0198203
0.0440456
0.076118
0.11406
0.155953
0.200425
0.246919
0.295711
0.347706
0.404058
0.465695
0.532807
0.604425
0.67822
0.750651
0.817494
0.874639
0.918942
0.948886
0.964874
0.969117
0.965195
0.957422
0.950159
0.947172
0.95111
0.963175
0.983058
1.00916
1.03909
1.07024
1.10031
1.12761
1.15096
1.16943
1.18191
1.18684
1.18211
1.16526
1.13398
1.08681
1.02385
0.94733
0.861783
0.773751
0.690986
0.62129
0.571175
0.544569
0.541902
0.559971
0.592648
0.632035
0.669629
0.697389
0.708773
0.699714
0.669444
0.62093
0.560541
0.496686
0.437652
0.389544
0.355372
0.335493
0.328519
0.332012
0.343258
0.360394
0.382847
0.409678
0.43676
0.456313
0.46024
0.444573
0.41161
0.368611
0.324178
0.284489
0.251151
0.221498
0.191175
0.157877
0.12454
0.100595
0.0958709
0.105675
0.116326
0.119843
0.114519
0.101859
0.0844979
0.0650612
0.0456938
0.028053
0.0135573
0.00366695
0
0
0.00491389
0.0196741
0.0436064
0.0752028
0.1125
0.15361
0.197185
0.242696
0.290451
0.341417
0.396873
0.457951
0.525119
0.597693
0.673542
0.749133
0.820005
0.881601
0.93022
0.963829
0.982472
0.988196
0.984584
0.97605
0.967102
0.961693
0.962706
0.971628
0.988413
1.01161
1.03873
1.06681
1.09293
1.11474
1.13053
1.13921
1.13994
1.1319
1.11407
1.08531
1.04461
0.991563
0.926817
0.85253
0.772567
0.692394
0.61857
0.557866
0.516129
0.497101
0.501498
0.526666
0.56695
0.614617
0.661022
0.697812
0.718062
0.717257
0.694082
0.650919
0.593708
0.530836
0.471056
0.421176
0.384655
0.361746
0.350547
0.348035
0.350971
0.357103
0.366051
0.378364
0.392618
0.403591
0.404311
0.390297
0.362233
0.325383
0.286593
0.250902
0.219593
0.190555
0.160742
0.129589
0.102095
0.0889312
0.0948006
0.108729
0.118957
0.120713
0.113896
0.100529
0.083176
0.0641362
0.0452196
0.0278877
0.013527
0.00366588
0
0
0.00489387
0.0195308
0.043176
0.0743062
0.110976
0.151332
0.194074
0.238719
0.285632
0.335843
0.390729
0.451579
0.519094
0.592896
0.671173
0.750641
0.826913
0.895257
0.951542
0.993103
1.01926
1.03135
1.03238
1.02633
1.01755
1.0101
1.00725
1.01112
1.02241
1.04031
1.06271
1.08669
1.10907
1.12706
1.13863
1.14257
1.13826
1.12534
1.10342
1.07195
1.03038
0.97851
0.916878
0.847174
0.772491
0.697332
0.627278
0.568282
0.525689
0.503214
0.502104
0.520683
0.554428
0.596604
0.639354
0.674919
0.696713
0.700125
0.683153
0.646945
0.59602
0.537691
0.480401
0.431441
0.39509
0.372138
0.360632
0.356956
0.356854
0.356711
0.35498
0.352552
0.350927
0.349292
0.343827
0.330426
0.307898
0.278724
0.247243
0.216979
0.188942
0.161891
0.134423
0.108045
0.0897541
0.0883308
0.100761
0.114958
0.122886
0.122132
0.113577
0.0994467
0.0820815
0.0633934
0.044861
0.0277768
0.0135134
0.00366699
0
0
0.00487485
0.0193949
0.0427694
0.0734632
0.109552
0.149224
0.191232
0.235148
0.281386
0.331014
0.385446
0.446046
0.513681
0.588269
0.66843
0.751376
0.83314
0.909154
0.975065
1.02755
1.06489
1.08724
1.0964
1.09544
1.08819
1.07866
1.07061
1.06708
1.06993
1.07957
1.09482
1.1133
1.13195
1.14784
1.15865
1.16299
1.16019
1.14997
1.13196
1.10553
1.06982
1.02409
0.968239
0.903313
0.831856
0.757957
0.686903
0.624431
0.575733
0.544464
0.531987
0.537045
0.555898
0.582974
0.611917
0.636686
0.652296
0.655036
0.642584
0.614469
0.572829
0.522714
0.471224
0.425558
0.390886
0.369135
0.359041
0.356936
0.357768
0.356483
0.349786
0.337562
0.322598
0.308068
0.294566
0.279822
0.261336
0.238727
0.213686
0.188301
0.163584
0.139438
0.116256
0.0974095
0.0897976
0.0965624
0.110568
0.122472
0.127192
0.123732
0.113487
0.0986698
0.0813024
0.0629017
0.0446554
0.0277344
0.0135198
0.00367051
0
0
0.00485735
0.0192706
0.0424007
0.0727064
0.108288
0.147376
0.188765
0.232068
0.27771
0.326742
0.380542
0.44046
0.507448
0.581687
0.662276
0.747079
0.832803
0.915343
0.990373
1.05403
1.10352
1.13756
1.15648
1.1621
1.15741
1.14619
1.13255
1.12041
1.11291
1.11187
1.11745
1.12824
1.14174
1.15517
1.16611
1.17289
1.17455
1.17047
1.15993
1.14181
1.11462
1.07683
1.02753
0.967067
0.897593
0.823159
0.749301
0.682149
0.627261
0.58851
0.567276
0.562126
0.569108
0.582681
0.597143
0.608019
0.612648
0.609623
0.597732
0.575688
0.543184
0.5023
0.45783
0.416026
0.382521
0.360565
0.350255
0.348693
0.350782
0.35065
0.343633
0.32824
0.306902
0.284445
0.264656
0.247662
0.230867
0.212031
0.190947
0.168829
0.147032
0.126646
0.109453
0.0991382
0.0995261
0.109222
0.121515
0.129958
0.131293
0.125313
0.113621
0.0982694
0.0809168
0.0627155
0.0446306
0.0277708
0.0135484
0.00367661
0
0
0.00484184
0.0191615
0.0420821
0.0720642
0.107236
0.14586
0.186756
0.229528
0.274557
0.322807
0.375546
0.434044
0.499268
0.571593
0.650547
0.734637
0.821306
0.907086
0.987934
1.05976
1.119
1.16319
1.19128
1.2038
1.20278
1.19145
1.17391
1.15452
1.13734
1.12538
1.1201
1.12125
1.12728
1.13598
1.14517
1.15312
1.15857
1.16042
1.15738
1.14775
1.12939
1.10007
1.05811
1.00315
0.936816
0.863042
0.787665
0.717465
0.658792
0.61624
0.591644
0.583617
0.587758
0.597675
0.60677
0.610226
0.606197
0.59532
0.578778
0.556587
0.527801
0.492348
0.452546
0.412935
0.378704
0.353846
0.33988
0.335339
0.336045
0.336294
0.330877
0.317265
0.296824
0.273941
0.252997
0.23524
0.218665
0.200799
0.180994
0.160459
0.141119
0.124869
0.113716
0.109797
0.113755
0.122826
0.131961
0.136707
0.134919
0.12682
0.11402
0.098311
0.0809779
0.0628662
0.0448012
0.0278912
0.0136005
0.00368534
0
0
0.00482868
0.0190708
0.041824
0.0715605
0.106438
0.144741
0.185276
0.227586
0.271934
0.31913
0.370283
0.426539
0.488837
0.557662
0.632834
0.713335
0.797223
0.881667
0.963145
1.03781
1.10197
1.15263
1.1879
1.20731
1.21185
1.2039
1.18694
1.16508
1.14249
1.12271
1.10803
1.0993
1.0961
1.09726
1.10144
1.10737
1.11387
1.11958
1.12269
1.12092
1.11154
1.09173
1.05912
1.01257
0.952901
0.883418
0.809799
0.739192
0.678765
0.634164
0.608274
0.600524
0.606845
0.620462
0.633602
0.639739
0.635461
0.620907
0.598368
0.570067
0.536938
0.499339
0.458614
0.417802
0.380949
0.351723
0.332198
0.32214
0.318834
0.31772
0.313994
0.304649
0.289792
0.272139
0.254665
0.238207
0.221368
0.20265
0.182239
0.162019
0.144466
0.131612
0.124663
0.123915
0.128352
0.135278
0.141002
0.142373
0.137975
0.128259
0.11472
0.0988247
0.0814992
0.0633561
0.0451667
0.0280955
0.0136759
0.0036967
0
0
0.00481816
0.0190006
0.0416339
0.0712131
0.105929
0.144072
0.184402
0.226342
0.269976
0.315907
0.365056
0.418436
0.476935
0.541082
0.610838
0.685437
0.76332
0.842186
0.919177
0.991159
1.05507
1.10827
1.14882
1.17574
1.1891
1.19008
1.18088
1.16443
1.14402
1.12273
1.10302
1.08648
1.07391
1.06564
1.06173
1.06208
1.06621
1.07297
1.08034
1.08551
1.0851
1.0756
1.05391
1.01799
0.967674
0.905264
0.835733
0.766064
0.703892
0.655851
0.626172
0.615789
0.622021
0.638914
0.658459
0.672593
0.675361
0.664259
0.640116
0.605712
0.564188
0.518366
0.471037
0.425389
0.384815
0.352141
0.328873
0.314839
0.308177
0.305643
0.303475
0.298756
0.290459
0.279257
0.266114
0.251018
0.233204
0.212531
0.190444
0.169657
0.152959
0.142044
0.137117
0.137261
0.140802
0.145346
0.148092
0.146745
0.140396
0.129615
0.115704
0.0997801
0.0824444
0.0641565
0.0457116
0.028378
0.0137737
0.00371056
0
0
0
0
0
0
0
0
0
0
0
0
0
0
0
0
0
0
0
0
0
0
0
6.04567e-07
0
0
5.42813e-07
0
0
0
0
0
4.91289e-07
0
0
3.77419e-07
2.44719e-07
0
0
0
3.8671e-07
3.50135e-07
0
0
0
2.94241e-07
9.35987e-08
0
0
0
1.16456e-07
2.42778e-07
1.29578e-07
1.01224e-07
8.03083e-08
1.89137e-07
0
1.64245e-07
0
0
0
0
0
2.08202e-07
1.02426e-07
0
0
1.35133e-07
0
0
0
0
0
0
0
1.32271e-07
0
0
0
0
0
0
0
0
0
0
0
0
0
0
0
0
0
0
0
0
0
0
0
0
0
