0  0  0  0  9547  1076  0  0  0  0  0  0  11  414  5603  97  0  0  0  0  0  0  0  18254  0  0  0  0  0  0  2858  18  0  0  0  0  0  0  329  0  0  0  0  0  0  0  650  0  197  0  0  19  2375  1  0  0  0  0  0  0  0  2693  2  845  0  2  0  0  0  971  0  0  0  0  1  0  0  0  0  0  0  0  0  0  0  0  0  0  0  0  0  0  0  0  0  0  0  16  0  0  0  0  0  0  168  0  0  0  0  0  0  0  0  0  0  0  0  0  0  0  0  0  0  0  0  0  0  0  0  0  0  0  0  0  0  0  0  0  0  0  0  0  0  0  0  0  0  0  0  104  0  1  1575  0  0  0  0  0  0  0  
0  0  0  0  0  0  0  0  0  0  36  0  0  0  0  0  0  0  13164  129  14247  1125  0  0  0  0  0  0  0  0  0  0  0  0  0  0  2098  1  0  0  0  12863  0  52  0  0  0  1  0  0  3843  0  0  0  0  0  2847  102  7593  4293  1241  0  0  0  0  0  0  0  0  0  0  14  11  0  0  0  0  0  0  0  0  0  0  0  0  0  0  0  0  0  0  0  0  0  0  0  0  0  0  0  0  0  0  0  0  0  0  0  0  0  0  0  0  0  0  0  0  0  0  0  0  0  0  0  0  0  0  0  0  0  0  0  0  0  0  0  0  0  0  0  0  0  0  0  0  0  0  0  0  0  0  0  0  0  0  0  0  0  0  0  
0  0  0  0  0  0  0  1067  1211  0  0  0  0  0  0  15120  0  0  0  0  0  0  0  0  0  0  9133  6147  11351  10608  0  0  0  0  0  0  0  0  0  0  0  0  0  0  8334  11752  0  0  0  0  0  0  0  0  0  2  0  0  0  0  0  0  0  0  0  0  2056  0  17  0  554  0  0  0  0  0  358  0  0  0  0  8  130  0  0  0  0  0  0  14  0  0  0  0  0  0  0  0  0  0  3  1  0  99  0  0  0  0  0  0  0  0  0  0  0  0  0  0  0  18  0  0  0  0  0  0  0  0  0  0  0  0  0  0  0  0  0  0  0  0  0  0  0  0  6  0  0  0  0  1  0  0  10  0  0  0  0  0  0  0  
0  0  0  0  0  1  0  0  0  0  0  14912  0  0  0  2  139  217  0  0  0  0  0  0  10  14546  1  4098  6870  0  0  0  1609  1334  10  542  0  0  0  0  2505  0  0  0  2676  4  0  98  9656  0  0  10  0  3  0  23  0  2  0  0  0  0  0  0  0  0  43  245  1  0  0  0  0  335  0  0  0  0  0  0  0  0  0  0  0  0  0  0  0  0  0  0  0  0  0  0  0  0  0  0  0  0  0  0  0  0  0  0  0  0  0  0  0  0  0  0  0  0  0  0  0  0  0  0  0  0  0  0  0  0  0  0  0  0  0  0  0  0  0  0  0  0  0  0  0  0  0  0  0  0  0  0  14  0  0  0  0  0  0  0  
8569  0  0  0  0  1038  0  0  0  0  0  1  3  79  5391  15276  0  0  0  0  0  0  0  317  0  0  0  0  0  0  3651  10  0  0  0  0  0  0  139  0  0  0  0  0  0  0  228  0  170  0  0  20  5991  12  0  0  0  0  0  0  0  1  6  71  0  0  0  0  0  1176  0  0  0  0  0  0  0  0  1  0  0  0  0  0  0  0  0  0  0  123  0  0  0  0  0  0  0  0  0  0  0  0  0  0  324  0  0  0  0  0  0  0  0  0  0  0  0  0  0  0  0  0  0  0  0  0  0  0  0  0  0  0  0  0  0  0  0  0  0  0  0  0  0  0  0  0  0  0  0  5  0  0  203  0  0  0  0  0  0  0  
3001  0  0  0  4672  0  9172  12  34  0  0  80  0  196  618  27552  0  1  0  1  0  0  0  570  0  1  8  1  1  2  53  1238  0  0  0  0  0  0  792  0  0  0  0  0  9  2  281  1  10050  0  0  1466  1052  7178  0  3  0  1  0  0  0  2  10  2629  1  15097  4  30  15  9286  20  0  0  0  0  0  0  0  0  9937  2660  13  0  0  0  0  0  0  0  2367  0  0  0  0  0  0  0  0  0  0  0  0  0  0  55  6  0  0  0  0  0  0  0  0  0  0  0  0  0  0  0  0  0  0  0  0  0  0  0  0  0  0  0  0  0  0  0  0  0  2342  0  0  0  122  0  0  0  0  0  6004  0  0  11225  2  0  252  0  1  0  0  
0  0  0  0  0  11821  0  11504  2431  1  7  0  0  0  0  23446  0  0  0  11  0  0  0  0  0  0  40  0  2  15  0  0  0  0  0  0  0  0  0  0  0  0  0  2  1  12  0  0  1  0  0  7  0  8250  0  15  0  3  0  0  0  0  0  0  25  7788  0  1  11  0  191  0  0  0  0  0  0  0  0  0  580  2985  1  0  0  0  0  0  0  60  0  0  0  0  0  0  0  0  0  0  0  0  0  0  0  0  0  0  0  0  0  0  0  0  0  0  0  0  0  0  0  0  0  0  0  0  0  0  0  0  0  0  0  0  0  0  0  0  0  176  0  0  0  0  0  0  0  0  0  959  0  1  435  1  0  113  0  5  0  0  
0  0  1873  0  0  418  11647  0  11714  1  7  0  0  0  1  17412  3  0  0  9  0  0  0  0  0  0  70  124  6748  14  0  0  0  0  0  0  0  0  0  0  0  0  0  0  882  9718  0  0  5  0  0  1  0  778  0  12  0  2  0  0  0  0  0  0  18  5399  61  2  920  0  1607  0  0  0  0  0  4  0  0  0  0  1059  934  0  0  0  0  0  0  212  0  0  0  0  0  0  0  0  0  0  0  0  0  2  0  0  0  0  0  0  0  0  0  0  0  0  0  0  0  2  0  0  0  0  0  0  0  0  0  0  0  0  0  0  0  0  0  0  0  246  0  0  0  0  3  0  0  0  0  2688  0  38  3355  152  0  85  0  28  2  1  
0  0  723  0  0  248  1701  6605  0  1640  9  0  0  0  0  43  0  0  0  9  0  0  0  0  0  0  58  1  1  4104  0  0  0  0  0  0  0  0  0  0  0  0  0  153  0  2713  0  0  0  0  0  0  0  6  0  8  0  2  0  0  0  0  0  0  37  5084  2  0  3  0  9242  0  0  0  0  0  1  0  0  0  0  22  2003  26  0  0  0  0  0  0  0  0  0  0  0  0  0  0  0  0  0  0  0  184  0  0  0  0  0  0  0  0  0  0  0  0  0  0  0  3  0  0  0  0  0  0  0  0  0  0  0  0  0  0  0  0  0  0  0  7  0  0  0  0  143  0  0  0  0  1101  0  5  50  1  0  5  0  2  2  0  
0  0  0  0  0  0  0  0  1833  0  1  0  0  0  0  0  0  0  0  1  0  363  255  0  0  0  6  0  1  6172  0  0  0  0  0  0  0  0  0  0  1  0  0  12645  0  0  0  0  1  0  0  0  0  0  0  8  0  4  0  0  7  0  0  0  87  1587  1  0  0  0  15  0  0  0  0  0  0  0  0  0  0  0  159  5346  0  0  0  0  0  0  1  1  0  0  0  0  0  0  0  0  0  1  0  122  0  0  0  0  0  0  0  0  0  0  0  0  0  787  0  0  0  1  0  0  0  0  0  0  0  0  0  0  0  0  0  0  0  0  0  5  2  0  0  0  19  0  0  0  0  2492  1676  14188  563  18  13  2  0  612  200  0  
0  10  0  0  0  0  0  2  1  0  0  0  0  0  0  1  0  0  801  18375  0  1242  0  0  0  0  241  2  0  2463  0  0  0  0  0  0  0  0  0  0  1  7832  0  19728  0  1  0  4  1  0  2  0  0  1  0  77  764  1061  1  0  1  0  0  0  17483  0  3  0  0  0  49  0  4  0  0  0  0  0  0  0  0  0  0  0  4938  0  0  0  0  0  0  0  0  43  0  31  0  0  0  0  0  0  0  99  0  0  0  0  0  0  0  0  0  0  0  19  0  96  0  0  0  0  0  0  0  0  0  0  0  0  0  0  0  0  0  0  0  0  1  0  0  0  0  0  0  0  0  0  0  2  0  0  28  0  0  0  0  0  0  0  
0  0  0  15439  0  143  0  0  0  0  0  0  50  12273  149  10  93  1060  0  0  0  0  0  10  0  225  0  30  3512  0  0  0  379  502  380  0  0  0  601  7288  0  0  0  0  484  0  118  39  16958  0  0  5606  0  26  0  0  0  0  0  0  0  0  0  1  0  0  1  10083  5  0  0  0  0  0  0  0  0  0  0  0  0  0  0  0  0  0  0  0  0  0  0  0  0  0  0  0  0  0  0  0  0  0  0  0  0  0  0  0  0  0  0  0  0  0  0  0  0  0  0  0  0  0  0  0  0  0  0  0  0  0  0  0  0  0  0  0  0  0  0  0  0  0  0  0  0  0  0  0  0  0  0  0  33  0  0  0  0  0  0  0  
30  0  0  0  15  2  0  0  0  0  0  251  0  7155  2  1  0  3  0  0  0  0  0  14337  0  0  0  0  0  0  0  0  0  3  2  0  0  0  6065  0  0  0  0  0  0  0  1916  0  45  0  0  0  0  0  0  0  0  0  0  0  0  569  0  547  0  0  0  0  0  0  0  0  0  0  0  0  0  0  0  0  0  0  0  0  0  0  0  0  0  0  0  0  0  0  0  0  0  0  0  0  0  0  0  0  0  0  0  0  0  0  0  0  0  0  0  0  0  0  0  0  0  0  0  0  0  0  0  0  0  0  0  0  0  0  0  0  0  0  0  0  0  0  0  0  0  0  0  0  0  0  0  0  10  0  0  0  0  0  0  0  
36  0  0  0  168  511  0  0  0  0  0  12657  4361  0  2819  12  0  0  0  0  0  0  0  1544  0  0  0  0  1  0  0  0  0  0  0  0  0  0  7593  5650  0  0  0  0  0  0  11  0  5824  0  0  12094  78  52  0  0  0  0  0  0  0  5032  0  76  0  0  0  2  0  0  0  0  0  0  0  0  0  0  0  0  0  0  0  0  0  0  0  0  0  0  0  0  0  0  0  0  0  0  0  0  0  0  0  0  0  0  0  0  0  0  0  0  0  0  0  0  0  0  0  0  0  0  0  0  0  0  0  0  0  0  0  0  0  0  0  0  0  0  0  0  0  0  0  0  0  0  0  0  0  2  0  0  20  0  0  0  0  0  0  0  
5040  0  0  0  5156  1139  0  5  0  0  0  126  3  5238  0  9048  0  0  0  0  0  0  0  2772  0  0  0  27  5236  0  0  0  0  0  0  0  0  0  17  0  0  0  0  0  92  1  46  0  168  0  0  41243  40283  36908  0  0  0  0  0  0  0  2994  0  44  0  0  4  6184  5420  0  0  0  0  0  0  0  0  0  0  0  0  0  0  0  0  0  0  0  0  1  0  0  0  0  0  0  0  0  0  0  0  0  0  0  0  0  0  0  0  0  0  0  0  0  0  0  0  0  0  0  0  0  0  0  0  0  0  0  0  0  0  0  0  0  0  0  0  0  0  0  0  0  0  0  0  0  0  0  0  6  0  0  42  0  0  0  0  0  0  0  
419  0  19215  0  18926  31011  20863  18267  51  1  4  28  0  5  8040  0  0  0  0  14  0  0  0  86  0  1  67  234  8658  7  3627  4  0  0  0  0  0  0  2  0  1  0  0  0  1684  1159  8  0  192  0  0  282  459  31213  0  13  0  3  0  0  0  0  1  31  25  3  163  22  8343  2408  122  0  0  0  0  0  88  0  1  1508  484  169  51  0  0  0  0  0  0  8116  0  0  0  0  0  0  0  0  0  0  0  0  0  0  467  0  0  0  0  0  0  0  0  0  0  0  0  0  0  8  0  0  0  0  0  0  0  0  0  0  0  0  0  0  0  0  0  0  0  0  0  0  0  43  0  0  0  0  0  278  0  0  1204  17  0  0  0  0  0  0  
0  0  0  254  0  0  0  1  0  0  0  54  0  0  0  0  0  24218  1  4  2  0  6  14  0  0  19  52  24  0  0  0  371  186  4816  1  0  231  0  0  1986  0  316  1  10  2  93  22511  6884  1  0  0  0  0  0  8  0  15  0  0  0  0  0  0  10  0  14  0  1  0  0  0  575  1  0  0  0  0  0  0  0  0  0  0  0  0  0  0  0  0  0  0  0  0  0  0  0  0  0  0  0  0  0  0  0  0  0  0  0  0  0  0  0  0  0  0  0  0  0  0  0  0  0  0  0  0  0  0  0  0  0  0  0  0  0  0  0  0  0  0  0  0  0  0  0  0  0  0  49  2  180  2  11765  0  0  0  0  0  0  0  
2  0  0  366  0  27  0  0  0  0  0  2519  2  1  0  0  17960  0  0  0  0  0  7  713  0  0  0  1  0  0  0  0  29  270  4389  0  1  23  22  0  0  0  578  0  0  0  8751  3389  12704  1  0  0  0  0  0  0  0  0  0  0  4  0  0  1  0  0  0  0  0  0  0  0  46  0  0  0  0  0  0  0  0  0  0  0  0  0  0  0  0  0  0  0  0  0  0  0  0  0  0  0  0  0  0  0  0  0  0  0  0  0  0  0  0  0  0  0  0  0  0  0  0  0  0  0  0  0  0  0  0  0  0  0  0  0  0  0  0  0  0  0  0  0  0  0  0  0  0  0  3305  0  711  227  5002  22  0  0  0  3  0  0  
0  11407  0  0  0  0  0  0  0  0  296  0  0  0  0  0  0  0  0  5603  164  227  0  0  7211  2  0  2  0  0  0  0  1  1  0  0  16  53  0  0  1  7421  0  432  0  0  0  55  4  1  618  0  0  0  0  495  23585  14882  12367  20  483  0  0  0  767  0  1  0  0  0  0  2  12476  0  0  0  0  0  0  0  0  0  0  0  0  0  0  0  0  0  0  0  0  0  0  0  0  0  0  0  0  0  0  0  0  0  0  0  0  0  0  0  0  0  0  0  0  0  0  0  0  0  0  0  0  0  0  0  0  0  0  0  0  0  0  0  0  0  0  0  0  0  0  0  0  0  0  0  0  0  26  3  13  0  0  0  0  0  0  0  
0  32  0  0  0  0  0  1  0  0  14873  0  0  0  0  0  0  0  4407  0  0  60  0  0  120  0  9045  0  0  934  0  0  0  0  0  0  0  0  0  0  0  6418  0  1100  0  0  0  0  0  0  0  0  0  0  0  4394  471  9534  0  0  0  0  0  0  5696  0  0  0  0  0  31  0  0  0  0  0  0  0  0  0  0  0  0  0  159  0  0  0  0  0  0  0  0  110  0  0  0  0  0  0  0  0  0  48  0  0  0  0  0  0  0  0  0  0  0  1  0  0  0  0  0  0  0  0  0  0  0  0  0  0  0  0  0  0  0  0  0  0  0  0  0  0  0  0  0  0  0  0  0  0  0  0  2  0  0  0  0  0  0  0  
0  15384  0  0  0  0  0  0  0  0  0  0  0  0  0  0  4  1  147  0  0  858  1064  0  2  0  0  0  0  0  0  0  0  3  3  0  6893  1336  0  0  0  2  695  2  0  0  0  3  0  11863  4996  0  0  0  0  1  265  22  788  14003  25103  0  0  0  0  0  0  0  0  0  0  471  607  0  0  4  0  0  0  0  0  0  0  0  0  0  0  0  0  0  0  0  0  0  0  0  0  0  0  0  0  0  0  0  0  0  0  0  0  0  0  0  0  0  0  1  0  0  0  0  0  0  0  0  0  0  0  0  0  0  0  0  0  0  0  0  0  0  0  0  0  0  0  0  0  0  0  0  0  0  13  3  0  0  0  0  0  0  0  0  
0  965  0  0  0  0  0  0  0  262  1200  0  0  0  0  0  0  0  333  81  705  0  5257  0  3  0  0  0  0  77  0  0  0  0  0  0  4  6  0  0  0  8381  0  24791  0  0  0  0  0  0  7669  0  0  0  0  3  901  244  555  1  16602  0  0  0  260  0  0  0  0  0  0  0  510  0  0  28  0  0  0  0  0  0  0  0  14  0  0  0  0  0  0  0  0  0  6  1483  0  0  0  0  0  0  0  4  0  0  0  0  0  0  0  0  0  0  0  155  0  39  0  0  0  0  0  0  7  0  0  0  0  0  0  0  0  0  2  0  0  0  0  0  0  0  0  0  0  0  0  0  0  0  1657  47  15  0  1  0  0  0  0  0  
0  1  0  0  0  0  0  0  0  224  0  0  0  0  0  0  3  43  0  0  1078  5259  0  409  7  0  0  0  0  0  4  1  0  89  1323  0  27  32  0  0  0  0  12939  1327  0  0  21  24  2  7032  0  0  0  0  0  3  0  14  6  0  12046  0  1  0  11  0  0  0  0  0  0  0  67  0  0  0  0  0  0  0  0  0  0  0  0  0  0  0  0  0  0  0  0  0  0  0  0  0  0  0  0  0  0  0  0  0  0  0  0  0  0  0  0  0  0  0  0  0  0  0  0  0  0  0  0  0  0  0  0  0  0  0  0  0  0  0  0  0  0  0  0  0  0  0  0  0  0  0  4284  0  45055  6878  55  4  0  0  0  0  0  0  
19289  0  0  0  192  478  0  0  0  0  0  59  17641  9116  2469  67  5  972  0  0  0  0  194  0  0  0  0  0  0  0  16849  133  0  14  130  0  0  0  604  0  0  0  58  0  0  0  11147  23  41  0  0  0  9  0  0  0  0  0  0  0  0  9048  15463  38064  0  0  0  0  0  2002  0  0  0  0  0  0  0  0  0  1  0  0  0  0  0  0  0  0  0  0  0  0  0  0  0  0  0  24  0  0  0  0  0  0  600  0  0  0  0  0  0  0  0  0  0  0  0  0  0  0  0  0  0  0  0  0  0  0  0  0  0  0  0  0  0  0  0  0  0  0  0  0  0  0  0  0  0  0  403  95  0  37  6054  22  0  0  0  10  0  0  
0  0  0  7  0  0  0  0  0  0  0  5  0  0  0  0  8  2  8577  12  0  4  0  0  0  20241  836  36  2  0  0  0  4  1521  0  2721  1  14  0  0  172  0  0  6  41  0  0  580  286  0  0  9  0  5  383  20741  0  2900  2  0  54  0  0  0  21  0  1666  3  4  0  2  0  25423  0  0  0  0  0  0  0  0  0  0  0  0  0  0  0  0  0  0  0  0  0  0  0  0  0  0  0  0  0  0  0  0  0  0  0  0  0  0  0  0  0  0  0  0  0  0  0  0  0  0  0  0  0  0  0  0  0  0  0  0  0  0  0  0  0  0  0  0  0  0  0  0  0  0  0  1  0  61  6  212  0  0  0  0  0  0  0  
0  0  0  16444  0  13  0  0  0  0  0  55  0  0  1  11  5  0  1  0  0  0  0  0  22239  0  67  8980  18  0  0  0  18  3374  0  11503  0  0  0  0  10522  0  0  1  3488  2  0  81  1432  0  0  98  1  34  1074  2792  0  13  0  0  1  0  0  0  0  0  23926  16  24  0  0  0  2697  190  0  0  0  0  0  0  0  0  0  0  0  0  0  0  0  0  0  0  0  0  0  0  0  0  0  0  0  0  0  0  0  0  0  0  0  0  0  0  0  0  0  0  0  0  0  0  0  0  0  0  0  0  0  0  0  0  0  0  0  0  0  0  0  0  0  0  0  0  0  0  0  0  0  0  0  1  6  0  127  0  0  0  0  0  0  0  
0  0  7028  4  0  10  8  72  130  9  546  4  0  0  0  47  7  0  0  9232  0  0  0  0  1139  44  0  1716  284  28217  0  0  0  0  0  0  0  0  0  0  26  0  0  3  1220  4983  0  2  148  0  0  27  0  16  0  19864  0  51  0  0  0  0  0  0  2846  2  15306  12  28  0  1067  0  4  0  0  0  0  0  0  0  0  0  0  0  31  0  0  0  0  0  0  0  0  134  0  0  0  0  0  0  0  0  0  838  0  0  0  0  0  0  0  0  0  0  0  0  0  0  0  0  0  0  0  0  0  0  0  0  0  0  0  0  0  0  0  0  0  0  1  0  0  0  0  0  0  0  0  0  0  38  2  7  5259  6  0  0  0  0  0  0  
0  0  5985  6555  0  1  0  65  2  0  0  27  0  0  0  64  4  0  0  1  0  0  0  0  4  9657  1767  0  3319  1  0  0  0  0  0  0  0  0  0  0  8  0  0  0  44390  3913  0  2  254  0  0  29  0  13  0  16  0  2  0  0  0  0  0  0  2  0  29371  8  17  0  1  0  1  0  0  0  20  0  0  0  0  0  0  0  0  0  0  0  0  0  0  0  0  0  0  0  0  0  0  0  0  0  0  1  0  0  0  0  0  0  0  0  0  0  0  0  0  0  0  1  0  0  0  0  0  0  0  0  0  0  0  0  0  0  0  0  0  0  0  0  0  0  0  0  0  0  0  0  0  5  0  1  1301  0  0  0  0  0  0  0  
0  0  8108  5857  0  1  0  1589  2  0  1  1377  0  5  6402  5498  2  0  0  2  0  0  0  0  2  11  107  3010  0  3  0  0  0  0  0  0  0  0  0  0  3  0  0  0  38846  946  0  2  1276  0  0  89  0  173  0  13  0  0  0  0  0  0  0  0  1  0  244  18091  22866  0  2  0  0  0  0  0  0  0  0  0  0  0  0  0  0  0  0  0  0  1  0  0  0  0  0  0  0  0  0  0  0  0  0  0  0  0  0  0  0  0  0  0  0  0  0  0  0  0  0  0  0  0  0  0  0  0  0  0  0  0  0  0  0  0  0  0  0  0  0  0  0  0  0  0  0  0  0  0  0  79  0  2  2624  29  0  0  0  0  0  0  
0  0  8793  0  0  25  15  9  3889  6239  4292  0  0  0  0  10  0  0  0  1523  0  284  0  0  1  0  31914  15  4  0  0  0  0  0  0  0  0  0  0  0  1  0  0  2127  4  15116  0  0  0  0  0  0  0  2  0  28  0  0  0  0  0  0  0  0  31622  8  55  0  1  0  20247  0  0  0  0  0  40  0  0  0  0  0  309  4  1739  0  0  0  0  0  0  0  0  112  0  18  0  0  0  0  3  0  0  10275  0  0  0  0  0  0  0  0  0  0  0  0  0  1  0  0  0  0  0  0  0  0  0  0  0  0  0  0  0  0  0  0  0  0  25  0  0  0  0  0  85  0  0  0  0  15  1  145  53  2  0  0  0  0  0  0  
4129  0  0  0  5995  114  0  0  0  0  0  0  0  0  0  2601  0  0  0  0  0  0  6  16598  0  0  0  0  0  0  0  3634  0  0  0  0  0  0  0  0  0  0  0  0  0  0  0  0  0  0  0  0  0  0  0  0  0  0  0  0  0  0  14964  1164  0  5  0  0  0  13269  0  0  0  0  0  0  0  0  0  736  0  0  0  0  0  0  0  0  0  20  0  0  0  0  0  0  0  32  0  0  0  0  0  0  9467  16  0  0  0  0  0  0  0  0  0  0  0  0  0  0  0  0  0  0  0  0  0  0  0  0  0  0  0  0  0  0  0  3  0  0  0  0  0  175  0  0  0  0  0  143  0  0  19  1  0  0  0  0  0  0  
2  0  0  0  3  1033  0  0  0  0  0  0  0  0  0  1  0  0  0  0  0  0  1  57  0  0  0  0  0  0  3119  0  0  0  0  0  0  0  0  0  0  0  0  0  0  0  0  0  0  0  0  0  0  0  0  0  0  0  0  0  0  0  386  1109  0  198  0  0  0  1829  0  0  0  0  0  0  0  0  0  9  0  0  0  0  0  0  0  0  0  0  0  0  0  0  0  0  0  0  0  0  0  0  0  0  218  45  0  0  0  0  0  0  0  0  0  0  0  0  0  0  0  0  0  0  0  0  0  0  0  0  0  0  0  0  0  0  0  0  0  0  0  0  0  75  0  0  0  0  0  1487  0  0  169  0  0  1  0  0  1  1  
0  0  0  1127  0  0  0  0  0  0  0  413  0  0  0  0  122  48  2  0  0  0  0  0  2  18  0  1  0  0  0  0  0  8796  1062  122  0  0  0  0  3021  0  0  0  0  0  0  12435  270  0  0  0  0  0  0  2  0  12  0  0  0  0  0  0  0  0  0  0  0  0  0  0  617  5272  0  0  0  0  0  0  0  0  0  0  0  0  0  0  0  0  0  0  0  0  0  0  0  0  0  0  0  0  0  0  0  0  0  0  0  0  0  0  0  0  0  0  0  0  0  0  0  0  0  0  0  0  0  0  0  0  0  0  0  0  0  0  0  0  0  0  0  0  0  0  0  0  0  0  2  0  7  13  90  0  0  0  0  0  0  0  
0  0  0  2101  0  0  0  0  0  0  0  617  7  0  0  0  182  252  0  0  26  0  21  26  1192  3855  3  1  0  0  0  0  10022  0  20157  12274  6  4819  0  0  70  0  6557  0  1  0  0  21381  5  3  0  0  0  0  0  29  0  1  0  0  3  0  0  0  0  0  3  0  0  0  0  5  40155  6103  0  0  0  0  0  0  0  0  0  0  0  0  0  0  0  0  0  0  0  0  0  0  0  0  0  0  0  0  0  0  0  0  0  0  0  0  0  0  0  0  0  0  0  0  0  0  0  0  0  0  0  0  0  0  0  0  0  0  0  0  0  0  0  0  0  0  0  0  0  0  0  0  0  0  7  0  11  0  2  0  0  0  0  0  0  0  
0  0  0  5  0  0  0  0  0  0  0  409  5  0  0  0  2910  10905  0  0  3  0  1366  137  0  0  0  0  0  0  0  0  916  20236  0  0  0  136  0  0  0  0  13308  0  0  0  638  16061  3  0  0  0  0  0  0  0  0  0  0  0  0  0  0  0  0  0  0  0  0  0  0  0  438  0  0  0  0  0  0  0  0  0  0  0  0  0  0  0  0  0  0  0  0  0  0  0  0  0  0  0  0  0  0  0  0  0  0  0  0  0  0  0  0  0  0  0  0  0  0  0  0  0  0  0  0  0  0  0  0  0  0  0  0  0  0  0  0  0  0  0  0  0  0  0  0  0  0  0  4022  0  5  0  13  1  0  0  0  0  0  0  
0  0  0  1114  0  1  0  0  0  0  0  2  0  0  0  1  1  1  0  0  0  0  0  0  1749  13575  24  0  0  0  0  0  328  16067  0  0  0  0  0  0  8431  0  1  0  10  0  0  606  18  0  0  8  0  4  0  537  0  5  0  0  2  0  0  0  0  0  465  5  0  0  0  0  4777  4783  0  0  0  0  0  0  0  0  0  0  0  0  0  0  0  0  0  0  0  0  0  0  0  0  0  0  0  0  0  0  0  0  0  0  0  0  0  0  0  0  0  0  0  0  0  0  0  0  0  0  0  0  0  0  0  0  0  0  0  0  0  0  0  0  0  0  0  0  0  0  0  0  0  0  2  0  15  5  41  0  0  0  0  0  0  0  
0  2984  0  0  0  0  0  0  0  0  0  0  0  0  0  0  0  0  72  0  5489  11  3  0  0  0  0  0  0  0  0  0  0  0  0  0  0  16522  0  0  0  0  6357  7  0  0  0  0  0  9180  0  0  0  0  0  0  13  1  5671  17869  913  0  0  0  0  0  0  0  0  0  0  24927  242  0  0  0  0  0  0  0  0  0  0  0  0  0  0  0  0  0  0  0  0  0  0  0  0  0  0  0  0  0  0  0  0  0  0  0  0  0  0  0  0  0  0  0  0  0  0  0  0  0  0  0  0  0  0  0  0  0  0  0  0  0  0  0  0  0  0  0  0  0  0  0  0  0  0  0  0  0  4  0  0  0  0  0  0  0  0  0  
0  1  0  0  0  0  0  0  0  0  0  0  0  0  0  0  55  1  32  0  1248  2  2  0  6  0  0  0  0  0  0  0  1  5340  30  1  15995  0  0  0  0  0  6605  4  0  0  0  70  0  812  0  0  0  0  0  2  0  42  5552  801  1010  0  0  0  0  0  0  0  0  0  0  21578  42814  0  0  0  0  0  0  0  0  0  0  0  0  0  0  0  0  0  0  0  0  0  0  0  0  0  0  0  0  0  0  0  0  0  0  0  0  0  0  0  0  0  0  0  0  0  0  0  0  0  0  0  0  0  0  0  0  0  0  0  0  0  0  0  0  0  0  0  0  0  0  0  0  0  0  0  0  0  6  0  0  0  0  0  0  0  0  0  
145  0  0  0  190  307  0  0  0  0  0  1050  4975  10210  5  3  0  5  0  0  0  0  0  302  0  0  0  0  0  0  0  0  0  0  0  0  0  0  0  6  0  0  0  0  0  0  1691  0  5958  0  0  11  7  0  0  0  0  0  0  0  0  7  0  174  0  1  0  0  0  0  0  0  0  0  0  0  0  0  0  0  0  0  0  0  0  0  0  0  0  0  0  0  0  0  0  0  0  0  0  0  0  0  0  0  0  0  0  0  0  0  0  0  0  0  0  0  0  0  0  0  0  0  0  0  0  0  0  0  0  0  0  0  0  0  0  0  0  0  0  0  0  0  0  0  0  0  0  0  0  0  0  0  23  0  0  0  0  0  0  0  
0  0  0  0  0  0  0  0  0  0  0  8597  0  7233  0  0  0  0  0  0  0  0  0  0  0  0  0  0  0  0  0  0  0  0  0  0  0  0  11  0  0  0  0  0  0  0  0  0  2197  0  0  0  0  0  0  0  0  0  0  0  0  0  0  0  0  0  0  0  0  0  0  0  0  0  0  0  0  0  0  0  0  0  0  0  0  0  0  0  0  0  0  0  0  0  0  0  0  0  0  0  0  0  0  0  0  0  0  0  0  0  0  0  0  0  0  0  0  0  0  0  0  0  0  0  0  0  0  0  0  0  0  0  0  0  0  0  0  0  0  0  0  0  0  0  0  0  0  0  0  0  0  0  0  0  0  0  0  0  0  0  
0  0  0  2592  0  3  0  2  0  0  7  11  0  0  0  5  1643  11  14  7  0  4  0  0  521  11241  488  514  12  0  0  0  2929  94  0  9334  0  1  0  0  0  0  0  17  127  15  0  5535  5820  0  0  45  0  20  0  626  0  235  0  0  2  0  0  0  29  0  373  14  8  0  1  0  203  1836  0  0  0  0  0  0  0  0  0  0  0  0  0  0  0  0  0  0  0  0  0  0  0  0  0  0  0  0  0  0  0  0  0  0  0  0  0  0  0  0  0  0  0  0  0  0  0  0  0  0  0  0  0  0  0  0  0  0  0  0  0  0  0  0  0  0  0  0  0  0  0  0  0  0  2  3  16  24  8370  0  0  0  0  0  0  0  
0  12049  0  0  0  0  0  0  0  0  7840  0  0  0  0  0  0  0  7200  7905  1  11440  0  0  0  0  0  0  0  0  0  0  0  0  0  0  0  0  0  0  0  0  0  7129  0  0  0  0  0  0  718  0  0  0  0  0  9160  193  0  0  0  0  0  0  0  0  0  0  0  0  0  0  0  0  0  0  0  0  0  0  0  0  0  0  5  0  0  0  0  0  0  0  0  0  0  111  0  0  0  0  0  0  0  0  0  0  0  0  0  0  0  0  0  0  0  25  0  1  0  0  0  0  0  0  0  0  0  0  0  0  0  0  0  0  0  0  0  0  0  0  0  0  0  0  0  0  0  0  0  0  0  0  0  0  0  0  0  0  0  0  
0  0  0  0  0  0  0  0  0  0  0  0  0  0  0  0  136  533  0  0  88  0  12397  14  0  0  0  0  0  0  0  0  0  5068  8582  0  6192  5540  0  0  0  0  0  0  0  0  2  62  0  6549  0  0  0  0  0  0  0  1  9  0  128  0  0  0  0  0  0  0  0  0  0  1610  407  0  0  0  0  0  0  0  0  0  0  0  0  0  0  0  0  0  0  0  0  0  0  0  0  0  0  0  0  0  0  0  0  0  0  0  0  0  0  0  0  0  0  0  0  0  0  0  0  0  0  0  0  0  0  0  0  0  0  0  0  0  0  0  0  0  0  0  0  0  0  0  0  0  0  0  3739  0  353  0  0  0  0  0  0  0  0  0  
0  153  0  1  0  2  5  0  313  10767  21668  0  0  0  0  2  0  1  1141  1984  3  24104  1419  0  16  3  15  8  0  1570  0  0  1  0  0  0  7  55  0  0  15  7272  0  0  1  3  0  55  41  0  22  0  0  0  0  147  716  4144  182  0  217  0  0  0  8381  23  4  0  0  0  51  0  1571  0  0  0  0  0  0  0  0  0  0  13  45  0  0  0  0  0  0  0  0  0  0  12  0  0  0  0  0  0  0  25  0  0  0  0  0  0  0  0  0  0  0  57  0  17  0  0  0  0  0  0  0  0  0  0  0  0  0  0  0  0  0  0  0  0  0  0  0  0  0  0  0  0  0  0  1  128  1959  6372  926  15  0  0  0  0  0  0  
0  0  6739  3717  0  41  0  1304  1  0  0  256  0  1  305  1405  23  0  0  1  0  0  0  0  24  5397  1807  43818  40007  1  0  0  0  0  0  7  0  0  0  1  55  0  0  0  0  5445  0  53  4880  0  0  200  0  209  0  78  0  2  0  0  0  0  0  0  0  0  14435  1648  9590  0  2  0  10  0  0  0  0  0  0  0  0  0  0  0  0  0  0  0  0  0  0  0  0  0  0  0  0  0  0  0  0  0  0  0  0  0  0  0  0  0  0  0  0  0  0  0  0  0  0  0  0  0  0  0  0  0  0  0  0  0  0  0  0  0  0  0  0  0  0  0  0  0  0  0  0  0  0  0  0  47  1  4  3948  7  0  0  0  0  0  0  
0  0  9727  0  0  50  24  9531  3125  2  7  0  0  0  0  354  1  0  0  4  0  0  0  0  0  0  9160  4409  1874  13615  0  0  0  0  0  0  0  0  0  0  2  0  0  1  4058  0  0  0  2  0  0  2  0  12  0  216  0  2  0  0  0  0  0  0  19  2  4731  0  138  0  2516  0  0  0  0  0  1  0  0  0  0  2  31  0  0  0  0  0  0  1  0  0  0  0  0  0  0  0  0  0  0  0  0  5  0  0  0  0  0  0  0  0  0  0  0  0  0  0  0  0  0  0  0  0  0  0  0  0  0  0  0  0  0  0  0  0  0  0  0  0  0  0  0  0  1  0  0  0  0  73  0  3  2382  52  0  0  0  0  0  0  
1256  0  0  0  262  482  0  0  0  0  0  742  2083  250  16  12  0  8186  0  0  0  0  3  11731  0  0  0  0  0  0  0  0  0  0  7  0  0  0  1520  0  0  0  2  0  0  0  0  0  2042  0  0  1  9  0  0  0  0  0  0  0  0  12  1  3315  0  0  0  0  0  1  0  0  0  0  0  0  0  0  0  0  0  0  0  0  0  0  0  0  0  0  0  0  0  0  0  0  0  0  0  0  0  0  0  0  0  0  0  0  0  0  0  0  0  0  0  0  0  0  0  0  0  0  0  0  0  0  0  0  0  0  0  0  0  0  0  0  0  0  0  0  0  0  0  0  0  0  0  0  2257  1  31  314  7268  22  0  0  0  27  0  0  
0  0  0  122  0  0  0  0  1  0  0  72  1  0  0  0  21741  5156  11  1  3  0  9  11  53  1  3  7  0  0  0  0  11921  11504  15628  188  0  311  0  0  4311  0  322  2  1  0  33  0  282  2  0  1  0  1  0  27  1  114  0  0  1  0  0  0  10  0  5  2  0  0  0  0  10652  93  0  0  0  0  0  0  0  0  0  0  0  0  0  0  0  0  0  0  0  0  0  0  0  0  0  0  0  0  0  0  0  0  0  0  0  0  0  0  0  0  0  0  0  0  0  0  0  0  0  0  0  0  0  0  0  0  0  0  0  0  0  0  0  0  0  0  0  0  0  0  0  0  0  0  227  0  1909  197  4881  0  0  0  0  0  0  0  
197  0  0  10235  367  7118  2  38  0  0  1  19359  22  4063  36  184  5741  10156  1  0  0  0  0  20  22  1752  120  2851  2410  0  0  0  169  5  5  12  0  0  5798  1284  4759  0  0  3  6732  57  1872  264  0  0  0  1735  293  1302  0  44  0  41  0  0  1  1  0  21  6  35  774  2535  228  1  0  0  9  1  0  0  0  0  0  0  0  0  0  0  0  0  0  0  0  0  0  0  0  0  0  0  0  0  0  0  0  0  0  0  0  0  0  0  0  0  0  0  0  0  0  0  0  0  0  0  0  0  0  0  0  0  0  0  0  0  0  0  0  0  0  0  0  0  0  0  0  0  0  0  0  0  0  0  5  20  21  2  20410  0  0  1  0  0  0  0  
0  0  0  0  0  0  0  0  0  0  0  0  0  0  0  0  0  0  5  0  11315  0  4451  0  1  0  0  0  0  0  0  0  0  1  0  0  10920  1371  0  0  0  0  5336  0  0  0  0  1  0  0  0  0  0  0  0  1  1  2  120  1006  491  0  0  0  0  0  0  0  0  0  0  89  608  0  0  0  0  0  0  0  0  0  0  0  0  0  0  0  0  0  0  0  0  0  0  0  0  0  0  0  0  0  0  0  0  0  0  0  0  0  0  0  0  0  0  0  0  0  0  0  0  0  0  0  0  0  0  0  0  0  0  0  0  0  0  0  0  0  0  0  0  0  0  0  0  0  0  0  0  0  114  0  0  0  0  0  0  0  0  0  
0  4976  0  0  0  0  0  0  0  0  7  0  0  0  0  0  0  0  454  1  3626  8140  0  0  0  1  0  0  0  0  0  0  0  0  0  0  0  0  0  0  0  1365  0  4  0  0  0  0  0  0  0  0  0  0  0  1  1927  79  95  0  3686  0  0  0  1  0  0  0  0  0  0  0  15  0  0  1  0  0  0  0  0  0  0  0  0  0  0  0  0  0  0  0  0  0  0  0  0  0  0  0  0  0  0  0  0  0  0  0  0  0  0  0  0  0  0  0  0  0  0  0  0  0  0  0  0  0  0  0  0  0  0  0  0  0  0  0  0  0  0  0  0  0  0  0  0  0  0  0  0  0  0  0  0  0  0  0  0  0  0  0  
42  0  0  1  774  2824  0  3  0  0  0  9126  0  16492  39480  607  0  0  0  0  0  0  0  4  2  4  0  13  461  0  0  0  0  0  0  0  0  0  15  1  4  0  0  0  70  4  11  3  2244  0  0  0  4620  5422  0  4  0  0  0  0  0  1034  0  1  0  8  9  11771  27  0  0  0  0  0  0  0  0  0  0  0  0  0  0  0  0  0  0  0  0  0  0  0  0  0  0  0  0  0  0  0  0  0  0  0  0  0  0  0  0  0  0  0  0  0  0  0  0  0  0  0  0  0  0  0  0  0  0  0  0  0  0  0  0  0  0  0  0  0  0  0  0  0  0  0  0  0  0  0  0  12  0  0  1123  0  0  0  0  0  0  0  
2581  0  0  0  9104  2127  0  0  0  0  0  22  7  608  34453  302  0  1  0  0  0  0  0  24  0  0  0  1  0  0  0  0  0  0  0  0  0  0  239  0  0  0  0  0  2  0  72  0  1571  0  0  4902  0  9568  0  0  0  0  0  0  0  5  0  19  0  2  0  9  1  0  0  0  0  0  0  0  0  0  0  0  0  0  0  0  0  0  0  0  0  0  0  0  0  0  0  0  0  0  0  0  0  0  0  0  0  0  0  0  0  0  0  0  0  0  0  0  0  0  0  0  0  0  0  0  0  0  0  0  0  0  0  0  0  0  0  0  0  0  0  0  0  0  0  0  0  0  0  0  0  3  0  0  63  0  0  0  0  0  0  0  
2  0  1  0  90  7414  3579  429  14  0  3  153  0  60  35765  32181  0  0  0  2  0  0  0  0  0  3  3  38  673  2  0  0  0  0  0  0  0  0  2  0  0  0  0  0  58  12  1  0  3004  0  0  9225  10764  0  0  3  0  1  0  0  0  0  0  0  7  4  8  1347  8482  0  39  0  0  0  0  0  0  0  0  0  0  0  0  0  0  0  0  0  0  0  0  0  0  0  0  0  0  0  0  0  0  0  0  0  0  0  0  0  0  0  0  0  0  0  0  0  0  0  0  0  0  0  0  0  0  0  0  0  0  0  0  0  0  0  0  0  0  0  0  0  0  0  0  0  0  0  0  0  0  780  0  8  3358  48  0  0  0  0  0  0  
0  0  0  0  0  0  0  0  0  0  0  0  0  0  0  0  0  0  0  0  0  0  0  0  415  1325  0  0  0  0  0  0  0  3  0  45  0  0  0  0  0  0  0  0  0  0  0  0  0  0  0  0  0  0  0  65  0  0  0  0  0  0  0  0  0  0  107  0  0  0  0  0  21  0  0  0  0  0  0  0  0  0  0  0  0  0  0  0  0  0  0  0  0  0  0  0  0  0  0  0  0  0  0  0  0  0  0  0  0  0  0  0  0  0  0  0  0  0  0  0  0  0  0  0  0  0  0  0  0  0  0  0  0  0  0  0  0  0  0  0  0  0  0  0  0  0  0  0  0  0  0  0  0  0  0  0  0  0  0  0  
0  2  0  16  0  25  6  21  122  3  185  15  0  0  0  42  18  4  834  7135  0  3  0  0  32875  4766  27691  384  121  79  0  0  3  6  0  417  1  20  0  0  309  0  0  82  189  144  0  749  1116  0  1  74  0  43  1  0  15  11108  5  0  42  0  0  0  13392  5  14638  20  28  0  355  0  612  0  0  0  0  0  0  0  0  0  0  0  0  0  0  0  0  0  0  0  0  0  0  0  0  0  0  0  0  0  0  0  0  0  0  0  0  0  0  0  0  0  0  0  0  0  0  0  0  0  0  0  0  0  0  0  0  0  0  0  0  0  0  0  0  0  0  0  0  0  0  0  0  0  0  0  0  51  41  7  2011  13  0  0  0  0  0  0  
0  2154  0  0  0  0  0  0  0  0  178  0  0  0  0  0  0  0  22601  830  152  587  0  0  0  0  0  0  0  0  0  0  0  0  0  0  0  0  0  0  0  8480  0  135  0  0  0  1  0  0  2453  0  0  0  0  0  0  438  504  1  127  0  0  0  80  0  0  0  0  0  0  0  332  0  0  0  0  0  0  0  0  0  0  0  0  0  0  0  0  0  0  0  0  0  0  0  0  0  0  0  0  0  0  0  0  0  0  0  0  0  0  0  0  0  0  0  0  0  0  0  0  0  0  0  0  0  0  0  0  0  0  0  0  0  0  0  0  0  0  0  0  0  0  0  0  0  0  0  0  0  0  0  1  0  0  0  0  0  0  0  
0  51  0  1  0  0  0  0  0  0  790  0  0  0  0  0  3  0  16864  12002  4  105  0  0  5252  6  19  21  0  0  0  0  3  0  0  1  1  31  0  0  4  322  0  3674  2  0  0  138  67  0  22  0  0  0  0  10445  354  0  11  0  123  0  0  0  3188  0  13  0  0  0  3  0  1415  0  0  0  0  0  0  0  0  0  0  0  0  0  0  0  0  0  0  0  0  0  0  0  0  0  0  0  0  0  0  0  0  0  0  0  0  0  0  0  0  0  0  0  0  0  0  0  0  0  0  0  0  0  0  0  0  0  0  0  0  0  0  0  0  0  0  0  0  0  0  0  0  0  0  0  0  0  64  1  162  0  0  0  0  0  0  0  
0  4740  0  0  0  0  0  0  0  0  0  0  0  0  0  0  0  0  9182  0  280  349  0  0  0  0  0  0  0  0  0  0  0  0  0  0  3920  4415  0  0  0  0  2  53  0  0  0  1  0  7  62  0  0  0  0  0  571  54  0  960  2434  0  0  0  0  0  0  0  0  0  0  933  2860  0  0  0  0  0  0  0  0  0  0  0  0  0  0  0  0  0  0  0  0  0  0  0  0  0  0  0  0  0  0  0  0  0  0  0  0  0  0  0  0  0  0  0  0  0  0  0  0  0  0  0  0  0  0  0  0  0  0  0  0  0  0  0  0  0  0  0  0  0  0  0  0  0  0  0  0  0  1  0  0  0  0  0  0  0  0  0  
0  4951  0  0  0  0  0  0  0  0  0  0  0  0  0  0  0  0  7  0  18848  2  0  0  0  0  0  0  0  0  0  0  0  0  0  0  20033  3429  0  0  0  0  45  6  0  0  0  0  0  854  0  0  0  0  0  0  1  0  777  0  666  0  0  0  0  0  0  0  0  0  0  204  619  0  0  0  0  0  0  0  0  0  0  0  0  0  0  0  0  0  0  0  0  0  0  0  0  0  0  0  0  0  0  0  0  0  0  0  0  0  0  0  0  0  0  0  0  0  0  0  0  0  0  0  0  0  0  0  0  0  0  0  0  0  0  0  0  0  0  0  0  0  0  0  0  0  0  0  0  0  2  0  0  0  0  0  0  0  0  0  
0  3455  0  0  0  0  0  0  0  27  1  0  0  0  0  0  0  0  469  0  26372  16403  10697  0  87  1  0  0  0  0  0  0  0  1  0  0  353  1472  0  0  1  0  211  428  0  0  0  9  8  1470  3415  0  0  0  0  15  195  350  4020  622  0  0  0  0  3  0  0  0  0  0  0  52  3530  0  0  7  0  0  0  0  0  0  0  0  0  0  0  0  0  0  0  0  0  0  0  0  0  0  0  0  0  0  0  0  0  0  0  0  0  0  0  0  0  0  0  2  0  0  0  0  0  0  0  0  0  0  0  0  0  0  0  0  0  0  0  0  0  0  0  0  0  0  0  0  0  0  0  0  0  0  12066  4  7  0  0  0  0  0  0  0  
1016  0  0  0  7  2  0  0  0  0  0  1  516  7217  3475  0  0  0  0  0  0  0  0  6168  0  0  0  0  0  0  0  0  0  0  0  0  0  0  6  0  0  0  0  0  0  0  50  0  0  0  0  950  2  0  0  0  0  0  0  0  0  0  0  836  0  0  0  0  0  0  0  0  0  0  0  0  0  0  0  0  0  0  0  0  0  0  0  0  0  0  0  0  0  0  0  0  0  0  0  0  0  0  0  0  0  0  0  0  0  0  0  0  0  0  0  0  0  0  0  0  0  0  0  0  0  0  0  0  0  0  0  0  0  0  0  0  0  0  0  0  0  0  0  0  0  0  0  0  0  0  0  0  2  0  0  0  0  0  0  0  
7  0  0  0  8  12  0  0  0  0  0  0  0  1  0  1  0  0  0  0  0  0  8  17396  0  0  0  0  0  0  13051  715  0  0  0  0  0  0  0  0  0  0  0  0  0  0  18  0  0  0  0  0  0  0  0  0  0  0  0  0  0  0  0  6050  0  10  0  0  0  1444  0  0  0  0  0  0  0  0  0  0  0  0  0  0  0  0  0  0  0  0  0  0  0  0  0  0  0  0  0  0  0  0  0  0  4  0  0  0  0  0  0  0  0  0  0  0  0  0  0  0  0  0  0  0  0  0  0  0  0  0  0  0  0  0  0  0  0  0  0  0  0  0  0  1  0  0  0  0  4  368  0  0  101  1  0  0  0  0  0  0  
1448  0  0  0  136  869  0  0  0  0  0  7  450  3235  190  24  0  0  0  0  0  0  1  32913  0  0  0  0  0  0  770  328  0  0  0  0  0  0  264  1  0  0  0  0  0  0  4210  0  43  0  0  0  9  0  0  0  0  0  0  0  0  4265  1779  0  0  4  0  0  0  2055  0  0  0  0  0  0  0  0  0  1  0  0  0  0  0  0  0  0  0  0  0  0  0  0  0  0  0  0  0  0  0  0  0  0  228  0  0  0  0  0  0  0  0  0  0  0  0  0  0  0  0  0  0  0  0  0  0  0  0  0  0  0  0  0  0  0  0  0  0  0  0  0  0  0  0  0  0  0  0  490  0  0  3226  0  0  0  0  0  0  0  
0  8  0  0  0  9  11  2  94  89  20079  0  0  0  0  14  4  0  2366  9162  1  687  1  0  36  1  4938  33  9  29734  0  0  1  0  0  0  0  1  0  0  11  3  0  9702  2  9  0  11  68  0  9  0  0  2  0  5989  554  8692  2  0  6  0  0  0  0  4  29  0  4  0  1081  0  48  0  0  0  0  0  0  0  0  0  0  0  534  0  0  0  0  0  0  0  0  3  0  14  0  0  0  0  0  0  0  128  0  0  0  0  0  0  0  0  0  0  0  0  0  0  0  0  0  0  0  0  0  0  0  0  0  0  0  0  0  0  0  0  0  0  3  0  0  0  0  0  0  0  0  0  0  23  32  0  833  3  0  0  0  0  0  0  
1  0  0  0  0  15187  7586  4212  8171  1470  6  0  0  0  1  7  0  0  0  12  0  0  0  1  0  0  50  4  3  20  7  217  0  0  0  0  0  0  0  0  0  0  0  93  0  5  0  0  1  0  0  0  0  7  0  18  0  2  0  0  0  0  4  5  22  0  5  0  0  40  35  0  0  0  0  0  0  0  0  1239  84  141  58  0  0  0  0  0  0  1  0  0  0  0  0  0  0  0  0  0  0  1  0  10  3  5  0  0  0  0  0  0  0  0  0  0  0  0  0  0  0  0  0  0  0  0  0  0  0  0  0  0  0  0  0  0  0  0  0  3985  0  0  0  71  0  0  0  0  0  25472  0  10  1466  0  1  1233  0  16  3  3  
0  0  1557  56  0  29  3  46  4  0  1  32  0  0  1  70  1  0  0  3  0  0  0  0  819  20883  20194  30336  225  5  0  0  0  0  0  55  0  0  0  0  58  0  0  0  14061  2849  0  30  351  0  0  216  1  74  0  14323  0  9  0  0  0  0  0  0  7  0  0  61  52  0  11  0  30  0  0  0  0  0  0  0  0  0  0  0  0  0  0  0  0  0  0  0  0  0  0  0  0  0  0  0  0  0  0  0  0  0  0  0  0  0  0  0  0  0  0  0  0  0  0  0  0  0  0  0  0  0  0  0  0  0  0  0  0  0  0  0  0  0  0  0  0  0  0  0  0  0  0  0  0  15  0  3  1247  3  0  0  0  0  0  0  
0  0  0  441  2  117  6  38  0  0  0  12306  0  8  8853  102  0  0  0  0  0  0  0  0  2  19  1  292  23068  0  0  0  0  0  0  0  0  0  0  5  8  0  0  0  7796  18  0  7  4576  0  0  14420  5  3880  0  6  0  0  0  0  0  0  0  0  0  1  27  0  1254  0  0  0  0  0  0  0  0  0  0  0  0  0  0  0  0  0  0  0  0  0  0  0  0  0  0  0  0  0  0  0  0  0  0  0  0  0  0  0  0  0  0  0  0  0  0  0  0  0  0  0  0  0  0  0  0  0  0  0  0  0  0  0  0  0  0  0  0  0  0  0  0  0  0  0  0  0  0  0  0  19  2  0  573  0  0  0  0  0  0  0  
0  0  156  0  0  13  7  1937  2  0  4  11  0  0  9216  7911  0  0  0  0  0  0  0  0  0  4  44  430  28537  0  0  0  1  0  0  0  0  0  0  0  2  0  0  0  6224  448  0  0  112  0  0  20  0  8223  0  9  0  0  0  0  0  0  0  0  7  0  59  888  0  0  20  0  0  0  0  0  0  0  0  0  0  0  0  0  0  0  0  0  0  0  0  0  0  0  0  0  0  0  0  0  0  0  0  0  0  0  0  0  0  0  0  0  0  0  0  0  0  0  0  0  0  0  0  0  0  0  0  0  0  0  0  0  0  0  0  0  0  0  0  0  0  0  0  0  0  0  0  0  0  482  0  11  6885  105  0  0  0  0  0  0  
3088  0  0  0  2568  8778  0  0  0  0  0  0  0  0  0  2326  0  0  0  0  0  0  0  1203  0  0  0  0  0  0  12014  1763  0  0  0  0  0  0  0  0  0  0  0  0  0  0  1  0  1  0  0  0  0  0  0  0  0  0  0  0  0  0  1154  2541  0  24  0  0  0  0  0  0  0  0  0  0  0  0  0  651  0  0  0  0  0  0  0  0  0  29  0  0  0  0  0  0  0  0  0  0  0  0  0  0  471  30  0  0  0  0  0  0  0  0  0  0  0  0  0  0  0  0  0  0  0  0  0  0  0  0  0  0  0  0  0  0  0  0  0  0  0  0  0  335  0  0  0  0  0  208  0  0  329  0  0  0  0  0  0  0  
0  0  841  0  0  69  45  302  10412  26  274  0  0  0  0  73  1  0  1  478  0  0  0  0  1  1  9615  9  92  20210  0  0  0  0  0  0  0  0  0  0  2  0  0  8  7  2402  0  0  5  0  0  1  0  57  0  92  0  31  0  0  0  0  0  0  1307  12  16  1  28  0  0  0  0  0  0  0  0  0  0  0  0  0  250  0  0  0  0  0  0  0  0  0  0  0  0  0  0  0  0  0  0  0  0  266  0  0  0  0  0  0  0  0  0  0  0  0  0  0  0  0  0  0  0  0  0  0  0  0  0  0  0  0  0  0  0  0  0  0  0  0  0  0  0  0  73  0  0  0  0  152  0  4  719  26  0  0  0  0  0  0  
0  8  0  0  0  0  0  0  0  0  0  0  0  0  0  0  1  0  2  0  303  0  0  0  0  0  0  0  0  0  0  0  0  0  1  0  23788  23602  0  0  0  0  2108  0  0  0  0  1  0  81  0  0  0  0  0  0  0  0  1204  31  15  0  0  0  0  0  0  0  0  0  0  0  147  0  0  0  0  0  0  0  0  0  0  0  0  0  0  0  0  0  0  0  0  0  0  0  0  0  0  0  0  0  0  0  0  0  0  0  0  0  0  0  0  0  0  0  0  0  0  0  0  0  0  0  0  0  0  0  0  0  0  0  0  0  0  0  0  0  0  0  0  0  0  0  0  0  0  0  0  0  0  0  0  0  0  0  0  0  0  0  
0  39  0  6  0  1  0  2  0  0  0  5  0  0  0  2  1014  9  14060  0  325  207  0  0  25212  3052  31  23  6  0  0  0  521  42418  188  7839  201  48066  0  0  204  0  1199  771  78  2  0  23098  365  285  6  29  0  8  1  884  345  2203  3621  97  2111  0  0  0  9  0  194  7  6  0  0  19  0  392  0  0  0  0  0  0  0  0  0  0  0  0  0  0  0  0  0  0  0  0  0  0  0  0  0  0  0  0  0  0  0  0  0  0  0  0  0  0  0  0  0  0  0  0  0  0  0  0  0  0  0  0  0  0  0  0  0  0  0  0  0  0  0  0  0  0  0  0  0  0  0  0  0  0  5  0  1114  12  279  0  0  0  0  0  0  0  
0  0  0  489  0  0  0  0  0  0  0  0  0  0  0  0  0  0  0  0  0  0  0  0  0  465  0  0  0  0  0  0  6326  5059  0  4927  0  0  0  0  2141  0  0  0  0  0  0  167  4  0  0  0  0  0  0  0  0  0  0  0  0  0  0  0  0  0  0  0  0  0  0  0  250  0  0  0  0  0  0  0  0  0  0  0  0  0  0  0  0  0  0  0  0  0  0  0  0  0  0  0  0  0  0  0  0  0  0  0  0  0  0  0  0  0  0  0  0  0  0  0  0  0  0  0  0  0  0  0  0  0  0  0  0  0  0  0  0  0  0  0  0  0  0  0  0  0  0  0  0  0  0  0  1  0  0  0  0  0  0  0  
0  0  0  0  1  0  0  0  0  0  0  0  0  0  0  0  0  0  0  0  0  0  0  0  0  0  0  0  0  0  0  0  0  0  0  0  0  0  0  0  0  0  0  0  0  0  0  0  0  0  0  0  0  0  0  0  0  0  0  0  0  0  0  0  0  0  0  0  0  0  0  0  0  0  0  0  0  0  9627  2306  0  0  0  0  0  0  35  1170  4114  1033  0  2  0  0  0  0  0  15211  0  0  0  0  0  0  6632  1  0  0  0  0  0  0  14  0  0  0  0  0  0  0  32  0  5  0  0  17  2698  1  0  0  0  0  0  0  0  713  86  528  0  0  0  1  0  821  0  0  0  0  0  0  0  0  0  0  0  508  0  0  1109  0  
0  0  0  0  0  0  0  0  0  0  0  0  0  0  0  0  0  0  0  0  1  14  0  0  0  0  0  0  0  0  0  0  0  0  0  0  0  0  0  0  0  0  0  0  0  0  0  0  0  0  0  0  0  0  0  0  0  0  0  0  3  0  0  0  0  0  0  0  0  0  0  0  0  0  0  0  0  0  0  0  0  0  0  0  2  0  0  0  0  0  0  0  10404  20  15491  1530  0  0  1  0  0  0  0  0  0  0  0  14  5  0  1339  96  0  0  0  13693  0  117  0  0  0  6  0  9  2200  0  0  0  0  0  1682  5  2858  6817  1270  0  0  0  0  0  0  0  0  0  0  32  73  0  0  0  0  0  0  0  0  0  6  0  0  0  
0  0  401  0  0  0  0  2  1  0  0  0  0  0  0  24  0  0  0  0  0  0  0  0  0  0  0  27  0  33  0  0  0  0  0  0  0  0  0  0  0  0  0  0  0  0  0  0  0  0  0  0  0  0  0  0  0  0  0  0  0  0  0  0  0  0  0  0  0  0  0  0  0  0  0  0  0  0  0  0  0  1075  29  0  0  0  0  0  0  19543  0  0  0  0  0  0  0  0  0  0  7905  5207  7033  6224  0  0  0  0  0  0  0  0  0  0  0  0  0  0  12718  8740  0  0  0  0  0  0  0  1  0  0  0  0  0  0  0  0  0  0  0  0  420  0  730  0  0  0  0  0  0  0  0  0  0  0  1  3  0  0  104  21  
0  0  0  0  0  0  0  0  0  0  0  0  0  0  0  0  0  0  0  0  0  0  0  0  0  0  0  0  0  0  0  0  0  0  0  0  0  0  0  0  0  0  0  0  0  0  0  0  0  0  0  0  0  0  0  0  0  0  0  0  0  0  0  0  0  0  0  0  0  0  0  0  0  0  0  0  0  0  0  0  0  0  0  0  1  15000  0  2  0  1  151  25  2  0  0  0  0  0  4  14388  1  4486  6905  0  0  0  670  1658  143  41  0  0  0  1  2490  0  0  0  3079  0  0  9  10024  0  0  10  2  2  0  30  0  4  0  0  0  0  0  0  22  0  42  685  7  0  0  0  3  881  0  0  0  0  0  0  0  0  0  0  7  0  
0  0  0  0  7  0  0  0  0  0  0  0  0  0  0  8  0  0  0  0  0  0  0  0  0  0  0  0  0  0  0  0  0  0  0  0  0  0  0  0  0  0  0  0  0  0  0  0  0  0  0  0  0  0  0  0  0  0  0  0  0  0  0  0  0  0  0  0  0  0  0  0  0  0  8663  0  0  0  0  1347  0  0  0  0  0  0  1  7  5850  22186  0  0  0  0  0  0  0  113  0  0  0  0  0  0  3845  0  0  0  0  0  0  0  1  0  0  0  0  0  0  0  1  0  2  0  0  17  6436  1  0  0  0  0  0  0  0  3  59  76  0  0  0  1  0  488  0  0  0  0  0  0  0  0  0  0  0  107  0  0  595  0  
0  0  0  0  0  5855  0  0  0  0  0  0  0  0  0  1861  0  0  0  0  0  0  0  0  0  0  0  0  0  0  409  22  0  0  0  0  0  0  0  0  0  0  0  0  0  0  0  0  0  0  0  0  0  0  0  0  0  0  0  0  0  0  1  0  0  549  0  0  0  399  0  0  0  0  3171  0  0  0  2645  0  13447  178  9  0  0  0  2  25  3433  25565  0  2  0  0  0  0  0  206  0  0  0  0  0  0  1428  1046  0  0  0  0  0  0  1  0  0  0  0  0  0  11  3  0  2  0  0  31  9203  4109  0  0  0  0  0  0  0  29  124  347  0  14650  0  0  1  8631  0  0  0  0  0  1076  0  0  91  0  0  20145  0  0  5056  56  
0  0  0  0  0  5275  484  0  0  0  0  0  0  0  0  895  0  0  0  0  0  0  0  0  0  0  0  0  0  0  0  0  0  0  0  0  0  0  0  0  0  0  0  0  0  0  0  0  0  0  0  0  0  0  0  0  0  0  0  0  0  0  0  0  0  214  0  0  0  0  0  0  0  0  0  0  0  0  1  13192  0  13389  8  0  0  0  0  0  886  21133  0  0  0  0  0  0  0  0  0  0  0  0  0  0  0  0  0  0  0  0  0  0  0  0  0  0  0  0  2  9  0  0  0  0  0  8  244  7592  0  0  0  0  0  0  0  0  0  0  0  8389  0  2  2  0  0  0  0  0  0  0  0  0  0  0  0  582  0  0  131  4  
0  0  4  0  0  7  1581  623  7  0  0  0  0  0  0  64  0  0  0  0  0  0  0  0  0  0  0  0  0  0  0  0  0  0  0  0  0  0  0  0  0  0  0  0  0  0  0  0  0  0  0  0  0  0  0  0  0  0  0  0  0  0  0  0  0  95  0  0  0  0  0  0  0  0  0  0  460  0  0  88  9830  0  5728  0  0  0  0  0  37  18859  0  0  0  0  0  0  0  0  0  0  6  3  1515  6  0  0  0  0  0  0  0  0  0  0  0  0  0  1  706  9317  0  0  2  0  0  1  35  1574  0  0  0  0  0  0  0  0  0  0  1  5653  10  0  2999  0  9  0  0  0  0  76  0  0  0  0  15  828  0  16  977  299  
0  0  51  0  0  0  0  493  1235  75  0  0  0  0  0  19  0  0  0  0  0  0  0  0  0  0  0  0  0  154  0  0  0  0  0  0  0  0  0  0  0  0  0  0  0  2  0  0  0  0  0  0  0  0  0  0  0  0  0  0  0  0  0  0  0  10  0  0  0  0  72  0  0  0  0  0  41  0  0  8  20  5239  0  1603  0  0  0  0  5  43  0  0  0  0  0  0  0  0  0  0  1  4  4  3855  0  0  0  0  0  0  0  0  0  0  0  0  0  28  7  4601  0  1  0  0  0  0  3  33  0  0  0  0  0  0  0  0  0  0  15  6033  10  0  6  0  9604  0  0  0  0  288  0  3  0  0  8  825  0  122  274  9  
0  0  0  0  0  0  0  0  40  7522  0  0  0  0  0  0  0  0  0  0  0  0  0  0  0  0  0  0  0  3  0  0  0  0  0  0  0  0  0  0  0  0  0  22  0  0  0  0  0  0  0  0  0  0  0  0  0  0  0  0  0  0  0  0  0  1  0  0  0  0  0  0  0  0  0  0  0  0  0  0  0  2  1372  0  1  0  0  0  0  0  11  4  2  2  1  304  9  0  6  0  49  5  0  5940  0  0  0  0  0  0  0  0  0  0  2  0  0  10805  5  1  0  31  0  1  0  0  0  1  0  57  0  6  0  0  324  0  0  0  677  1848  37  0  0  0  14  0  2  0  0  63  0  4925  0  0  32  62  1500  7261  2150  0  
0  0  0  0  0  0  0  0  0  0  3580  0  0  0  0  0  0  0  0  304  0  8  0  0  0  0  7  0  0  666  0  0  0  0  0  0  0  0  0  0  0  9  0  91  0  0  0  0  0  0  0  0  0  0  0  0  0  0  0  0  0  0  0  0  86  0  0  0  0  0  0  0  0  0  0  5  0  0  0  0  0  0  0  0  0  0  0  0  0  0  0  0  321  17388  0  407  0  0  9  0  1  0  0  1843  0  0  0  0  0  0  0  0  0  0  0  10862  0  17643  0  0  0  11  0  0  0  0  0  0  0  2150  104  1195  4  0  8  0  0  0  17123  0  0  0  0  0  0  0  266  0  0  0  0  0  0  0  1  0  13  0  0  0  
0  0  0  0  0  0  0  0  0  0  0  0  0  0  0  0  0  0  0  0  0  0  0  0  0  0  0  0  0  0  0  0  0  0  0  0  0  0  0  0  0  0  0  0  0  0  0  0  0  0  0  0  0  0  0  0  0  0  0  0  0  0  0  0  0  0  0  0  0  0  0  0  0  0  1  0  0  21644  0  0  1  0  0  0  0  0  265  9942  33  1  3  494  0  0  0  0  0  126  1  125  0  36  2186  0  0  0  43  253  340  0  0  0  113  6851  1  0  0  0  1371  1  79  2  16372  0  0  7934  34  9  0  1  0  0  0  0  0  0  0  0  0  0  19  8835  1  0  0  0  0  0  0  0  0  0  0  0  0  22  0  0  72  1  
0  0  0  0  0  0  0  0  0  0  0  0  0  0  0  0  0  0  0  0  0  0  0  0  0  0  0  0  0  0  0  0  0  0  0  0  0  0  0  0  0  0  0  0  0  0  0  0  0  0  0  0  0  0  0  0  0  0  0  0  0  0  0  0  0  0  0  0  0  0  0  0  0  0  100  0  0  0  1  4  0  0  0  0  0  53  0  4189  1  0  0  144  0  0  0  0  0  15928  0  0  0  0  0  0  0  0  0  17  11  0  0  0  6504  0  0  0  0  0  0  0  2198  0  241  0  0  0  0  0  0  0  0  0  0  0  0  618  1  988  0  0  0  0  0  0  0  0  0  0  0  0  0  0  0  0  0  7  0  0  329  0  
0  0  0  0  0  0  0  0  0  0  0  0  0  0  0  0  0  0  0  0  0  0  0  0  0  0  0  0  0  0  0  0  0  0  0  0  0  0  0  0  0  0  0  0  0  0  0  0  0  0  0  0  0  0  0  0  0  0  0  0  0  0  0  0  0  0  0  0  0  0  0  0  0  0  139  0  0  0  35  2  0  0  0  0  0  7504  3926  0  2680  0  0  0  0  0  0  0  0  936  0  0  0  5  0  0  0  0  0  1  0  0  0  0  8028  7478  0  0  0  0  4  0  74  0  2037  0  0  17237  140  10  0  0  0  0  0  0  0  4692  0  144  0  0  3  38  1  0  0  0  0  0  0  0  0  0  0  0  0  66  0  0  590  8  
0  0  0  0  0  0  0  0  0  0  0  0  0  0  0  0  0  0  0  0  0  0  0  0  0  0  0  0  0  0  0  0  0  0  0  0  0  0  0  0  0  0  0  0  0  0  0  0  0  0  0  0  0  0  0  0  0  0  0  0  0  0  0  0  0  0  0  0  0  0  0  0  0  0  3842  0  0  0  4794  999  885  43  11  0  0  27  7  2849  0  14269  0  0  0  0  0  0  0  2429  0  0  0  3  4484  1  4  0  0  0  0  0  0  0  8  1  0  0  0  0  456  26  14  0  48  0  0  48982  34967  32546  0  0  0  0  0  0  0  3730  1  2  0  0  1  5427  5833  0  1  0  0  0  0  0  0  0  0  0  0  1343  0  0  3929  154  
0  0  21  0  101  466  16  208  0  0  0  0  0  0  0  5870  0  0  0  0  0  0  0  0  0  0  0  1  3  0  16  0  0  0  0  0  0  0  0  0  0  0  0  0  0  0  0  0  0  0  0  0  0  1  0  0  0  0  0  0  0  0  0  0  0  3  0  0  0  13  0  0  0  0  621  0  17050  0  25406  19849  14981  15364  40  0  0  0  0  0  17571  0  0  0  0  0  0  0  0  32  0  0  2  2  5556  0  2677  0  0  0  0  0  0  0  0  0  0  0  0  0  791  1833  0  0  5  0  0  0  1817  45884  0  0  0  0  0  0  0  0  8  6  0  0  1  0  10163  1754  0  0  0  0  0  0  0  0  0  0  3  56  0  1  604  134  
0  0  0  0  0  0  0  0  0  0  0  0  0  0  0  0  0  0  0  0  0  0  0  0  0  0  0  0  0  0  0  0  0  0  0  0  0  0  0  0  0  0  0  0  0  0  0  0  0  0  0  0  0  0  0  0  0  0  0  0  0  0  0  0  0  0  0  0  0  0  0  0  0  0  0  84  0  361  0  0  0  0  0  9  0  2  0  0  0  0  0  23147  102  0  14  0  13  2  0  30  224  39  1  0  0  0  339  343  3405  0  54  73  0  0  2936  1  796  19  5  0  14  26267  5765  33  0  0  0  0  0  303  1  0  261  18  87  0  0  0  5  0  17  0  0  0  7  0  954  0  0  0  0  0  0  0  651  0  27  266  16474  0  
0  0  0  0  0  0  0  0  0  0  0  0  0  0  0  0  0  0  0  0  0  0  0  0  0  0  0  0  0  0  0  0  0  0  0  0  0  0  0  0  0  0  0  0  0  0  0  0  0  0  0  0  0  0  0  0  0  0  0  0  0  0  0  0  0  0  0  0  0  0  0  0  0  0  0  12  0  27  0  7  0  0  0  0  0  740  297  0  1  0  17544  0  10  0  2  0  6  380  0  0  0  3  0  0  1  1  159  246  4464  0  3  6  7  0  0  0  550  3  0  0  9868  5628  12743  2  0  2  0  0  0  0  0  0  25  3  7  0  2  1  0  1  0  1  0  0  0  0  59  0  0  0  0  0  0  0  4158  65  1  48  14405  664  
0  0  0  0  0  0  0  0  0  0  0  0  0  0  0  0  0  0  0  0  0  0  0  0  0  0  0  0  0  0  0  0  0  0  0  0  0  0  0  0  0  0  0  0  0  0  0  0  0  0  0  0  0  0  0  0  0  0  0  0  0  0  0  0  0  0  0  0  0  0  0  0  0  0  0  16031  0  0  0  0  0  0  0  0  129  0  0  0  0  0  0  0  0  3138  31  84  0  0  9708  0  0  0  0  0  0  0  0  4  0  0  3  3  0  0  0  6794  1  1561  0  0  0  1  0  0  6  0  0  0  0  111  20040  11979  8440  46  259  0  0  0  185  0  0  0  0  0  0  3  10539  0  0  0  0  0  0  0  0  0  2  0  0  0  
0  0  0  0  0  0  0  0  0  0  206  0  0  0  0  0  0  0  0  375  0  0  0  0  0  0  31  0  0  28  0  0  0  0  0  0  0  0  0  0  0  0  0  0  0  0  0  0  0  0  0  0  0  0  0  0  0  0  0  0  0  0  0  0  0  0  0  0  0  0  0  0  0  0  0  10  0  0  0  0  0  0  0  0  17027  0  0  0  0  0  0  0  2187  0  0  11  0  0  4  0  6712  1  0  675  0  0  0  0  0  0  0  0  0  0  0  6628  0  1219  0  0  0  0  0  0  0  0  0  0  0  3280  86  10252  0  0  0  0  0  0  5078  0  1  0  0  0  0  0  1  0  0  0  0  0  0  0  0  0  0  0  0  0  
0  0  0  0  0  0  0  0  0  0  0  0  0  0  0  0  0  0  0  0  0  0  0  0  0  0  0  0  0  0  0  0  0  0  0  0  0  0  0  0  0  0  0  0  0  0  0  0  0  0  0  0  0  0  0  0  0  0  0  0  0  0  0  0  0  0  0  0  0  0  0  0  0  0  0  18492  0  0  0  0  0  0  0  0  0  0  0  0  0  0  0  0  47  0  0  237  1869  0  0  0  0  0  0  0  0  0  0  19  1  0  4977  5  0  0  0  12  9  13  0  0  0  3  0  9602  2932  0  0  0  0  0  13  1  52  11530  24437  0  0  0  0  0  0  0  0  0  0  8  11  0  0  0  0  0  0  0  1  0  518  0  0  0  
0  0  0  0  0  0  0  0  0  0  25  0  0  0  0  0  0  0  0  0  0  1112  0  0  0  0  0  0  0  2  0  0  0  0  0  0  0  0  0  0  0  6  0  9  0  0  0  0  0  0  0  0  0  0  0  0  0  0  0  0  0  0  0  0  1  0  0  0  0  0  0  0  0  0  0  2376  0  0  0  0  0  0  0  257  388  0  0  0  0  0  0  0  94  7  171  0  5851  0  1  0  0  0  0  15  0  0  0  1  0  0  0  0  0  0  1  11792  0  24607  0  0  0  0  0  1  6172  0  0  0  0  6  93  7  41  1  14288  0  0  0  79  0  0  0  0  0  0  0  11  0  0  0  0  0  0  0  0  0  173  8  0  0  
0  0  0  0  0  0  0  0  0  0  0  0  0  0  0  0  0  0  0  0  0  0  0  0  0  0  0  0  0  0  0  0  0  0  0  0  0  0  0  0  0  0  0  0  0  0  0  0  0  0  0  0  0  0  0  0  0  0  0  0  0  0  0  0  0  0  0  0  0  0  0  0  0  0  0  0  0  0  0  0  0  0  0  10  0  0  0  0  0  0  0  66  0  0  2445  5660  0  28  1  0  0  1  0  0  2  0  0  0  1687  0  5  0  0  0  0  0  13124  1275  2  0  0  2  0  5571  0  0  0  0  0  21  0  4  0  0  12756  0  6  0  18  0  0  0  0  1  0  0  0  0  0  1  1  0  0  0  4233  283  38596  7363  4  4  
3  0  0  0  0  0  0  0  0  0  0  0  0  0  0  0  0  0  0  0  0  0  0  30  0  0  0  0  0  0  76  0  0  0  0  0  0  0  0  0  0  0  0  0  0  0  0  0  0  0  0  0  0  0  0  0  0  0  0  0  0  0  0  0  0  0  0  0  0  0  0  0  0  0  17311  0  0  0  392  159  0  0  0  0  0  46  18148  1474  2328  33  8  282  0  0  0  0  62  0  0  0  0  0  0  0  13071  4  0  56  55  0  0  0  553  0  0  0  5  0  0  0  10615  5  6  0  0  4  7  0  0  0  0  0  0  0  0  6525  14950  36895  0  0  0  0  0  641  0  0  0  0  0  0  0  0  0  0  4  1243  0  0  5129  0  
0  0  0  0  0  0  0  0  0  0  0  0  0  0  0  0  0  0  0  0  0  0  0  0  0  0  0  0  0  0  0  0  0  0  0  0  0  0  0  0  0  0  0  0  0  0  0  0  0  0  0  0  0  0  0  0  0  0  0  0  0  0  0  0  0  0  0  0  0  0  0  0  0  0  0  0  0  0  0  0  0  0  0  0  0  1  0  0  2  0  1  0  9564  5  0  0  0  0  0  24052  932  24  2  0  0  0  0  1079  19  16  8  4  0  0  63  0  9  10  19  0  0  99  13  0  0  1  0  0  631  19547  0  1255  1197  0  0  0  0  0  73  0  230  1  1  0  0  1  25656  0  0  0  0  0  0  0  3  0  19  10  1  0  
0  0  0  0  0  0  0  0  0  0  0  0  0  0  0  0  0  0  0  0  0  0  0  0  0  0  0  0  0  0  0  0  0  0  0  0  0  0  0  0  0  0  0  0  0  0  0  0  0  0  0  0  0  0  0  0  0  0  0  0  0  0  0  0  0  0  0  0  0  0  0  0  0  0  0  0  0  12178  0  0  0  0  0  0  3  94  0  13  7  0  3  0  10  5  0  0  0  0  18725  0  1  7659  95  0  0  0  374  3669  0  16984  0  0  0  2  9874  0  0  2  3949  0  0  34  1505  0  0  66  7  14  967  4904  0  27  0  0  0  0  0  0  111  0  15259  62  28  0  0  0  3102  619  0  0  0  0  0  0  0  3  0  0  36  1  
0  0  7  0  0  0  0  0  0  1  0  0  0  0  0  0  0  0  0  0  0  0  0  0  0  0  0  0  0  5  0  0  0  0  0  0  0  0  0  0  0  0  0  0  0  0  0  0  0  0  0  0  0  0  0  0  0  0  0  0  0  0  0  0  0  0  0  0  0  0  0  0  0  0  0  0  7574  0  0  0  0  7  3  5  1  0  0  1  0  18  1  0  6  8761  0  0  0  0  2810  4  0  2329  121  15141  0  0  0  1  0  0  0  0  0  0  57  0  0  6  1003  823  0  6  25  0  0  2  0  0  0  25230  0  58  0  0  0  0  0  0  2619  1  14043  1  5  0  97  0  2  0  0  0  0  0  0  0  0  4  0  3  260  1  
0  0  0  0  0  0  0  0  0  0  0  0  0  0  0  0  0  0  0  0  0  0  0  0  0  0  0  0  0  0  0  0  0  0  0  0  0  0  0  0  0  0  0  0  0  0  0  0  0  0  0  0  0  0  0  0  0  0  0  0  0  0  0  0  0  0  0  0  0  0  0  0  0  0  0  0  6064  7834  0  0  0  0  0  2  0  9  0  0  4  7  0  1  0  0  0  0  0  0  11  6669  1357  0  2098  34  0  0  0  0  0  0  0  0  0  0  57  0  0  18  37568  502  0  1  229  0  0  6  0  2  0  89  0  0  0  0  0  0  0  0  25  1  38789  4  47  0  1  0  0  0  0  0  0  0  0  0  3  13  0  13  2231  6  
0  0  1  0  0  0  0  0  0  0  0  0  0  0  0  0  0  0  0  0  0  0  0  0  0  0  0  0  0  0  0  0  0  0  0  0  0  0  0  0  0  0  0  0  0  0  0  0  0  0  0  0  0  0  0  0  0  0  0  0  0  0  0  0  0  0  0  0  0  0  0  0  0  0  0  0  4274  7288  0  0  0  981  1  0  0  3014  0  1  4652  6312  0  4  0  0  0  0  0  0  0  4  14  3026  0  1  0  0  0  0  0  0  0  0  0  0  2  0  0  0  49919  803  0  0  335  0  0  101  0  307  0  0  0  0  0  0  0  0  0  0  0  0  219  20948  19004  0  0  0  0  0  0  0  0  0  0  0  63  137  0  8  6399  681  
0  0  76  0  0  0  0  0  223  164  221  0  0  0  0  0  0  0  0  30  0  4  0  0  0  0  732  0  0  6380  0  0  0  0  0  0  0  0  0  0  0  0  0  33  0  3  0  0  0  0  0  0  0  0  0  0  0  0  0  0  0  0  0  0  61  0  0  0  0  0  181  0  0  0  0  0  7569  0  0  0  0  6  6355  5633  2594  0  0  0  0  4  4  0  0  1065  0  62  0  0  0  0  26512  27  234  0  0  0  0  0  0  0  0  0  0  0  89  0  0  1401  656  13094  0  1  0  0  0  0  0  3  0  14  0  0  0  0  0  0  0  0  29222  261  370  0  3  0  18222  0  0  0  0  7  0  0  0  0  4  174  0  10  839  5  
7  0  0  0  39  14  0  0  0  0  0  0  0  0  0  157  0  0  0  0  0  0  0  196  0  0  0  0  0  0  8427  188  0  0  0  0  0  0  0  0  0  0  0  0  0  0  0  0  0  0  0  0  0  0  0  0  0  0  0  0  0  0  0  32  0  0  0  0  0  285  0  0  0  0  3943  0  0  0  3098  1488  0  0  0  0  0  0  0  0  0  1991  0  0  0  0  0  0  0  8578  0  0  0  0  0  0  0  1860  0  0  0  0  0  0  0  0  0  0  0  0  0  0  8  0  0  0  0  0  15  0  0  0  0  0  0  0  0  0  8959  514  0  0  0  0  0  12509  0  0  0  0  0  4  0  0  0  0  0  63  0  0  19  0  
0  0  0  0  0  11  0  0  0  0  0  0  0  0  0  0  0  0  0  0  0  0  0  0  0  0  0  0  0  0  59  141  0  0  0  0  0  0  0  0  0  0  0  0  0  0  0  0  0  0  0  0  0  0  0  0  0  0  0  0  0  0  0  0  0  11  0  0  0  107  0  0  0  0  3  0  0  0  3  1899  1  1  0  0  0  0  0  0  0  0  0  6  0  0  0  0  0  2  0  0  0  0  0  0  2788  0  0  0  0  0  0  0  0  0  0  0  0  0  0  0  0  0  0  0  0  0  0  0  0  0  0  0  0  0  0  0  0  1  0  71  0  0  0  2358  0  0  0  0  0  26  0  0  0  1  0  1586  0  1  286  225  
0  0  0  0  0  0  0  0  0  0  0  0  0  0  0  0  0  0  0  0  0  0  0  0  0  0  0  0  0  0  0  0  0  0  0  0  0  0  0  0  0  0  0  0  0  0  0  0  0  0  0  0  0  0  0  0  0  0  0  0  0  0  0  0  0  0  0  0  0  0  0  0  0  0  0  0  0  851  0  0  0  0  0  0  0  12  0  0  0  0  1347  117  0  0  0  0  0  0  0  478  3  0  0  0  0  0  0  8606  1399  98  0  0  0  0  2858  0  1  0  0  0  0  13774  33  0  0  0  0  0  0  7  0  0  0  0  0  0  0  0  0  0  0  0  0  0  0  0  545  6182  0  0  0  0  0  0  0  0  0  0  8  0  
0  0  0  0  0  0  0  0  0  0  0  0  0  0  0  0  0  0  0  0  0  0  0  0  0  0  0  0  0  0  0  0  0  0  0  0  0  0  0  0  0  0  0  0  0  0  0  0  0  0  0  0  0  0  0  0  0  0  0  0  0  0  0  0  0  0  0  0  0  0  0  0  0  0  0  30  0  1915  0  0  0  0  0  0  0  228  13  3  0  0  594  542  39  0  16  0  0  35  1018  10623  0  0  1  0  0  0  10513  0  23976  11733  25  4164  0  0  1746  0  5340  7  1  0  2  10103  2  3  0  0  0  0  0  5  2  1  127  5  55  0  0  0  2  0  0  0  0  0  0  0  33341  6197  0  0  0  0  0  0  32  0  16  1  1  0  
0  0  0  0  0  0  0  0  0  0  0  0  0  0  0  0  0  0  0  0  0  0  0  0  0  0  0  0  0  0  0  0  0  0  0  0  0  0  0  0  0  0  0  0  0  0  0  0  0  0  0  0  0  0  0  0  0  0  0  0  0  0  0  0  0  0  0  0  0  0  0  0  0  0  0  2  0  80  0  0  0  0  0  0  0  141  4  0  0  0  1184  10456  4  0  1  0  1768  31  0  0  0  0  0  0  0  0  1166  21224  0  0  2  5  0  0  0  0  12250  3  0  0  22  14747  5  2  0  0  0  0  0  0  0  0  10  0  1  0  0  0  0  0  0  0  0  0  0  0  141  3  0  0  0  0  0  0  4496  0  2  0  5  0  
0  0  0  0  0  0  0  0  0  0  0  0  0  0  0  0  0  0  0  0  0  0  0  0  0  0  0  0  0  0  0  0  0  0  0  0  0  0  0  0  0  0  0  0  0  0  0  0  0  0  0  0  0  0  0  0  0  0  0  0  0  0  0  0  0  0  0  0  0  0  0  0  0  0  0  0  0  69  0  0  0  0  0  0  0  1  0  1  0  0  0  0  1  1  0  0  0  0  33  19882  0  6  3  1  0  0  224  10654  1  0  0  8  0  0  9324  0  0  0  45  0  0  18  4  0  0  3  0  0  3  80  0  3  0  0  0  0  0  0  9  0  821  2  2  0  0  0  51  10033  0  0  0  0  0  0  0  0  0  0  1  0  
0  0  0  0  0  0  0  0  0  0  0  0  0  0  0  0  0  0  0  0  0  0  0  0  0  0  0  0  0  0  0  0  0  0  0  0  0  0  0  0  0  0  0  0  0  0  0  0  0  0  0  0  0  0  0  0  0  0  0  0  0  0  0  0  0  0  0  0  0  0  0  0  0  0  0  1615  0  0  0  0  0  0  0  0  0  0  0  0  0  0  18  0  47  0  3037  2  2  0  65  0  0  0  0  0  0  0  1  15  4  0  0  18847  0  0  0  0  6649  26  0  0  0  17  0  11815  1  0  0  0  0  0  1  1  5583  19294  280  0  0  0  1  0  0  0  0  0  0  19416  2674  0  0  0  0  0  0  0  12  0  52  0  0  0  
0  0  0  0  0  0  0  0  0  0  0  0  0  0  0  0  0  0  0  0  0  0  0  0  0  0  0  0  0  0  0  0  0  0  0  0  0  0  0  0  0  0  0  0  0  0  0  0  0  0  0  0  0  0  0  0  0  0  0  0  0  0  0  0  0  0  0  0  0  0  0  0  0  0  0  250  0  0  0  0  0  0  0  0  0  0  0  0  0  0  55  3  134  0  31  2  0  0  33  5  0  0  0  0  0  0  0  5814  48  20  25879  0  0  0  0  0  5211  82  0  0  0  72  0  215  0  0  0  0  0  0  1  0  5694  303  437  0  0  0  2  0  0  0  0  0  0  17705  53658  0  0  0  0  0  0  0  0  0  44  0  0  0  
0  0  0  0  0  0  0  0  0  0  0  0  0  0  0  0  0  0  0  0  0  0  0  0  0  0  0  0  0  0  0  0  0  0  0  0  0  0  0  0  0  0  0  0  0  0  0  0  0  0  0  0  0  0  0  0  0  0  0  0  0  0  0  0  0  0  0  0  0  0  0  0  0  0  122  0  0  0  21  3  0  0  0  0  0  36  7934  7504  7  1  0  9  0  0  0  0  0  1493  0  0  0  0  0  0  0  0  0  0  0  0  0  0  0  55  0  0  0  0  0  0  1291  0  5425  0  0  36  6  0  0  0  0  0  0  0  0  88  0  378  0  0  0  1  0  0  0  0  0  0  0  0  0  0  0  0  0  8  0  0  568  0  
0  0  0  0  0  0  0  0  0  0  0  0  0  0  0  0  0  0  0  0  0  0  0  0  0  0  0  0  0  0  0  0  0  0  0  0  0  0  0  0  0  0  0  0  0  0  0  0  0  0  0  0  0  0  0  0  0  0  0  0  0  0  0  0  0  0  0  0  0  0  0  0  0  0  1  0  0  0  0  0  0  0  0  0  0  5040  1  9379  21  1  0  0  0  0  0  0  0  0  0  0  0  0  0  0  0  0  0  0  0  0  0  0  75  0  0  0  0  0  1  0  0  0  2172  0  0  199  21  1  0  0  0  0  0  0  0  0  0  0  0  0  0  9  0  0  0  0  0  0  0  0  0  0  0  0  0  4  0  0  33  1  
0  0  0  0  0  0  0  0  0  0  0  0  0  0  0  0  0  0  0  0  0  0  0  0  0  0  0  0  0  0  0  0  0  0  0  0  0  0  0  0  0  0  0  0  0  0  0  0  0  0  0  0  0  0  0  0  0  0  0  0  0  0  0  0  0  0  0  0  0  0  0  0  0  0  0  0  0  2805  0  0  0  0  1  2  1  7  0  3  2  0  2231  3  17  4  0  0  0  0  149  14636  572  558  17  5  0  0  3136  654  0  7791  0  0  0  0  0  0  0  2  240  0  0  5273  6272  0  0  15  0  0  5  1236  0  29  0  0  0  0  0  0  204  0  3185  20  15  0  44  0  733  1956  0  0  0  0  0  0  0  2  0  6  2896  0  
0  0  0  0  0  0  0  0  0  0  53  0  0  0  0  0  0  0  0  0  4  173  0  0  0  0  0  0  0  0  0  0  0  0  0  0  0  0  0  0  0  10  0  31  0  0  0  0  0  0  0  0  0  0  0  0  0  0  0  0  0  0  0  0  0  0  0  0  0  0  0  0  0  0  0  12172  0  0  0  0  0  0  0  0  9621  0  0  0  0  0  0  0  5365  7680  3  9373  0  0  0  0  0  0  0  0  0  0  0  0  0  0  0  0  0  0  0  0  0  7637  0  0  0  0  0  0  107  0  0  0  0  0  6523  598  1  0  11  0  0  0  1  0  0  0  0  0  0  0  0  0  0  0  0  0  0  0  0  0  0  0  0  0  
0  0  0  0  0  0  0  0  0  0  0  0  0  0  0  0  0  0  0  0  0  0  0  0  0  0  0  0  0  0  0  0  0  0  0  0  0  0  0  0  0  0  0  0  0  0  0  0  0  0  0  0  0  0  0  0  0  0  0  0  0  0  0  0  0  0  0  0  0  0  0  0  0  0  0  20  0  0  0  0  0  0  0  0  0  0  0  0  0  0  266  50  17  0  11  1  12694  1  0  0  0  0  0  0  0  0  0  4547  9392  0  6431  5880  0  0  0  0  0  0  0  0  0  79  0  3983  0  0  0  0  0  0  0  0  30  1  14  0  0  0  0  0  0  0  0  0  0  1117  168  0  0  0  0  0  0  0  2184  0  34  1  2  0  
0  0  0  0  0  0  0  0  0  1633  51  0  0  0  0  0  0  0  0  0  0  53  0  0  0  0  0  0  0  1  0  0  0  0  0  0  0  0  0  0  0  0  0  19  0  0  0  0  0  0  0  0  0  0  0  0  0  0  0  0  0  0  0  0  0  0  0  0  0  0  0  0  0  0  0  275  0  0  0  0  0  1  5  11071  17474  0  0  0  0  0  4  0  1534  3527  3  23658  1180  0  16  1  34  5  2  1173  0  0  0  0  0  0  3  0  0  0  3  8355  0  0  26  6  0  34  0  0  30  0  0  0  0  278  559  2759  278  3  880  0  0  0  13088  38  34  0  0  0  8  0  1454  0  0  0  0  425  0  0  0  133  1293  322  253  1  
0  0  0  0  0  0  0  0  0  0  0  0  0  0  0  0  0  0  0  0  0  0  0  0  0  0  0  0  0  0  0  0  0  0  0  0  0  0  0  0  0  0  0  0  0  0  0  0  0  0  0  0  0  0  0  0  0  0  0  0  0  0  0  0  0  0  0  0  0  0  0  0  0  0  0  0  7514  3330  0  0  0  621  1  0  0  453  0  24  139  1340  0  2  0  1  0  0  0  0  2  5031  1221  43724  52519  146  0  0  0  0  0  0  0  0  0  5  46  0  0  22  0  2763  1  1  2097  0  0  139  6  147  0  38  0  3  0  0  0  0  0  0  34  0  22371  5184  4812  0  7  0  2  0  0  0  0  0  0  0  31  129  0  19  4700  131  
0  0  16  0  0  0  0  3  5  0  0  0  0  0  0  3  0  0  0  0  0  0  0  0  0  0  0  0  0  0  0  0  0  0  0  0  0  0  0  0  0  0  0  0  0  0  0  0  0  0  0  0  0  0  0  0  0  0  0  0  0  0  0  0  0  0  0  0  0  0  0  0  0  0  0  0  7847  0  0  1  11  10402  3280  2  0  0  0  0  1  2769  0  2  0  0  0  0  0  0  0  0  4789  771  3141  11652  0  0  0  0  0  0  0  0  0  0  13  0  0  54  5393  0  0  0  1  0  0  0  2  11  0  0  0  0  0  0  0  0  0  0  57  82  1419  0  491  0  1099  0  0  0  0  3  0  0  0  0  26  232  0  44  2380  146  
0  0  0  0  0  0  0  0  0  0  0  0  0  0  0  0  0  0  0  0  0  0  0  0  0  0  0  0  0  0  0  0  0  0  0  0  0  0  0  0  0  0  0  0  0  0  0  0  0  0  0  0  0  0  0  0  0  0  0  0  0  0  0  0  0  0  0  0  0  0  0  0  0  0  157  0  0  0  21  13  0  0  0  0  0  161  2669  195  11  0  2  10579  0  0  0  0  1  10492  0  0  0  0  0  0  4  0  0  20  26  0  0  0  1069  0  0  0  1  0  0  0  0  0  2531  0  0  19  4  0  0  0  0  0  0  0  0  76  13  1589  0  0  0  3  0  0  0  0  0  0  0  0  0  0  0  0  0  25  0  0  14435  19  
0  0  0  0  0  0  0  0  0  0  0  0  0  0  0  0  0  0  0  0  0  0  0  0  0  0  0  0  0  0  0  0  0  0  0  0  0  0  0  0  0  0  0  0  0  0  0  0  0  0  0  0  0  0  0  0  0  0  0  0  0  0  0  0  0  0  0  0  0  0  0  0  0  0  0  86  0  27  0  0  0  0  0  41  0  7  1  0  0  0  26807  6104  88  2  14  0  2  3  1  40  231  0  0  1  0  0  10190  10112  14336  1  54  85  0  0  4851  0  171  67  1  0  9  0  42  12  0  0  0  0  0  518  4  1  220  14  83  0  0  0  45  0  7  1  0  0  2  0  16581  37  0  0  0  0  0  0  186  1  27  1138  6208  0  
0  0  0  0  0  0  0  0  0  0  0  0  0  0  0  0  0  0  0  0  0  0  0  0  0  0  0  0  0  0  0  0  0  0  0  0  0  0  0  0  0  0  0  0  0  0  0  0  0  0  0  0  0  0  0  0  0  0  0  0  0  0  0  0  0  0  0  0  0  0  0  0  0  0  79  0  0  10626  27  9  8  5  3  0  0  13114  351  2232  467  30  5147  11091  2  1  0  0  0  19  8  1277  17  8233  1465  0  0  0  101  19  69  2  0  0  6497  1321  5826  0  0  0  6096  5  2253  32  0  0  0  1693  801  427  0  94  0  6  0  0  0  56  0  12  17  0  1405  2752  320  0  0  0  5  0  0  0  0  0  0  0  0  179  0  0  31106  13  
0  0  0  0  0  0  0  0  0  0  0  0  0  0  0  0  0  0  0  0  0  0  0  0  0  0  0  0  0  0  0  0  0  0  0  0  0  0  0  0  0  0  0  0  0  0  0  0  0  0  0  0  0  0  0  0  0  0  0  0  0  0  0  0  0  0  0  0  0  0  0  0  0  0  0  186  0  0  0  0  0  0  0  1  0  0  0  0  0  0  18  1  50  0  10223  3  5895  0  1  0  0  0  0  0  0  0  0  4  4  0  11618  648  0  0  0  0  4053  3  0  0  0  18  0  0  0  0  0  0  0  0  7  0  69  1236  1054  0  0  0  1  0  0  0  0  0  0  1300  47  0  0  0  0  0  0  0  98  0  925  0  0  0  
0  0  0  0  0  0  0  0  0  0  0  0  0  0  0  0  0  0  0  0  0  4  0  0  0  0  0  0  0  0  0  0  0  0  0  0  0  0  0  0  0  0  0  0  0  0  0  0  0  0  0  0  0  0  0  0  0  0  0  0  1  0  0  0  0  0  0  0  0  0  0  0  0  0  0  4097  0  0  0  0  0  0  0  0  0  0  0  0  0  0  0  0  7  0  4542  6047  0  0  0  0  0  0  0  0  0  0  0  0  0  0  1  0  0  0  0  221  0  57  0  0  0  0  0  1  0  0  0  0  0  0  6  0  4  0  5434  0  0  0  0  0  0  0  0  0  0  0  2  0  0  0  0  0  0  0  0  0  1  0  0  0  
0  0  0  0  0  0  0  0  0  0  0  0  0  0  0  0  0  0  0  0  0  0  0  0  0  0  0  0  0  0  0  0  0  0  0  0  0  0  0  0  0  0  0  0  0  0  0  0  0  0  0  0  0  0  0  0  0  0  0  0  0  0  0  0  0  0  0  0  0  0  0  0  0  0  37  0  0  0  14  7  3  7  1  0  0  10531  3  16916  52032  10  0  0  0  0  0  0  0  10  0  0  0  10  157  0  0  0  0  0  0  0  0  0  25  35  0  0  0  0  13  5  12  0  552  0  0  0  4446  2335  0  0  0  0  0  0  0  1341  0  1  1  0  1  10137  3  0  0  0  0  0  0  0  0  0  0  0  0  321  0  0  2590  44  
0  0  0  0  0  0  0  0  0  0  0  0  0  0  0  0  0  0  0  0  0  0  0  0  0  0  0  0  0  0  0  0  0  0  0  0  0  0  0  0  0  0  0  0  0  0  0  0  0  0  0  0  0  0  0  0  0  0  0  0  0  0  0  0  0  0  0  0  0  0  0  0  0  0  2749  0  0  0  6929  7712  147  41  19  0  0  14  2  325  41802  1149  0  0  0  0  0  0  0  6  0  0  0  0  0  0  33  0  0  0  0  0  0  0  4  0  0  0  0  0  1  33  1  0  13  0  0  2945  0  8678  0  0  0  0  0  0  0  37  10  14  0  0  0  19  3  3  0  0  0  0  0  0  0  0  0  0  0  2485  0  0  5623  119  
0  0  0  0  0  0  0  0  0  0  0  0  0  0  0  0  0  0  0  0  0  0  0  0  0  0  0  0  0  0  0  0  0  0  0  0  0  0  0  0  0  0  0  0  0  0  0  0  0  0  0  0  0  0  0  0  0  0  0  0  0  0  0  0  0  0  0  0  0  0  0  0  0  0  1  0  0  1  12  2967  11991  3177  148  0  0  2  0  0  33575  55184  0  0  0  0  0  0  0  0  0  1  0  4  138  3  1  0  0  0  0  0  0  0  0  0  0  0  0  0  352  316  1  0  21  0  0  1872  8407  0  0  0  0  0  0  0  0  0  0  0  0  1  3  1706  8570  0  5  0  0  0  0  0  0  0  0  0  0  685  0  0  1876  48  
0  0  0  0  0  0  0  0  0  0  0  0  0  0  0  0  0  0  0  0  0  0  0  0  0  0  0  0  0  0  0  0  0  0  0  0  0  0  0  0  0  0  0  0  0  0  0  0  0  0  0  0  0  0  0  0  0  0  0  0  0  0  0  0  0  0  0  0  0  0  0  0  0  0  0  0  0  0  0  0  0  0  0  0  0  0  0  0  0  0  0  0  0  0  0  0  0  0  666  1346  0  0  0  0  0  0  0  0  0  0  0  0  0  0  2  0  0  0  0  0  0  0  1  0  0  0  0  0  0  9  0  0  0  0  0  0  0  0  4  0  2  0  0  0  0  0  339  0  0  0  0  0  0  0  0  0  0  0  0  0  
0  0  0  0  0  0  0  0  0  0  0  0  0  0  0  0  0  0  0  0  0  0  0  0  0  0  0  0  0  0  0  0  0  0  0  0  0  0  0  0  0  0  0  0  0  0  0  0  0  0  0  0  0  0  0  0  0  0  0  0  0  0  0  0  0  0  0  0  0  0  0  0  0  0  0  0  0  25  0  0  0  0  6  0  587  13  0  2  4  1  6  0  1674  10908  0  1  0  0  26876  3541  42112  559  11  14  0  0  0  2  0  28  1  0  0  0  580  0  1  54  407  1  0  123  275  0  0  16  1  3  25  0  0  9448  2  0  1  0  0  0  10326  0  15101  26  11  0  57  0  2652  0  0  0  0  0  0  0  4  4  13  4  58  0  
0  0  0  0  0  0  0  0  0  0  0  0  0  0  0  0  0  0  0  0  0  0  0  0  0  0  0  0  0  0  0  0  0  0  0  0  0  0  0  0  0  0  0  0  0  0  0  0  0  0  0  0  0  0  0  0  0  0  0  0  0  0  0  0  0  0  0  0  0  0  0  0  0  0  0  6265  0  0  0  0  0  0  0  0  108  0  0  0  0  0  0  0  23910  833  35  308  0  0  1  0  0  0  0  0  0  0  0  0  0  0  1  1  0  0  0  8763  0  1416  0  0  0  1  0  1  15  0  0  0  0  0  0  221  120  10  332  0  0  0  4  0  0  0  0  0  0  0  24  0  0  0  0  0  0  0  0  0  2  0  0  0  
0  0  0  0  0  0  0  0  0  0  0  0  0  0  0  0  0  0  0  0  0  0  0  0  0  0  0  0  0  0  0  0  0  0  0  0  0  0  0  0  0  0  0  0  0  0  0  0  0  0  0  0  0  0  0  0  0  0  0  0  0  0  0  0  0  0  0  0  0  0  0  0  0  0  0  25  0  0  0  0  0  0  0  0  1230  0  0  0  0  0  0  0  14114  19039  0  16  0  0  1460  1  25  0  0  0  0  0  0  0  0  0  1  0  0  0  0  327  0  2747  0  0  0  2  0  0  0  0  0  0  0  9877  173  0  8  3  0  0  0  0  6611  0  3  0  0  0  0  0  1528  0  0  0  0  0  0  0  0  0  0  0  0  0  
0  0  0  0  0  0  0  0  0  0  0  0  0  0  0  0  0  0  0  0  0  0  0  0  0  0  0  0  0  0  0  0  0  0  0  0  0  0  0  0  0  0  0  0  0  0  0  0  0  0  0  0  0  0  0  0  0  0  0  0  0  0  0  0  0  0  0  0  0  0  0  0  0  0  0  4096  0  0  0  0  0  0  0  1  5  0  0  0  0  0  1  0  6066  0  48  49  0  0  3125  0  0  0  0  0  0  0  0  60  37  0  7294  4642  0  0  0  4  8  612  0  0  0  12  0  14  1  0  0  0  0  1  5  1  0  1870  1674  0  0  0  4  0  0  0  0  0  0  1000  7526  0  0  0  0  0  0  0  0  0  45  0  0  0  
0  0  0  0  0  0  0  0  0  0  0  0  0  0  0  0  0  0  0  0  0  0  0  0  0  0  0  0  0  0  0  0  0  0  0  0  0  0  0  0  0  0  0  0  0  0  0  0  0  0  0  0  0  0  0  0  0  0  0  0  0  0  0  0  0  0  0  0  0  0  0  0  0  0  0  7421  0  0  0  0  0  0  0  0  0  0  0  0  0  0  5  0  189  0  13669  2  0  0  0  0  0  0  0  0  0  0  0  20  4  0  16265  1371  0  0  0  0  47  25  0  0  0  12  0  1309  0  0  0  0  0  0  8  1  1171  0  367  0  0  0  0  0  0  0  0  0  0  614  133  0  0  0  0  0  0  0  0  0  3  0  0  0  
0  0  0  0  0  0  0  0  0  0  0  0  0  0  0  0  0  0  0  0  0  1  0  0  0  0  0  0  0  0  0  0  0  0  0  0  0  0  0  0  0  0  0  0  0  0  0  0  0  0  0  0  0  0  0  0  0  0  0  0  0  0  0  0  0  0  0  0  0  0  0  0  0  0  0  1656  0  0  0  0  0  0  0  285  28  0  0  0  0  0  0  0  631  0  28901  13059  13100  0  19  0  0  0  0  0  0  0  0  23  5  0  45  14  0  0  0  94  27  1730  0  0  0  8  0  1140  5568  0  0  0  0  18  78  9  1438  67  0  0  0  0  50  0  0  0  0  0  0  3  1043  0  0  0  0  0  0  0  0  0  2046  1  0  0  
0  0  0  0  0  0  0  0  0  0  0  0  0  0  0  0  0  0  0  0  0  0  0  0  0  0  0  0  0  0  0  0  0  0  0  0  0  0  0  0  0  0  0  0  0  0  0  0  0  0  0  0  0  0  0  0  0  0  0  0  0  0  0  0  0  0  0  0  0  0  0  0  0  0  417  0  0  0  1  7  0  0  0  0  0  0  752  4587  6168  0  0  0  0  0  0  0  0  4755  0  0  0  0  0  0  1  0  0  0  0  0  0  0  7  0  0  0  0  0  0  0  17  0  4  0  0  1039  32  0  0  0  0  0  0  0  0  0  0  130  0  0  0  0  0  0  0  0  0  0  0  0  0  0  0  0  0  7  0  0  98  0  
0  0  0  0  0  0  0  0  0  0  0  0  0  0  0  0  0  0  0  0  0  0  0  0  0  0  0  0  0  0  0  0  0  0  0  0  0  0  0  0  0  0  0  0  0  0  0  0  0  0  0  0  0  0  0  0  0  0  0  0  0  0  0  0  0  0  0  0  0  0  0  0  0  0  58  0  0  0  42  381  0  0  0  0  0  0  8  0  0  0  0  11  0  0  0  0  12  15225  0  0  0  0  0  0  11928  0  0  0  1  0  0  0  0  0  0  0  0  0  0  0  101  0  0  0  0  0  12  0  0  0  0  0  0  0  0  0  0  2869  0  0  0  0  0  1690  0  0  0  0  0  0  0  0  0  0  1  128  0  0  123  0  
0  0  0  0  0  0  0  0  0  0  0  0  0  0  0  0  0  0  0  0  0  0  0  0  0  0  0  0  0  0  0  0  0  0  0  0  0  0  0  0  0  0  0  0  0  0  0  0  0  0  0  0  0  0  0  0  0  0  0  0  0  0  0  0  0  0  0  0  0  0  0  0  0  0  3535  0  0  0  165  294  1  0  0  0  0  0  2999  1081  1  14  0  1  0  0  0  0  0  38489  0  0  0  0  0  0  912  0  0  0  0  0  0  0  585  0  0  0  0  0  0  0  1356  0  9  0  0  5  8  0  0  0  0  0  0  0  0  616  1204  0  0  0  0  0  0  888  0  0  0  0  0  0  0  0  0  0  0  3742  0  0  7749  0  
0  0  0  0  0  0  0  0  0  1  1  0  0  0  0  0  0  0  0  5  0  3  0  0  0  0  0  0  0  30  0  0  0  0  0  0  0  0  0  0  0  0  0  0  0  0  0  0  0  0  0  0  0  0  0  0  0  0  0  0  0  0  0  0  0  0  0  0  0  0  0  0  0  0  0  0  0  1  0  0  0  0  73  312  18812  0  0  0  0  0  6  1  245  10217  0  158  0  0  194  67  3460  33  4  27115  0  0  0  0  0  1  0  0  0  0  56  4  0  12336  44  5  0  39  16  2  0  3  0  1  1  4984  44  2274  1  0  37  0  0  0  0  0  257  5  2  0  193  0  208  0  0  0  0  0  0  0  2  36  39  1  116  0  
0  0  0  0  0  1212  259  323  7  31  0  0  0  0  0  0  0  0  0  0  0  0  0  0  0  0  0  0  0  0  0  1  0  0  0  0  0  0  0  0  0  0  0  0  0  0  0  0  0  0  0  0  0  0  0  0  0  0  0  0  0  0  0  0  0  2662  0  0  0  0  0  0  0  0  2  0  0  0  0  14403  7198  6872  5563  1624  0  0  0  0  2  4  2  1  0  0  0  0  0  0  0  0  2  3  0  528  0  76  0  0  0  0  0  0  0  0  0  0  0  193  6  190  0  0  0  0  0  0  1  6  0  0  0  0  0  0  0  0  0  2  21  0  18  0  0  0  62  0  0  0  0  5272  0  6  142  0  14  27002  0  260  576  11  
0  0  0  0  0  0  0  0  0  0  0  0  0  0  0  0  0  0  0  0  0  0  0  0  0  0  0  0  0  0  0  0  0  0  0  0  0  0  0  0  0  0  0  0  0  0  0  0  0  0  0  0  0  0  0  0  0  0  0  0  0  0  0  0  0  0  0  0  0  0  0  0  0  0  0  0  527  26  0  0  0  3  8  5  0  28  0  8  16  1  4  0  0  20  0  0  0  0  236  17159  22651  33680  199  268  0  0  0  0  0  688  0  0  0  1  2065  0  0  31  15911  422  0  3  960  0  0  57  3  12  1  12132  0  3  0  0  0  0  0  0  369  4  0  84  120  0  158  0  40  0  0  0  0  0  0  0  6  25  0  12  5290  4  
0  0  0  0  0  0  0  0  0  0  0  0  0  0  0  0  0  0  0  0  0  0  0  0  0  0  0  0  0  0  0  0  0  0  0  0  0  0  0  0  0  0  0  0  0  0  0  0  0  0  0  0  0  0  0  0  0  0  0  0  0  0  0  0  0  0  0  0  0  0  0  0  0  0  0  0  0  923  2  3  1  2  0  0  0  10456  0  30  11404  4  0  3  0  0  0  0  0  0  0  16  1  229  19996  0  0  0  0  0  0  0  0  0  1  3  1  0  0  0  13797  0  10  0  2287  0  0  10998  109  1684  0  3  0  0  0  0  0  0  0  0  1  0  97  0  736  0  1  0  0  0  0  0  0  0  0  0  0  77  0  1  2474  19  
0  0  0  0  0  0  0  0  0  0  0  0  0  0  0  0  0  0  0  0  0  0  0  0  0  0  0  0  0  0  0  0  0  0  0  0  0  0  0  0  0  0  0  0  0  0  0  0  0  0  0  0  0  0  0  0  0  0  0  0  0  0  0  0  0  0  0  0  0  0  0  0  0  0  0  0  51  1  0  0  1  2692  12  0  0  3  0  1  6116  14715  0  0  0  0  0  0  0  0  0  1  1  163  21481  1  0  0  0  0  0  0  0  0  0  0  1  0  0  0  5186  192  0  0  85  0  0  18  2  7976  0  2  0  0  0  0  0  0  0  0  1  0  66  736  0  0  3  0  0  0  0  0  0  0  0  0  13  183  0  22  4905  793  
0  0  0  0  0  79  0  0  0  0  0  0  0  0  0  25  0  0  0  0  0  0  0  0  0  0  0  0  0  0  307  106  0  0  0  0  0  0  0  0  0  0  0  0  0  0  0  0  0  0  0  0  0  0  0  0  0  0  0  0  0  0  0  0  0  59  0  0  0  356  0  0  0  0  788  0  0  0  879  10363  0  0  0  0  0  0  0  0  2  1787  0  1  0  0  0  0  0  405  0  0  0  0  0  0  13468  1754  0  0  0  0  0  0  0  0  0  0  0  0  0  0  0  0  0  0  0  0  15  0  0  0  0  0  0  0  0  0  1166  1110  0  0  0  0  0  0  0  0  0  0  0  5  0  0  0  0  0  11  0  0  5  0  
0  0  2  0  0  0  0  4  251  29  0  0  0  0  0  0  0  0  0  0  0  0  0  0  0  0  0  0  0  207  0  0  0  0  0  0  0  0  0  0  0  0  0  0  0  0  0  0  0  0  0  0  0  0  0  0  0  0  0  0  0  0  0  0  0  0  0  0  0  0  20  0  0  0  0  0  1  0  0  0  0  5  10455  25  0  0  0  0  1  0  45  0  0  2  0  0  0  0  0  0  1860  8  3  18386  0  0  0  0  0  0  0  0  0  0  367  0  0  31  16  2224  0  2  0  0  0  0  1  3  0  40  0  0  0  0  0  0  0  0  682  47  302  0  2  0  0  0  0  0  0  0  0  0  0  0  4  103  0  8  2173  6  
0  0  0  0  0  0  0  0  0  0  0  0  0  0  0  0  0  0  0  0  0  0  0  0  0  0  0  0  0  0  0  0  0  0  0  0  0  0  0  0  0  0  0  0  0  0  0  0  0  0  0  0  0  0  0  0  0  0  0  0  0  0  0  0  0  0  0  0  0  0  0  0  0  0  0  85  0  0  0  0  0  0  0  0  0  0  0  0  0  0  1  0  51  0  22  0  0  0  48  0  0  0  0  0  0  0  0  0  1  0  23169  18944  0  0  0  0  2156  3  0  0  0  1  0  410  0  0  0  0  0  0  1  0  1515  66  41  0  0  0  0  0  0  0  0  0  0  0  421  0  0  0  0  0  0  0  0  0  5  0  0  0  
0  0  0  0  0  0  0  0  0  0  0  0  0  0  0  0  0  0  0  0  0  0  0  0  0  0  0  0  0  0  0  0  0  0  0  0  0  0  0  0  0  0  0  0  0  0  0  0  0  0  0  0  0  0  0  0  0  0  0  0  0  0  0  0  0  0  0  0  0  0  0  0  0  0  0  323  0  78  0  0  0  0  0  1  223  1  0  2  0  0  429  13  9434  3  44  10  0  0  28540  9538  0  21  1  0  0  0  315  36164  1294  25  1327  43654  0  0  1513  1  466  1113  22  0  0  20360  159  75  1  6  0  1  681  2417  69  2120  5595  103  587  0  0  0  679  0  30  3  2  0  0  74  0  35  0  0  0  0  0  0  20  0  401  22  10  0  
0  0  0  0  0  0  0  0  0  0  0  0  0  0  0  0  0  0  0  0  0  0  0  0  0  0  0  0  0  0  0  0  0  0  0  0  0  0  0  0  0  0  0  0  0  0  0  0  0  0  0  0  0  0  0  0  0  0  0  0  0  0  0  0  0  0  0  0  0  0  0  0  0  0  0  0  0  523  0  0  0  0  0  0  0  0  0  0  0  0  0  0  0  0  0  0  0  0  0  500  0  0  0  0  0  0  7982  4949  1  5067  0  0  0  0  1961  0  0  0  0  0  0  204  0  0  0  0  0  0  0  0  0  0  0  0  0  0  0  0  0  0  1  0  0  0  0  0  38  0  0  0  0  0  0  0  1  0  0  0  0  0  
1  0  0  0  0  4  0  0  0  0  0  0  0  0  0  0  67  7056  0  0  0  0  2648  188  0  0  0  0  0  0  0  0  0  94  2252  0  0  5  0  0  0  0  3778  0  0  0  4610  42  6  0  0  0  0  0  0  0  0  4  0  0  0  0  0  0  0  0  0  0  0  0  0  0  10  0  0  0  0  0  0  0  0  0  0  0  0  0  0  0  0  0  0  0  0  0  0  0  0  0  0  0  0  0  0  0  0  0  0  0  0  0  0  0  0  0  0  0  0  0  0  0  0  0  0  0  0  0  0  0  0  0  0  0  0  0  0  0  0  0  0  0  0  0  0  0  0  0  0  0  0  0  11282  1769  1136  50  0  0  0  15  0  0  
18  0  0  0  2  1384  44  122  98  229  0  0  0  0  1  81  0  0  0  2  0  0  0  23  0  0  40  1  140  14  39  294  0  0  0  0  0  0  0  0  1  0  0  88  5  7  0  0  1  0  0  1  0  105  0  6  0  0  0  0  0  0  40  197  11  2622  0  0  34  15  25  0  0  0  0  0  0  0  0  149  0  9  7  1  0  0  0  0  0  0  0  1  0  0  0  0  0  0  0  0  0  1  0  0  1  5  0  0  0  0  0  0  0  0  0  0  0  0  1  0  0  0  0  0  0  0  0  0  0  0  0  0  0  0  0  0  0  0  0  402  3  0  0  4  0  0  0  0  0  0  0  551  14258  3818  4  2451  3  291  73  11  
0  0  0  0  0  1  0  0  0  645  1  0  0  0  0  0  69  176  55  0  4  137  8401  0  206  3  0  0  2  0  0  0  0  3  1  25  3  31  0  0  9  0  226  1021  9  0  3  732  44  97  0  3  0  0  0  62  0  421  15  0  2425  0  0  0  32  0  1  0  0  0  1  0  364  0  0  0  0  0  0  0  0  0  0  0  0  0  0  0  0  0  0  0  0  0  0  0  0  0  0  0  0  0  0  0  0  0  0  0  0  0  0  0  0  0  0  0  0  0  0  0  0  0  0  0  0  0  0  0  0  0  0  0  0  0  0  0  0  0  0  0  0  0  0  0  0  0  0  0  4383  0  0  2070  621  0  0  0  0  0  0  0  
0  0  0  0  0  1  0  5  31  2627  0  0  0  0  0  2  0  142  0  0  2  3  2015  1  4  0  2  0  18  30  0  0  1  0  0  0  0  0  0  0  1  0  0  1712  0  1  209  159  2  0  0  0  0  3  0  1  0  8  0  0  0  0  0  0  7  5  0  0  1  0  1  0  0  0  0  0  0  0  0  0  0  1  0  328  0  0  0  0  0  0  0  2  0  0  0  0  0  0  0  0  0  0  0  0  0  0  0  0  0  0  0  0  0  0  0  0  0  21  0  0  0  0  0  0  0  0  0  0  0  0  0  0  0  0  0  0  0  0  0  1  2  0  0  0  0  0  0  0  1078  2118  1846  0  3823  5661  4  14  2  4474  46  0  
298  0  1  0  33  1078  6  101  1  4  0  0  0  1  4  81  1504  1947  2  1  0  0  2  886  0  0  64  296  1296  4  10  34  5  0  7  0  0  0  1  0  124  0  2  12  181  69  894  964  4030  0  0  38  0  234  0  6  0  19  0  0  0  1  13  422  3  39  54  12  250  4  19  0  2  0  0  0  0  0  0  2  0  0  0  0  0  0  0  0  0  0  0  0  0  0  0  0  0  0  0  0  0  0  0  0  0  0  0  0  0  0  0  0  0  0  0  0  0  0  0  0  0  0  0  0  0  0  0  0  0  0  0  0  0  0  0  0  0  0  0  2  0  0  0  0  0  0  0  0  693  11371  102  1414  0  6032  0  2  0  17  0  0  
0  0  0  0  0  0  0  4  0  1  0  0  0  0  0  0  0  177  0  0  0  0  2  26  0  0  0  0  7  0  0  0  0  0  0  0  0  0  0  0  0  0  0  1  0  0  248  0  0  0  0  0  0  5  0  0  0  0  0  0  0  0  0  0  0  0  0  0  2  0  0  0  0  0  0  0  0  0  0  0  0  0  0  0  0  0  0  0  0  0  0  0  0  0  0  0  0  0  0  0  0  0  0  0  0  0  0  0  0  0  0  0  0  0  0  0  0  0  0  0  0  0  0  0  0  0  0  0  0  0  0  0  0  0  0  0  0  0  0  0  0  0  0  0  0  0  0  0  237  8629  1  11014  18839  0  0  1  0  159  1  2  
0  0  0  0  0  0  0  0  0  0  0  0  0  0  0  0  0  0  0  0  0  0  0  0  0  0  0  0  0  0  0  0  0  0  0  0  0  0  0  0  0  0  0  0  0  0  0  0  0  0  0  0  0  0  0  0  0  0  0  0  0  0  0  0  0  0  0  0  0  0  0  0  0  0  0  0  0  0  0  2  0  0  0  0  0  0  0  0  0  0  236  8171  0  0  2  0  4297  2  1  0  0  0  2  0  0  1  0  33  3515  0  6  0  0  0  0  0  2738  0  2  0  0  47  0  48  0  0  1  0  0  0  0  0  0  0  1  0  1  0  0  0  1  0  0  0  0  0  7  0  0  0  0  3  1  0  0  1709  9147  1340  667  955  
0  0  0  0  0  33  11  6  2  1  0  0  0  0  0  0  0  0  0  0  0  0  0  0  0  0  0  0  0  0  0  3  0  0  0  0  0  0  0  0  0  0  0  0  0  0  0  0  0  0  0  0  0  0  0  0  0  0  0  0  0  0  0  0  0  91  0  0  0  1  0  0  0  0  179  0  0  0  30  2651  140  143  140  2  0  0  0  6  187  22  1  28  0  0  0  0  4  143  0  0  0  9  22  109  6  123  0  0  0  0  0  0  0  0  0  0  0  61  63  66  0  0  1  0  0  85  345  185  0  0  0  0  0  0  0  7  3  571  12  3035  13  8  25  3  25  0  0  0  0  2553  0  48  15  0  286  0  133  423  10975  5269  
0  0  0  0  0  0  0  0  0  0  0  0  0  0  0  0  0  0  0  0  0  0  0  0  0  0  0  0  0  0  0  0  0  0  0  0  0  0  0  0  0  0  0  0  0  0  0  0  0  0  0  0  0  0  0  0  0  0  0  0  0  0  0  0  0  0  0  0  0  0  0  0  0  0  0  1  0  0  0  0  0  0  0  150  89  0  0  0  0  0  1  2  71  3  426  27  8227  0  101  11  5  3  1  0  0  0  0  23  10  0  100  22  0  0  5  0  60  246  5  0  0  27  2  567  0  0  0  0  0  278  7  74  79  1  470  0  0  0  274  0  2  0  0  0  1  0  616  0  0  0  0  0  0  0  4223  270  0  2450  10  2  
0  0  0  0  0  0  3  3  0  62  0  0  0  0  0  0  0  0  0  0  0  0  0  0  0  0  0  0  0  0  1  0  0  0  0  0  0  0  0  0  0  0  0  0  0  0  1  0  0  0  0  0  0  0  0  0  0  0  0  0  0  0  0  0  0  1  0  0  0  0  0  0  0  0  0  0  0  0  0  1  0  2  3  2019  1  0  0  0  0  0  26  35  1  1  0  0  1284  0  8  0  9  6  7  4  0  0  0  0  0  0  0  0  0  0  2  0  0  73  20  1  0  154  2  0  0  1  0  3  0  57  0  3  0  0  0  0  0  0  25  25  22  0  2  0  5  0  17  0  1  916  0  3471  1  26  1622  2960  3223  0  1012  952  
0  0  0  0  0  0  0  0  0  2  0  0  0  0  0  0  0  0  0  0  0  0  0  0  0  0  0  0  0  0  0  0  0  0  0  0  0  0  0  0  0  0  0  0  0  0  0  0  0  0  0  0  0  0  0  0  0  0  0  0  0  0  0  0  0  0  0  0  0  0  0  0  0  0  114  0  0  0  31  82  6  24  2  92  0  5  53  35  231  40  3524  4152  0  0  0  0  0  503  0  0  84  736  825  13  2  3  3  0  3  0  0  0  30  1  51  0  0  2  497  6  1661  1316  4213  0  0  403  383  285  0  42  0  0  0  0  0  22  3  688  3  5  378  228  259  1  22  0  0  0  0  3  0  1  0  0  579  8720  1  734  0  7692  
0  0  0  0  0  0  0  0  0  0  0  0  0  0  0  0  0  0  0  0  0  0  0  0  0  0  0  0  0  0  0  2  0  0  0  0  0  0  0  0  0  0  0  0  0  0  0  0  0  0  0  0  0  0  0  0  0  0  0  0  0  0  0  0  0  0  0  0  0  0  0  0  0  0  0  0  0  0  0  21  2  27  4  0  0  0  0  0  16  26  0  2813  0  0  0  0  2  0  0  0  0  9  302  0  0  15  0  0  0  0  0  0  0  0  0  0  0  0  67  4  2  0  1  0  0  28  21  46  0  0  0  0  0  0  0  0  0  0  1  0  3  8  108  0  0  0  0  0  0  10  0  3  0  1  4732  15691  78  1406  18364  0  
