0  0  158118  0  5  0  500982  0  0  0  164868  0  17050  0  0  0  111980  0  64966  0  0  0  97  0  0  0  0  0  3862  0  507  0  39420  0  8875  0  565  0  1946  0  210  0  57  0  86  0  23  0  94  0  1415  0  48  0  357  0  656086  0  3706  0  6589  0  10062  0  4449  0  2702  0  114628  1  15865  126  107713  0  6241  0  2010  0  71  0  590  0  2  0  470  0  2  0  1  0  
0  0  0  214981  0  0  0  533279  0  0  0  130864  0  392  0  0  0  121635  0  109856  0  0  0  0  0  0  0  0  0  2811  0  0  3  32140  0  645  0  114  0  6  0  0  0  1  0  155  0  0  0  162  0  34  0  0  0  0  0  637635  0  13106  0  510  0  2926  0  131  0  3637  1  147851  5  8393  0  61027  0  526  0  302  0  33  0  38  0  0  0  27  0  0  0  0  
153700  0  0  3  65360  0  699318  0  865  0  4818  0  5650  0  10853  0  30  0  312644  305  24  0  536038  310  8084  6  29  0  23852  0  47411  98  41748  4  4237  0  16  0  234  0  118  0  14  0  46  0  5  0  82  0  300  0  4  0  40  0  5158  0  1372  0  602  0  784  0  1189  0  1029  0  66169  2  6422  646  56506  0  1612  0  997  2  3  0  17  0  0  0  28  0  0  0  1  0  
0  199929  3  0  0  76266  0  566847  0  4452  0  198  0  605  0  0  0  1917  91  411104  0  0  98  351959  0  33727  0  209  0  5203  1  99226  11  114374  0  65  0  3  0  0  0  0  0  0  0  6  0  0  0  2  0  0  0  0  0  0  0  11499  0  669  0  6  0  102  0  6  0  134  0  19015  7  29495  1  22156  0  196  0  65  0  2  0  2  0  0  0  0  0  0  0  0  
0  0  56331  0  0  0  130973  0  204872  0  25  0  777  0  215219  0  8  0  0  0  21991  7  10567  0  170107  13  263522  13  16190  3  20099  1  5  0  0  0  4  0  121  0  86613  0  0  0  0  0  0  0  0  0  0  0  0  0  0  0  0  0  0  0  0  0  1  0  0  0  0  0  0  0  988  30  7305  51  99  0  1376  552  0  0  1  0  2537  0  0  0  7  0  0  0  
0  0  0  110876  0  0  0  11508  0  160131  0  78  0  2050  0  177619  0  0  0  0  1  23678  0  19332  2  132526  446  296986  0  32707  0  28720  0  5  0  0  0  7  0  2  0  49844  0  0  0  0  0  0  0  0  0  0  0  0  0  0  0  0  0  0  0  0  0  0  0  0  0  0  0  0  0  53419  0  54611  0  66  4  67  0  0  0  0  0  588  0  0  0  14  0  0  
536372  0  743876  0  57396  0  0  0  102612  0  44330  0  273023  0  10860  0  41  0  4610  0  3  0  25796  35  458  11  2  1  19790  0  51000  68  9974  0  1668  0  21  0  87  0  23  0  3  0  19  0  6  0  8  0  80  0  0  0  17  0  1993  0  183  0  596  0  917  0  552  0  211  0  50  0  1748  255  44979  0  310  0  369  0  3  0  13  0  0  0  13  0  0  0  0  0  
0  458153  0  544131  0  7455  0  0  0  190608  0  30335  0  309912  0  15863  0  601  0  2563  0  0  0  41  0  2  0  621  0  15881  1  66148  19  39344  0  6  0  1  0  0  0  0  0  0  0  2  0  0  0  5  0  1  0  0  0  0  0  3647  0  490  0  2  0  88  0  4  0  76  0  3  1  38708  0  40803  0  233  0  10  0  0  0  1  0  0  0  0  0  0  0  0  
0  0  1756  0  145022  0  215900  0  0  0  1  0  21538  0  259483  0  0  0  0  0  0  0  46  0  66  0  18  0  15  0  89  0  0  0  0  0  0  0  0  0  0  0  0  0  0  0  0  0  0  0  0  0  0  0  0  0  0  0  0  0  0  0  0  0  0  0  0  0  0  0  0  0  2  0  0  0  0  1  0  0  0  0  0  0  0  0  0  0  0  0  
0  0  0  5073  0  154247  0  228832  0  0  0  430  0  25948  0  213572  0  0  0  0  0  0  0  6  0  47  0  3468  0  884  0  1531  0  105  0  0  0  0  0  0  0  0  0  0  0  0  0  0  0  0  0  0  0  0  0  0  0  0  0  0  0  0  0  0  0  0  0  0  0  0  0  13502  0  46792  0  1  0  0  0  0  0  0  0  1  0  0  0  0  0  0  
246976  0  10421  0  80  0  62041  0  73  0  0  0  263927  0  4657  0  191403  0  61  0  0  0  932  6  0  6  0  0  190512  0  3242  8  307  0  182  0  36  0  105  0  11  0  3  0  19  0  1  0  6  0  62  0  3  0  7  0  9813  0  39  0  1436  0  1462  0  167  0  56  0  6  0  223  17  18744  1  89  0  44  0  7  0  486  0  2126  0  31  0  1  0  0  0  
0  143492  0  2482  0  71  0  61931  0  454  0  0  0  310206  0  695  0  179537  0  344  0  0  0  0  0  0  0  0  0  110801  0  80  1  3120  1  103  0  29  0  1  0  0  0  0  0  59  0  0  0  73  0  19  0  0  0  0  0  12983  0  2277  0  54  0  1356  0  58  0  362  0  2  0  856  0  4278  0  134  0  5  0  40  0  2182  0  1142  0  10  0  0  0  0  
18392  0  8577  0  1668  0  291805  0  16037  0  270795  0  0  0  125890  0  403  0  1  0  0  0  2249  52  163  20  0  0  87384  0  27147  87  50  0  4  0  0  0  2  0  1  0  0  0  0  0  0  0  1  0  3  0  0  0  0  0  221  0  2  0  85  0  140  0  10  0  13  0  0  0  2  11  850  0  6  0  1  0  1  0  10  0  839  0  2  0  0  0  0  0  
0  621  0  3588  0  2456  0  309666  0  8713  0  326581  0  0  0  110888  0  48  0  31  0  0  0  0  0  0  0  106  0  85045  0  487  3  785  0  0  0  0  0  0  0  0  0  0  0  0  0  0  0  0  0  0  0  0  0  0  0  10  0  1  0  0  0  0  0  0  0  0  0  0  0  3431  0  10679  0  6  0  0  0  0  0  56  0  285  0  0  0  0  0  0  
0  3  864  0  208404  0  20625  0  234426  0  7757  0  135341  0  0  0  1077  1  0  0  7399  3  1509  0  11573  0  6239  1  191991  16  15206  0  0  1  0  0  1  0  62  0  19877  0  0  0  0  0  0  0  0  0  0  0  0  0  0  0  0  3  0  0  0  0  0  0  0  0  0  0  0  0  10  37  7117  90  587  0  2958  759  0  0  7  0  26256  0  3  0  252  0  1  0  
0  0  0  32  0  205327  0  39375  0  202662  0  720  0  128695  0  0  0  2  0  0  0  1346  0  0  0  0  0  16732  0  231894  0  52  0  7  0  0  0  10  0  9  0  4560  0  0  0  0  0  0  0  0  0  0  0  0  0  0  0  0  0  0  0  0  0  0  0  0  0  0  0  0  0  1616  0  19753  0  6  0  10  0  0  0  52  0  6753  0  1  0  28  0  0  
199205  0  93  0  10  0  642  0  0  0  197346  0  161  0  1277  0  0  0  5  0  0  0  5  0  1  0  1  0  169261  0  24  0  170  0  317  0  351  0  727  0  4274  0  109  0  186  0  65  0  49  0  1283  0  48  0  192  0  325803  0  509  0  3721  0  57768  0  3376  0  574  0  13  0  2999  1  31082  0  8866  0  270  0  20404  0  23977  0  4857  0  417  0  2  0  2  0  
0  112768  0  3641  0  0  0  1050  0  0  0  206808  0  43  0  3  0  0  0  209  0  0  0  0  0  0  0  0  0  122997  0  0  0  2641  0  476  0  307  0  2  0  0  0  0  0  523  0  0  0  506  0  89  0  1  0  0  0  257013  0  14899  0  1204  0  58665  0  271  0  4385  0  2  0  296  0  11520  0  140  2  22  0  12730  0  7789  0  63  0  61  0  0  0  0  
30798  0  367362  18  5  0  2300  0  0  0  65  0  20  0  0  0  0  0  0  85774  0  0  241162  302  0  0  0  0  26  0  23563  354  288195  1898  376  0  0  0  0  0  8  0  0  0  1  0  0  0  3  0  5  0  1  0  0  0  538  0  192  0  20  0  13  0  9  0  72  4  123232  56  213  177  4598  0  48  0  73  0  0  0  0  0  0  0  0  0  0  0  0  0  
112  91889  1563  518941  0  0  1  3504  0  0  0  11  0  17  0  0  0  186  71927  0  0  0  27150  165227  0  0  0  0  0  154  11178  9342  14235  262428  0  36  0  3  0  0  0  0  0  0  0  4  0  0  0  0  0  0  0  0  0  0  0  9722  0  81  0  0  0  3  0  1  1  58  222  197829  3  498  3  1611  0  9  0  11  0  0  0  0  0  0  0  0  0  0  0  0  
0  1  1  0  26096  13  10  0  7  0  0  0  0  0  3096  0  1  1  0  0  0  1780  0  0  16508  185  183445  583  4221  2  32337  153  1  1  0  0  4431  81  1  0  125075  5  0  0  0  0  1  0  0  0  0  0  0  0  0  0  0  2  0  0  0  0  0  0  0  0  0  0  0  0  39319  158  17996  161  829  2  5126  1751  0  0  0  0  180  0  0  0  0  0  0  0  
0  0  0  0  0  22019  0  0  0  0  0  0  0  0  0  319  0  0  0  0  670  0  0  0  874  17532  1376  110850  2  7105  106  10899  0  0  0  0  37  4833  4  0  5  124197  0  0  0  0  4  0  0  0  0  0  0  0  2  0  0  0  0  0  0  0  0  0  0  0  0  0  0  0  101  15407  3  7882  4  9515  391  3202  0  0  0  0  0  32  0  0  0  3  0  0  
78  0  598356  98  17100  0  13508  0  15  0  799  0  1362  0  2082  0  1  0  208458  42562  11  0  0  82694  148188  1609  116  3  4639  0  215445  12838  48477  4389  4  0  0  0  0  0  3  0  0  0  0  0  0  0  0  0  0  0  0  0  0  0  2  0  4  0  17  0  34  0  2  0  1  0  1  0  25  1253  11938  0  3  0  10  1  0  0  0  0  0  0  0  0  0  0  0  0  
1  0  760  495068  0  11066  131  87  0  27  26  0  56  0  0  0  0  0  2761  166699  0  0  95754  0  979  100384  4  10  86  0  2850  150250  11  98233  0  0  0  0  0  0  0  0  0  0  0  0  0  0  0  0  0  0  0  0  0  0  0  0  0  0  0  0  0  0  0  0  0  0  0  0  5  197  2608  288  0  0  0  0  0  0  0  0  0  0  0  0  0  0  0  0  
0  0  6346  2  152574  2  315  0  26  0  2  0  105  0  3500  0  0  0  0  0  13001  1434  127527  8043  0  22012  169259  2242  2518  0  87587  2353  2  0  0  0  0  0  0  0  136  0  0  0  0  0  0  0  0  0  0  0  0  0  0  0  0  0  0  0  0  0  0  0  0  0  0  0  0  0  17202  59  12206  0  12  0  45  1  0  0  0  0  0  0  0  0  0  0  0  0  
0  0  0  82938  30  157708  3  2  2  181  1  0  0  0  0  0  0  0  0  0  243  21411  642  94888  10502  0  3139  300187  1  1  2153  132619  1  0  0  0  0  0  0  0  0  0  0  0  0  0  0  0  0  0  0  0  0  0  0  0  0  0  0  0  0  0  0  0  0  0  0  0  0  0  15  2131  230  200  0  1  0  0  0  0  0  0  0  0  0  0  0  0  0  0  
0  2  2  0  318883  45  15  0  65  0  0  0  0  0  6719  0  1  1  0  0  174681  855  4  13  202820  2621  0  28753  6814  4  3648  67  0  0  0  0  12  0  5  0  51604  0  0  0  0  0  0  0  0  0  0  0  0  0  0  0  0  1  0  0  0  0  0  0  0  0  0  0  0  0  3405  36  11976  86  180  1  2548  925  0  0  0  0  1438  0  0  0  1  0  0  0  
0  0  0  3710  33  266258  0  215  1  1405  0  3  0  113  0  6308  0  0  0  0  230  103411  0  32  2055  281203  40898  0  0  13674  318  10171  1  0  0  0  0  79  5  0  1  52017  0  0  0  0  2  0  0  0  0  0  0  0  1  0  0  0  0  0  0  0  0  0  0  0  0  0  0  0  10  20699  8  7568  0  350  352  3392  0  0  0  0  0  35  0  0  0  7  0  0  
6490  3  21112  0  5673  0  16298  0  52  0  121964  0  104716  0  163606  0  107198  0  62  0  421  3  3706  82  7654  31  243  0  0  2702  48379  196  240  0  181  0  25476  0  822  0  46203  0  96  0  122  0  57  0  22  0  1025  0  41  0  392  0  14827  1  119  0  3299  0  10567  0  2788  0  396  0  3  0  771  36  547345  64  20355  3  17261  526  78204  0  144837  0  122588  0  5559  0  20958  0  7984  0  
0  12629  0  6224  28  28016  0  37328  0  12310  0  102420  0  58976  123  207152  0  143497  0  488  10  1997  0  1  0  0  6  12181  6221  0  0  180  10  4382  22  408  0  384  0  1005  385  28230  0  0  0  137  0  0  0  107  0  19  0  0  0  226  0  42389  0  2009  0  195  0  1774  0  22  0  655  0  5  0  2606  8  687073  3  9845  810  74554  0  74578  0  125316  1690  147460  0  500  0  45142  0  2562  
449  0  67175  2  15291  1  29372  13  41  0  1086  0  4024  4  5939  0  10  0  5873  2478  28408  276  236189  11992  90349  1084  6118  187  16722  0  0  25118  126547  788  9426  0  0  0  1  0  247  0  2  0  36  0  0  0  23  0  16  0  1  0  0  0  728  0  712  0  300  0  79  0  172  0  558  0  55  0  119370  45781  142437  2  599  0  2250  4  0  0  0  0  0  0  0  0  0  0  0  0  
6  0  579  171132  2  53135  574  64116  1  1268  73  12  175  158  0  1  0  0  563  6420  734  10249  24701  189718  2658  130440  387  41481  264  36  35482  0  13544  189220  7  0  0  0  0  0  0  3  0  0  1  0  0  0  0  0  0  0  0  0  0  0  1  0  0  0  0  0  3  0  0  0  0  0  0  0  1292  213082  13294  7724  14  12  0  14  0  0  0  0  0  0  0  0  0  0  0  0  
92217  2  71770  2  6  0  8054  10  0  0  355  0  109  2  1  0  162  0  238096  8143  0  0  44159  0  1  0  0  0  446  6  148014  3047  0  40048  128292  8342  15  4  58  0  470  0  64  0  413  0  17  0  797  0  897  0  3  0  24  0  71430  3  19304  1  1599  0  746  0  1411  0  117960  7353  181150  1844  36115  5261  22856  234  5780  1  4379  51  23  41  16  0  0  0  53  0  1  0  1  0  
1  130447  2  187839  0  7  0  12961  0  14  0  60  0  420  0  0  0  3709  1094  301752  0  1  12464  75148  0  0  0  0  1  1509  6197  193833  117323  0  548  81916  0  535  0  0  0  0  0  0  0  707  0  0  0  323  0  29  0  0  0  0  0  25208  0  14484  0  52  0  858  1  35  24  104924  1762  124814  4194  104947  7  33893  6  87  78  254  0  63  0  45  0  1  0  47  0  0  0  0  
1198  1  193  0  1  0  4  0  0  0  4  0  0  0  1  0  46  6  264  1  0  0  0  0  0  0  0  0  78  26  1300  0  142041  551  0  9119  92  78  14  0  427  0  23  0  1809  3  6  0  635  1  259  0  5  0  4  0  5602  2  50527  5  5575  0  242  10  1152  1  187625  3255  750  217  25880  124  618  260  2959  0  24587  39  13  325  6  1  0  0  6  1  0  0  0  0  
0  1422  0  58  0  0  0  81  0  0  0  62  0  0  0  0  0  581  0  2  0  0  0  0  0  0  0  0  0  164  0  0  10058  96848  8601  0  0  11722  0  19  0  0  0  6  8  16076  1  6  0  2500  0  409  0  0  0  3  0  1156  0  6662  0  221  0  1697  0  393  6260  214801  7  125  1579  5717  0  4183  3  2  1798  587  0  946  0  436  0  0  0  348  0  0  0  0  
135  0  1  0  4  0  12  0  0  0  39  0  2  0  1  0  254  0  1  0  455  7  0  0  0  0  0  1  4815  0  5  0  15  0  543  0  0  41  10994  0  51930  9  1278  0  5532  0  436  0  8  0  1169  0  121  0  847  0  366  0  29  0  5204  0  8947  0  3316  0  15471  0  1  0  101  8  14335  1  186  0  34901  17  1101  0  12916  0  136  0  10737  0  2465  0  140  0  
0  250  0  4  0  2  0  3  0  0  0  8  0  0  0  1  0  1526  0  0  6  1935  0  0  0  0  0  4  0  159  0  0  0  444  4  2550  9  0  1  51089  14  41071  0  78  0  2935  0  132  0  8120  0  3349  0  1162  2  1474  0  1180  0  366  0  216  0  961  0  544  1  9907  0  0  0  9160  0  2446  0  460  251  23074  0  9044  0  7660  0  812  0  9346  0  2292  0  384  
57  0  1  0  51  0  2  0  0  0  27  0  0  0  9  0  43  0  0  0  5  31  0  0  0  0  2  4  525  1  0  0  0  0  5  0  20708  1  0  0  1499  9  884  0  4003  0  114471  1  12  0  14171  0  6168  0  354673  0  177  0  10  0  5740  0  5450  0  3253  0  32296  0  0  0  22  6  800  1  34  0  190  42  28  0  6272  0  44695  0  32989  0  28822  0  15809  0  
0  8  0  0  0  4  0  1  0  0  0  0  0  0  0  5  0  25  0  0  0  0  0  0  0  0  0  0  0  1759  0  0  0  4  0  15  0  66737  0  0  0  2815  0  667  0  3072  5  74322  0  3216  0  10686  0  44424  3  221333  0  51  0  47  0  105  0  210  0  288  0  14173  0  0  0  36  0  55  0  0  0  753  0  539  0  9860  0  83477  0  39612  0  29485  0  73441  
15  0  2  0  31001  0  4  0  1  0  5  0  0  0  8325  0  44  1  1  0  29776  10  4  0  310  0  18294  4  105952  7  301  0  0  1  1  0  102092  90  1773  0  0  1  6  0  9  0  9  0  0  0  38  0  2  0  454  0  39  0  3  0  280  0  347  0  197  0  16  0  0  0  10  25  14629  46  425  0  30864  527  292  0  3676  0  28329  0  1327  0  38715  0  671  0  
0  0  0  0  0  31547  0  0  0  0  0  0  0  0  0  2377  0  0  0  0  1  67782  0  0  0  0  0  18573  0  74513  0  0  0  0  1  0  1  96058  0  5299  0  0  0  0  0  0  0  0  0  5  0  0  0  0  3  357  0  0  0  0  0  0  0  0  0  3  0  0  0  0  0  13985  0  1100  0  12965  19  11861  0  347  0  1709  0  14136  0  95  0  13400  0  656  
7  0  5  0  0  0  0  0  0  0  0  0  0  0  0  0  18  0  0  0  0  0  0  0  0  0  0  0  67  0  0  0  1  0  6  3  272  1  1429  0  34  0  0  20501  433623  1172  387952  3496  248751  6  225230  0  71332  60  22424  0  32  0  45  0  111  0  448  0  3371  0  1189  52  0  0  26  0  130  0  44  0  646  0  27  0  69  0  0  0  1732  0  0  0  0  0  
0  0  0  0  0  0  0  0  0  0  0  0  0  0  0  0  0  0  0  0  0  0  0  0  0  0  0  0  0  0  0  0  0  0  0  3  0  176  0  83  0  0  6384  0  7587  443399  597  299334  2  196982  1  66773  149  110228  59  11910  0  8  0  2  0  6  0  19  0  10  61  18242  0  0  0  0  0  0  0  0  1  2  0  3  0  39  0  0  0  39  0  0  0  3  
112  0  80  0  0  0  5  0  0  0  10  0  0  0  3  0  130  0  3  0  0  0  0  0  0  0  0  0  112  0  6  0  81  0  1848  27  4818  1  2550  0  1673  0  516977  4768  0  21236  61225  174  549163  0  79442  0  15954  0  12128  0  456  0  15226  0  1118  0  2232  0  2033  0  424795  1488  8  0  568  0  500  0  474  0  34503  4  40  0  79  0  0  0  655  0  0  0  1  0  
0  200  0  2  0  0  0  14  0  0  0  15  0  0  0  0  0  1040  0  0  0  0  0  0  0  0  0  0  0  14  0  0  0  1677  3  15814  0  8199  0  1128  0  0  450  360200  13827  0  17  59268  0  497249  0  88180  0  5128  0  10996  0  927  5  31686  0  678  0  921  0  1031  3743  451899  0  0  0  69  0  620  0  1  6  18  0  179  0  1241  0  4  0  1613  0  0  0  74  
4  0  4  0  0  1  1  0  0  0  0  0  0  0  0  0  5  0  0  0  4  49  0  0  0  0  1  3  11  2  0  0  0  0  1  1  615  1  132833  3  3  19  283553  403  48650  11  0  2212  352  0  66429  0  88926  106  191877  16  7  0  7  0  99  0  111  0  1609  0  80908  84  0  0  4  81  46  3  8  0  199  150  1  0  88  0  0  0  1295  0  0  0  0  0  
0  0  0  0  0  0  0  0  0  0  0  0  0  0  0  0  0  1  0  0  0  0  0  0  0  0  0  0  0  0  0  0  0  0  1  9  0  784  2  92822  0  0  1544  275486  415  72636  2122  0  0  257  0  65279  44  84441  170  142764  0  0  0  0  0  4  0  1  0  2  213  108886  0  0  0  1  0  0  0  0  14  84  0  1  0  34  0  0  0  168  0  0  0  109  
316  0  203  0  0  0  1  0  0  0  6  0  0  0  0  0  53  0  5  0  0  0  0  0  0  0  0  0  78  0  0  0  111  0  359  0  12  0  16  0  69  0  263162  5  580923  15  1650  2  0  0  384066  0  1364  0  392  0  375  0  126664  0  82756  0  741  0  5964  0  45774  65  6  0  36  0  266  0  349  0  74  0  41  0  32  0  0  0  1920  0  0  0  0  0  
0  181  0  7  0  0  0  27  0  0  0  21  0  0  0  0  0  1107  0  1  0  0  0  0  0  0  0  0  0  54  0  0  0  393  0  898  0  1193  0  131  0  3  3  215729  2  476914  0  167  0  0  0  352976  0  16153  0  90  0  1518  0  167226  0  8122  0  2527  0  48231  0  33014  0  0  0  13  0  418  0  0  0  39  0  1035  0  2877  0  10  0  5123  0  1  0  1  
440  0  215  0  0  0  2  0  0  0  7  0  0  0  0  0  74  0  13  0  0  0  0  0  0  0  0  0  184  0  2  0  76  0  103  0  366  0  1940  0  56  0  282134  0  71684  1  45508  0  371164  0  0  0  311252  0  40646  0  847  0  7666  0  99189  0  1703  0  279051  0  13984  0  9  0  54  0  490  0  448  0  114  0  63  0  5212  0  2  0  405405  0  6  0  73622  0  
0  46  0  2  0  0  0  9  0  0  0  8  0  0  0  0  0  411  0  0  0  0  0  0  0  0  0  0  0  27  0  0  0  84  0  151  0  4756  0  8107  0  5  0  71249  0  71213  0  21549  0  441437  0  0  0  233163  0  18418  0  408  0  12373  0  6144  0  1795  0  262202  0  3895  0  0  0  8  0  157  0  0  0  41  0  1651  0  9701  0  152  0  251646  0  3  0  56914  
2  0  1  0  0  0  0  0  0  0  0  0  0  0  0  0  1  0  0  0  0  0  0  0  0  0  0  0  1  0  0  0  0  0  0  0  52  0  6065  0  0  0  54820  1  149  0  75281  5  2012  0  346304  0  0  11  149337  0  1  0  0  0  9  0  10  0  291  0  48  0  0  0  0  0  5  0  2  0  3  1  0  0  25  0  0  0  19056  0  0  0  106426  0  
0  0  0  0  0  0  0  0  0  0  0  0  0  0  0  0  0  0  0  0  0  0  0  0  0  0  0  0  0  0  0  0  0  0  0  0  0  987  0  17664  0  0  57  108690  0  7720  40  75516  0  15153  0  315845  116  0  105  137505  0  0  0  0  0  3  0  4  0  10  1  636  0  0  0  0  0  0  0  0  0  0  0  52  0  699  0  8  0  15671  0  4  0  136812  
10  0  0  0  0  0  0  0  0  0  1  0  0  0  0  0  18  0  1  0  0  19  0  0  0  0  0  4  346  0  0  0  0  0  4  0  4855  2  321069  0  149  4  3744  0  783  0  184344  50  78  0  44576  0  136441  45  0  2  30  0  7  0  269  0  286  0  2735  0  261  2  0  0  15  15  118  1  25  0  472  24  10  0  1334  0  374  0  53984  0  21945  0  315873  0  
0  0  0  0  0  0  0  0  0  0  0  0  0  0  0  0  0  0  0  0  0  0  0  0  0  0  0  0  0  26  0  0  0  0  0  1  0  4071  0  289686  0  469  0  15660  0  23130  3  176398  0  250  0  23727  0  131871  4  0  0  3  0  4  0  5  0  5  0  14  1  6253  0  0  0  4  0  1  0  0  0  24  0  8  0  1421  0  582  0  51441  0  18315  0  268272  
528102  0  9683  0  2  0  1128  0  0  0  10917  0  124  0  8  0  294906  0  4076  1  0  0  14  0  2  0  0  0  7866  0  246  0  32661  0  6731  0  546  0  2136  0  1465  0  160  0  579  0  83  0  446  0  6423  0  68  0  444  0  0  0  210412  0  168183  0  210403  0  20761  0  62292  16  284253  5  4116  8  44533  0  31222  0  1353  0  7035  0  4516  0  40  0  473  0  1  0  2  0  
0  491034  0  2503  0  1  0  2823  0  0  0  5905  0  28  0  0  0  201715  1  2315  0  0  0  0  0  0  0  0  0  7248  0  0  0  17739  0  894  0  946  0  7  0  2  0  1  0  1626  0  0  0  1774  0  438  0  0  0  0  0  0  0  246875  0  159323  0  285509  0  2294  0  64918  20  139825  2  797  0  113949  0  225  6  525  0  2349  0  11917  0  0  0  188  0  0  0  0  
1681  0  412  0  0  0  6  0  0  0  8  0  0  0  3  0  171  0  174  0  0  0  0  0  2  0  0  0  152  0  88  0  16568  0  55329  0  7  0  13  0  882  0  148  0  34923  5  60  0  178621  0  10687  0  16  0  20  0  185808  0  0  0  244501  0  760  0  65990  0  525979  103  28871  0  744  1  916  0  6040  0  727  0  24  0  11  0  0  0  50  0  0  0  0  0  
0  9230  0  354  0  0  0  1339  0  0  0  530  0  8  0  0  0  3801  0  113  0  0  0  0  0  0  0  0  0  282  0  0  0  4912  0  2820  0  861  0  69  0  1  0  10  0  23744  0  3  0  136490  0  9007  0  3  0  7  0  214992  0  0  0  166171  0  16693  0  208283  2  619094  0  5103  0  105  0  3428  0  31  1  26  0  1043  0  4017  0  5  0  4397  0  0  0  0  
3117  0  220  0  0  0  208  0  0  0  1087  0  7  0  2  0  764  0  61  0  0  0  2  0  1  0  0  0  816  0  22  0  1329  0  1034  0  645  0  1751  0  163  0  420  0  2986  0  174  0  58910  0  104479  0  71  0  330  0  220190  0  240182  0  0  0  193982  0  413435  0  28508  0  459  0  451  1  3016  0  3050  0  526  0  53  0  5481  0  2  0  3400  0  14  0  12  0  
0  2355  0  66  0  0  0  302  0  0  0  51  0  0  0  0  0  1702  0  1  0  0  0  0  0  0  0  0  0  181  0  0  0  78  0  89  0  43  0  6  0  0  0  1  0  741  0  0  0  4032  0  1959  0  3  0  0  0  121841  0  102897  0  0  0  181963  0  367525  0  410  0  0  0  9  0  478  0  2  1  7  0  117  0  306  0  1  0  369  0  0  0  0  
2046  0  40  0  9  0  258  0  0  0  1030  0  18  0  37  0  43408  0  4  0  0  0  2  0  6  0  0  0  9688  0  22  0  80  0  203  0  4094  0  1795  0  7399  0  1111  0  1692  0  556  0  275  0  1706  0  133  0  400  0  197732  0  983  0  214645  0  0  0  63712  0  5891  0  8  0  950  0  57386  0  9610  0  1204  0  39919  0  269764  0  3  0  11177  0  33  0  19  0  
0  3546  0  177  0  0  0  560  0  0  0  2485  0  5  0  0  0  59951  0  18  0  0  0  0  0  0  0  0  0  4016  0  0  0  1442  0  1434  0  1659  0  44  0  27  0  0  0  1716  0  1  0  2951  0  785  0  79  0  7  0  271330  0  27817  0  156150  0  0  0  170842  1  6348  0  2  0  30  0  743  0  19  3  339  0  74030  0  236687  0  35  0  5824  0  1  0  0  
374  0  27  0  1  0  21  0  0  0  83  0  0  0  1  0  343  0  7  0  0  0  0  0  0  0  0  0  877  0  2  0  57  0  99  0  745  0  3149  0  65  0  3051  0  299  0  1562  0  16407  0  178601  0  855  0  2739  0  7265  0  95110  0  332757  0  116883  0  0  0  3387  0  11  0  180  0  2439  0  852  0  71  0  74  0  36725  0  5  0  165637  0  28  0  21  0  
0  482  0  26  0  0  0  99  0  0  0  50  0  1  0  0  0  962  0  1  0  0  0  0  0  0  0  0  0  52  0  0  0  215  0  376  0  372  0  96  0  2  0  3  0  5325  0  0  0  46988  0  225890  0  10  0  5  0  4030  0  131634  0  352646  0  108635  0  0  0  1181  0  1  0  5  0  344  0  6  0  50  0  1507  0  80536  0  5  0  190202  0  1  0  0  
970  0  1240  0  2  0  46  0  0  0  114  0  0  0  2  0  1019  2  111  0  0  0  0  0  1  0  0  0  689  0  107  0  111053  6  173588  3219  7146  7  38260  0  1766  0  6228  198  404286  5883  96528  50  56206  0  14716  0  1067  1  693  0  45928  0  374583  1  13213  0  17117  0  7634  0  0  69678  196348  922  1541  1  2130  0  3259  0  66576  5  323  9  197  0  0  0  499  0  2  0  0  0  
0  8036  0  109  0  0  0  93  0  0  0  59  0  1  0  0  0  3424  2  338  0  1  0  0  0  0  0  0  0  226  0  0  2086  91195  1019  205938  0  35949  1  9183  0  2  24  1677  2449  405439  283  96702  0  94593  0  11365  0  1355  23  8036  16  60575  12  444848  0  869  0  2535  0  1332  79101  0  2516  172852  0  193  0  3502  0  3  1791  8523  0  2168  0  2584  0  3  0  3878  0  1  0  16  
256068  13  211431  2  0  0  311  0  0  0  7  0  0  0  0  0  7  0  173364  580  0  0  1  0  0  0  0  0  19  0  65  0  175442  2844  577  18  1  0  1  0  4  0  1  0  8  0  0  0  28  0  72  0  0  0  0  0  226355  53  40107  1  134  0  17  0  125  0  153507  7617  0  10873  66  1  222  0  299  0  43  0  2  0  0  0  0  0  0  0  0  0  0  0  
8  225737  6  17167  0  0  0  0  0  0  0  0  0  0  0  0  0  11  181  158325  0  0  0  0  0  0  0  0  0  20  0  0  2172  172206  181  18  0  3  0  0  0  0  0  0  0  0  0  0  0  0  0  0  0  0  0  0  9  235198  0  11905  0  3  0  0  0  0  164  151053  4829  0  0  69  0  442  0  3  0  1  0  0  0  0  0  0  0  0  0  0  0  0  
1457  12  161  0  138  0  106  0  0  0  9  0  1  0  1  0  16  6  92  1  8138  21  11  0  1098  1  951  4  106  3  27400  57  2846  107  4413  59  6  1  32  0  506  1  3  0  47  1  0  0  38  0  55  0  2  0  8  0  1242  17  1134  0  749  0  239  0  219  0  500  4  10  0  0  41552  155276  1506  46836  4  6423  2742  8  2  9  0  0  0  19  0  0  0  0  0  
14  5406  20  4258  1  10499  18  10757  0  5948  1  18  0  629  0  2  0  170  9  87  42  253  61  6  21  127  7  2728  26  480  1477  16166  382  12587  28  1813  2  2257  0  0  1  610  0  0  0  41  0  0  0  4  0  1  0  0  0  0  3  766  5  46  0  0  2  8  2  0  0  53  0  7  35235  0  9753  102889  144  41652  1361  7495  0  4  0  2  0  0  0  1  0  0  0  0  
5076  0  2482  0  7891  0  2480  0  15  0  512  0  16  0  1689  0  907  0  280  0  7353  14  255  13  3352  4  1940  0  110610  1  8243  35  910  0  201  0  3602  0  393  0  10661  0  64  0  23  0  28  0  4  0  529  0  19  0  122  0  4649  0  67  0  932  0  3063  0  1234  0  119  0  15  0  119979  995  0  16  78028  0  14611  117  5298  0  956  0  71  0  276  0  15  0  1  0  
0  8318  0  3039  0  6334  0  9714  0  5025  0  109  0  824  0  1887  0  1022  0  121  1  954  0  1  0  2  0  6347  0  154384  1  140  6  1487  8  132  0  116  0  5  0  1707  0  0  0  17  0  0  0  2  0  0  0  0  0  0  0  7656  0  266  0  8  0  31  0  1  0  62  0  3  44  103270  1  0  6  77077  1482  29202  0  121  0  3335  0  45  0  4  0  56  1  9  
243  15  19  0  596  0  15  0  1  0  1  0  0  0  1722  0  69  0  4  0  360  81  5  0  358  0  134  6  13230  2  359  1  41  4  35  2  18  2  22  0  6985  1  7  0  5  1  7  0  12  0  56  0  1  0  8  0  1089  16  103  2  132  0  416  0  328  0  43  0  4  0  109941  447  174769  688  0  1  98768  3331  192  0  5  0  18  0  16  0  0  0  0  0  
0  269  0  211  0  159  0  140  0  0  0  2  0  2  0  1  0  57  0  10  1  4083  0  0  0  0  0  607  1  41405  0  2  0  65  0  0  0  5018  0  6  1  31049  0  0  0  0  0  0  0  0  0  0  0  0  0  0  0  199  0  14  0  0  0  8  0  0  0  3  0  0  15  155045  0  171906  4  0  19  48179  0  1  0  81  0  10  0  4  0  136  0  19  
70  33  2  0  88  1  4  0  1  0  7  0  0  0  240  0  63  13  6  0  270  1251  0  0  43  0  65  210  8157  264  51  0  319  17  9617  223  24377  208  48  0  23594  27  139  0  2036  1  95  2  20  0  113  0  10  0  41  0  840  53  338  3  433  1  694  17  601  0  10925  245  1  0  24044  1573  18698  6235  67988  9  0  51445  485  1195  495  0  5  0  134  0  0  0  0  0  
0  477  0  21  1  6  0  27  0  0  0  1  0  0  8  1  0  66  0  1  12  1898  0  0  1  0  3  1594  106  11079  0  0  29  94  3  126  9  36465  7  109  7  8274  0  0  0  7  20  13  0  14  0  9  2  0  9  6  0  428  0  19  0  2  0  36  0  5  2  352  0  0  1657  49597  9  40034  345  17587  50081  0  0  14299  0  4886  1  59  0  29  0  242  0  20  
70  0  2  0  5  0  8  0  0  0  21  0  0  0  41  0  13342  0  2  0  0  0  0  0  10  0  0  0  99098  0  13  0  2  0  6  0  2572  0  33  0  8142  0  53  0  44  0  24  0  12  0  138  0  7  0  16  0  10837  0  29  0  609  0  40914  0  533  0  185  0  0  0  27  0  78050  0  6681  0  1870  0  0  0  289064  0  2  0  6820  0  7  0  4  0  
0  117  0  8  0  0  0  41  0  0  0  84  0  0  0  0  0  15922  0  1  0  0  0  0  0  0  0  0  0  68020  0  0  18  521  39  634  0  3269  0  54  0  652  0  0  0  254  0  0  0  733  0  185  0  9  0  3  0  3616  0  2049  0  113  0  44045  0  646  0  987  0  0  2  14  0  9042  0  0  995  32665  0  0  0  274126  0  383  0  11483  0  25  0  2  
143  0  1  0  0  0  24  0  0  0  413  0  8  0  28  0  52310  0  0  0  0  0  1  0  0  0  0  0  192579  0  2  0  3  0  5  0  27442  0  3730  0  1705  0  120  0  30  0  58  0  30  0  1196  0  36  0  657  0  8629  0  36  0  14511  0  328968  0  37555  0  307  0  0  0  63  0  33351  0  168  0  1003  0  313052  0  0  0  314352  0  835496  0  7213  0  8221  0  
0  195  0  17  0  0  0  54  0  0  0  3884  0  61  0  93  0  7588  0  3  0  0  0  0  0  0  0  0  0  146009  0  0  0  208  2  661  0  12179  0  15879  0  4313  0  93  0  1617  0  48  0  23167  0  6672  0  978  0  3053  0  13515  0  2446  0  603  0  312199  0  114062  0  1000  0  0  0  8  0  8028  0  4  19  29499  0  293756  0  0  0  286137  0  623222  0  7828  0  1522  
2  0  0  0  711  0  0  0  0  0  2135  0  3403  0  7040  0  5881  0  0  0  44  1  0  0  0  0  403  1  181056  107  0  0  0  0  0  0  854  0  47770  0  53431  0  0  0  0  0  0  0  0  0  4  0  0  0  513  0  11  0  0  0  28  0  32  0  36  0  1  0  0  0  1  8  100  2  9  0  364  54  60  0  176418  0  0  0  167404  0  257010  0  20486  0  
0  3  0  0  0  374  0  1  0  0  0  313  0  74  0  2942  0  20  0  0  0  27  0  0  0  0  0  12  0  174409  0  0  0  1  0  1  0  800  0  79317  0  17633  0  10  0  34  0  3  0  3190  0  447  0  9  0  1521  0  21  0  10  0  41  0  209  0  234  0  8  0  0  0  3  0  2641  0  74  1  507  0  259  0  219882  0  0  0  40345  0  277418  0  7736  
54  0  6  0  0  0  5  0  0  0  22  0  0  0  0  0  96  0  0  0  0  0  0  0  0  0  0  0  7605  0  0  0  1  0  4  0  10398  0  20237  0  335  0  4167  0  463  0  2133  0  774  0  514416  0  15262  0  28988  0  182  0  217  0  6164  0  12248  0  238700  0  4281  0  0  0  23  0  1067  0  187  0  36  0  13712  0  739842  0  139566  0  0  0  79565  0  546105  0  
0  94  0  6  0  2  0  23  0  0  0  21  0  1  0  0  0  402  0  1  0  0  0  0  0  0  0  0  0  189  0  0  0  124  0  304  0  27285  0  59090  0  335  0  244  0  5925  0  129  0  21280  0  246663  0  21003  0  50247  0  560  0  1360  0  1497  0  12516  0  176112  0  2037  0  0  0  4  0  182  0  1  2  471  0  24847  0  585181  0  34257  0  0  0  152504  0  432618  
0  0  0  0  33  0  0  0  0  0  0  0  0  0  42  0  0  0  0  0  1  0  0  0  0  0  1  0  8801  0  0  0  0  0  0  0  931  0  25361  0  13669  0  0  0  0  0  0  0  0  0  3  0  0  0  21332  0  0  0  0  0  32  0  30  0  22  0  0  0  0  0  0  0  3  0  0  0  0  0  2  0  729  0  227670  0  94051  0  0  0  41798  0  
0  2  0  0  0  94  0  0  0  0  0  0  0  0  0  78  0  1  0  0  0  10  0  0  0  0  0  2  0  12973  0  0  0  0  0  0  0  245  0  48877  0  12871  0  2  0  8  0  0  0  510  0  105  0  0  0  21128  0  2  0  4  0  3  0  21  0  22  0  6  0  0  0  0  0  63  0  2  0  181  0  20  0  3591  0  250392  0  78424  0  0  0  39297  
0  0  0  0  0  0  1  0  0  0  0  0  0  0  1  0  0  0  0  0  0  0  0  0  0  0  0  0  6296  0  0  0  0  0  0  0  562  0  13004  0  176  0  2  0  3  0  6  0  0  0  55167  0  112326  0  333544  0  1  0  0  0  38  0  23  0  72  0  8  0  0  0  0  0  2  0  1  0  1  1  2  0  1035  0  16951  0  437519  0  40886  0  0  0  
0  1  0  0  0  3  0  0  0  0  0  0  0  0  0  0  0  4  0  0  0  0  0  0  0  0  0  0  0  321  0  0  0  0  0  0  0  3552  0  82954  0  604  0  8  0  50  0  9  0  720  0  46644  0  150940  0  339506  0  13  0  9  0  19  0  54  0  68  0  25  0  0  0  0  0  15  0  0  0  25  0  20  0  1838  0  4345  0  453689  0  48806  0  0  
