10 213 220
220 214 10
10 213 221
219 214 10
47 254 43
46 254 44
43 254 47
42 254 48
249 87 25
25 89 250
250 91 25
25 85 249
5 228 196
3 239 164
8 248 126
237 245 237
50 254 50
237 245 237
126 248 8
164 240 3
196 228 5
8 219 212
237 245 237
3 232 186
2 238 167
2 244 144
6 248 121
12 252 98
237 245 237
237 245 237
8 219 212
237 245 237
3 231 187
2 237 169
2 243 147
5 248 124
10 251 101
237 245 237
237 245 237
237 245 237
237 245 237
25 160 252
27 137 254
237 245 237
237 245 237
237 245 237
24 81 247
24 83 248
237 245 237
237 245 237
25 159 253
27 135 254
237 245 237
237 245 237
237 245 237
23 77 247
24 79 248
212 219 8
237 245 237
187 231 3
168 237 2
147 243 2
123 247 5
100 251 10
237 245 237
237 245 237
212 219 8
237 245 237
185 232 4
166 238 2
144 244 3
120 248 6
97 251 12
237 245 237
237 245 237
237 245 237
237 245 237
253 159 25
254 135 28
237 245 237
237 245 237
237 245 237
247 78 24
248 80 24
237 245 237
237 245 237
252 160 25
254 137 28
237 245 237
237 245 237
237 245 237
247 82 24
248 84 25
5 228 197
3 239 165
8 248 127
237 245 237
49 254 51
237 245 237
125 248 8
163 240 3
195 228 5
8 218 213
237 245 237
4 231 187
2 238 168
2 244 146
5 248 122
12 251 99
237 245 237
237 245 237
8 218 213
237 245 237
3 230 188
2 237 170
2 243 148
5 247 125
10 251 102
237 245 237
237 245 237
237 245 237
237 245 237
25 159 252
27 136 254
237 245 237
237 245 237
237 245 237
24 80 247
24 82 248
237 245 237
237 245 237
25 157 253
27 134 254
237 245 237
237 245 237
237 245 237
23 76 247
24 78 248
211 219 8
237 245 237
186 231 3
167 237 2
146 243 2
122 248 5
99 251 11
237 245 237
237 245 237
211 220 8
237 245 237
184 232 3
165 238 2
143 244 3
119 248 6
96 251 13
237 245 237
237 245 237
237 245 237
237 245 237
253 160 25
254 137 28
237 245 237
237 245 237
237 245 237
247 79 24
248 80 24
237 245 237
237 245 237
252 162 25
254 139 28
237 245 237
237 245 237
237 245 237
247 83 24
248 84 25
47 254 43
48 254 43
49 254 43
237 245 237
237 245 237
237 245 237
48 254 44
47 254 44
46 254 44
72 253 23
237 245 237
237 245 237
237 245 237
237 245 237
233 193 16
237 245 237
237 245 237
237 245 237
27 254 68
237 245 237
237 245 237
237 245 237
237 245 237
14 194 233
237 245 237
237 245 237
237 245 237
71 253 24
237 245 237
237 245 237
237 245 237
237 245 237
233 193 16
237 245 237
237 245 237
237 245 237
26 253 69
237 245 237
237 245 237
237 245 237
237 245 237
15 194 234
237 245 237
237 245 237
237 245 237
43 254 47
43 254 48
43 254 49
237 245 237
237 245 237
237 245 237
42 254 50
42 254 49
42 254 49
68 253 27
237 245 237
237 245 237
237 245 237
237 245 237
233 195 15
237 245 237
237 245 237
237 245 237
23 253 72
237 245 237
237 245 237
237 245 237
237 245 237
16 192 234
237 245 237
237 245 237
237 245 237
67 254 28
237 245 237
237 245 237
237 245 237
237 245 237
233 195 14
237 245 237
237 245 237
237 245 237
23 253 73
237 245 237
237 245 237
237 245 237
237 245 237
16 192 234
237 245 237
237 245 237
237 245 237
242 58 19
231 30 11
221 5 2
237 245 237
237 245 237
237 245 237
220 7 4
231 33 13
242 62 21
20 61 242
13 32 232
4 6 221
237 245 237
237 245 237
237 245 237
2 3 221
11 28 232
19 57 242
237 245 237
237 245 237
237 245 237
3 243 149
7 247 129
237 245 237
237 245 237
237 245 237
237 245 237
35 253 67
237 245 237
237 245 237
237 245 237
50 254 49
68 253 34
20 253 80
33 254 63
49 254 47
237 245 237
237 245 237
237 245 237
237 245 237
237 245 237
65 254 31
237 245 237
237 245 237
130 247 6
237 245 237
237 245 237
237 245 237
83 253 19
237 245 237
237 245 237
151 242 3
237 245 237
237 245 237
13 206 228
18 190 240
10 214 217
23 171 248
15 201 231
237 245 237
26 152 252
19 185 241
237 245 237
237 245 237
237 245 237
23 169 247
237 245 237
237 245 237
1 239 161
237 245 237
25 156 251
18 188 238
237 245 237
2 233 176
3 245 136
237 245 237
26 146 253
20 178 243
11 206 222
237 245 237
1 241 150
7 249 111
237 245 237
26 141 254
21 172 247
13 199 229
237 245 237
237 245 237
237 245 237
237 245 237
237 245 237
237 245 237
237 245 237
237 245 237
237 245 237
237 245 237
8 212 214
8 210 217
8 210 217
8 212 213
237 245 237
2 228 185
3 227 186
3 228 185
237 245 237
237 245 237
2 241 147
2 240 149
2 240 149
2 241 146
237 245 237
237 245 237
237 245 237
10 248 109
10 248 110
10 248 109
237 245 237
237 245 237
26 253 70
26 253 72
237 245 237
237 245 237
237 245 237
237 245 237
26 253 71
26 253 69
74 253 22
76 253 21
237 245 237
237 245 237
237 245 237
237 245 237
237 245 237
114 248 6
150 241 0
237 245 237
237 245 237
114 248 6
152 240 0
187 228 2
214 212 8
237 245 237
113 248 6
152 240 0
188 227 2
217 210 9
237 245 237
75 253 22
237 245 237
149 241 0
186 228 2
217 210 9
237 245 237
237 245 237
73 253 23
237 245 237
237 245 237
237 245 237
214 212 8
237 245 237
237 245 237
237 245 237
237 245 237
237 245 237
114 249 6
237 245 237
153 240 1
138 244 2
237 245 237
237 245 237
178 232 2
163 238 1
229 197 15
223 204 13
237 245 237
237 245 237
237 245 237
247 169 23
243 176 22
238 186 19
237 245 237
237 245 237
237 245 237
253 138 27
253 143 27
251 153 26
248 167 24
242 183 20
232 199 15
218 213 10
237 245 237
237 245 237
237 245 237
237 245 237
253 149 27
249 169 24
241 189 19
228 205 13
239 51 17
228 22 9
237 245 237
237 245 237
237 245 237
237 245 237
237 245 237
221 7 3
237 245 237
237 245 237
237 245 237
218 1 1
229 26 10
241 61 20
237 245 237
237 245 237
221 8 4
229 27 10
240 57 19
250 92 26
237 245 237
228 26 10
237 245 237
237 245 237
241 63 20
250 93 26
237 245 237
237 245 237
239 54 19
237 245 237
237 245 237
237 245 237
237 245 237
237 245 237
237 245 237
237 245 237
239 51 17
237 245 237
228 23 9
237 245 237
237 245 237
237 245 237
237 245 237
237 245 237
221 8 3
237 245 237
237 245 237
242 63 20
229 28 10
218 2 1
237 245 237
237 245 237
250 94 26
240 59 19
229 29 11
221 10 4
237 245 237
237 245 237
237 245 237
250 95 26
242 65 21
237 245 237
237 245 237
228 26 10
237 245 237
237 245 237
237 245 237
237 245 237
237 245 237
237 245 237
237 245 237
239 55 19
237 245 237
113 249 6
237 245 237
137 244 2
151 241 1
237 245 237
162 238 1
177 233 2
237 245 237
237 245 237
237 245 237
237 245 237
237 245 237
222 205 12
229 198 15
237 245 237
237 245 237
237 245 237
238 187 19
243 177 22
246 170 23
218 214 10
232 200 15
242 184 20
248 168 24
251 154 26
252 144 27
253 139 27
228 206 13
241 190 19
249 171 24
253 151 27
237 245 237
237 245 237
237 245 237
237 245 237
237 245 237
237 245 237
237 245 237
20 253 81
237 245 237
82 253 19
237 245 237
32 254 64
64 254 31
237 245 237
237 245 237
237 245 237
48 254 47
237 245 237
237 245 237
3 243 150
237 245 237
237 245 237
237 245 237
237 245 237
150 242 3
237 245 237
7 247 130
237 245 237
49 254 50
237 245 237
129 247 6
237 245 237
237 245 237
237 245 237
237 245 237
34 254 69
67 253 35
237 245 237
237 245 237
237 245 237
237 245 237
237 245 237
237 245 237
3 242 152
6 247 132
237 245 237
237 245 237
237 245 237
237 245 237
34 254 69
237 245 237
237 245 237
237 245 237
48 254 51
66 253 36
18 253 84
30 254 67
46 254 50
237 245 237
237 245 237
237 245 237
237 245 237
237 245 237
62 254 33
237 245 237
237 245 237
128 247 7
237 245 237
237 245 237
237 245 237
79 253 21
237 245 237
237 245 237
148 243 3
237 245 237
237 245 237
237 245 237
237 245 237
109 249 8
237 245 237
149 241 1
134 245 3
237 245 237
237 245 237
175 234 2
159 239 1
228 200 13
221 207 11
237 245 237
237 245 237
237 245 237
246 173 21
243 180 20
237 189 18
237 245 237
237 245 237
237 245 237
254 142 26
253 147 26
251 157 25
247 171 23
241 186 19
230 202 15
216 215 10
237 245 237
237 245 237
237 245 237
237 245 237
252 153 26
248 173 23
240 191 18
227 207 13
68 253 27
70 253 27
237 245 237
237 245 237
237 245 237
237 245 237
237 245 237
107 248 11
145 241 3
237 245 237
237 245 237
108 248 10
147 240 2
183 228 3
213 213 8
237 245 237
108 248 10
148 240 2
185 228 3
216 211 8
237 245 237
71 253 26
237 245 237
145 241 2
184 228 2
216 211 8
237 245 237
237 245 237
69 253 26
237 245 237
237 245 237
237 245 237
213 213 8
237 245 237
237 245 237
237 245 237
22 253 76
237 245 237
21 253 78
237 245 237
237 245 237
237 245 237
237 245 237
0 240 151
5 248 115
237 245 237
8 211 215
2 227 188
0 240 154
5 248 116
237 245 237
237 245 237
9 209 218
2 227 189
0 240 153
6 248 115
237 245 237
237 245 237
237 245 237
9 209 218
2 228 188
0 241 151
237 245 237
21 253 77
237 245 237
237 245 237
237 245 237
8 211 215
237 245 237
237 245 237
237 245 237
22 253 74
237 245 237
237 245 237
27 137 253
237 245 237
27 143 252
23 169 246
237 245 237
26 153 251
21 176 243
14 197 229
26 149 253
24 167 248
19 186 238
12 204 223
237 245 237
23 169 249
20 183 242
237 245 237
237 245 237
237 245 237
237 245 237
18 189 241
15 199 232
237 245 237
237 245 237
2 232 178
1 240 153
237 245 237
13 205 229
10 213 219
237 245 237
237 245 237
1 238 163
2 244 139
6 249 114
237 245 237
237 245 237
237 245 237
237 245 237
237 245 237
6 247 131
3 242 151
34 253 68
237 245 237
237 245 237
237 245 237
67 254 35
49 254 50
237 245 237
237 245 237
237 245 237
237 245 237
237 245 237
237 245 237
46 254 49
30 254 66
18 253 83
237 245 237
129 247 7
237 245 237
237 245 237
63 254 33
237 245 237
237 245 237
237 245 237
237 245 237
149 243 3
237 245 237
237 245 237
80 253 21
237 245 237
237 245 237
237 245 237
111 249 7
237 245 237
135 245 3
150 241 1
237 245 237
160 239 2
176 233 2
237 245 237
237 245 237
237 245 237
237 245 237
237 245 237
222 206 11
229 199 13
237 245 237
237 245 237
237 245 237
238 188 18
243 179 20
247 172 22
217 214 10
231 201 15
241 185 20
247 169 23
251 156 25
253 146 26
254 142 26
228 206 13
240 190 18
248 171 23
252 152 27
237 245 237
237 245 237
237 245 237
237 245 237
18 53 239
237 245 237
10 25 229
237 245 237
237 245 237
237 245 237
237 245 237
237 245 237
4 8 221
237 245 237
237 245 237
20 63 242
11 27 229
1 1 219
237 245 237
237 245 237
26 93 250
19 57 240
10 27 229
3 7 222
237 245 237
237 245 237
237 245 237
25 92 250
20 62 242
237 245 237
237 245 237
9 22 229
237 245 237
237 245 237
237 245 237
237 245 237
237 245 237
237 245 237
237 245 237
17 49 239
18 53 239
10 24 228
237 245 237
237 245 237
237 245 237
237 245 237
237 245 237
4 7 221
237 245 237
237 245 237
237 245 237
1 0 218
10 26 229
20 61 241
237 245 237
237 245 237
3 5 221
10 25 229
19 55 240
25 91 249
237 245 237
9 21 229
237 245 237
237 245 237
20 60 241
25 90 250
237 245 237
237 245 237
17 49 239
237 245 237
237 245 237
237 245 237
237 245 237
237 245 237
237 245 237
237 245 237
237 245 237
237 245 237
26 140 254
237 245 237
26 145 253
21 171 247
237 245 237
25 154 251
20 177 244
13 198 230
26 150 252
23 168 248
18 187 238
11 205 223
237 245 237
23 170 249
20 184 242
237 245 237
237 245 237
237 245 237
237 245 237
18 189 241
15 200 232
237 245 237
237 245 237
2 233 177
1 241 151
237 245 237
13 205 228
10 214 218
237 245 237
237 245 237
1 239 162
2 245 137
7 249 112
237 245 237
237 245 237
6 249 115
237 245 237
2 244 140
1 240 154
237 245 237
1 238 164
2 232 179
237 245 237
237 245 237
237 245 237
237 245 237
237 245 237
13 203 223
15 196 230
237 245 237
237 245 237
237 245 237
19 185 239
22 175 244
23 168 247
10 212 219
15 198 233
20 182 242
24 165 248
26 151 251
27 141 253
27 137 253
13 205 229
19 188 241
23 168 249
27 148 253
237 245 237
237 245 237
237 245 237
237 245 237
